Результаты всех фильтров 62поколения созданных на основе 61 -го для канала №=1
#Поколения фильтра;ID Фильтра;ID Отца;ID Матери;Среднее значение фильтра;Норма фильтра;Состояние:;Имя файла;Состояние:;Имя файла;Среднее значение свертки основного;Среднее значение свертки дополнительного;МАХ свертки основного;Точка Max основного;Max свертки дополнительного;Точка Max дополнительного;Среднее значение разницы сверток;Мах разница сверток;Точка в которой мах разница сверток;ABS(ABS(МАКС) -ABS(МАКС));
62;61004;50007;57006;-2.019733E-09;0.9999999;ОС-1:;состояние1_k-1.sig;1 дополнительное:;состояние2_k-21.sig;0.2823531;0.008320448;1.266165;351;0.7874475;778;0.8331006;2.040902;373;0.4787177
62;61004;50007;57006;-2.019733E-09;0.9999999;ОС-1:;состояние1_k-1.sig;1 дополнительное:;состояние2_k-22.sig;0.2823531;0.005566698;1.266165;351;0.4423613;235;0.7618763;1.707817;349;0.823804
62;61004;50007;57006;-2.019733E-09;0.9999999;ОС-1:;состояние1_k-1.sig;1 дополнительное:;состояние2_k-23.sig;0.2823531;0.0005916594;1.266165;351;0.1989884;129;0.7324154;1.457703;368;1.067177
62;61004;50007;57006;-2.019733E-09;0.9999999;ОС-1:;состояние1_k-1.sig;1 дополнительное:;состояние2_k-24.sig;0.2823531;-0.0009416744;1.266165;351;0.1025291;110;0.725639;1.365206;340;1.163636
62;61004;50007;57006;-2.019733E-09;0.9999999;ОС-1:;состояние1_k-1.sig;1 дополнительное:;состояние2_k-25.sig;0.2823531;0;1.266165;351;0.1441921;15;0.7296116;1.409913;355;1.121973
62;61004;50007;57006;-2.019733E-09;0.9999999;ОС-1:;состояние1_k-1.sig;1 дополнительное:;состояние2_k-26.sig;0.2823531;0.0004082247;1.266165;351;0.1694977;430;0.7299712;1.428586;334;1.096668
62;61004;50007;57006;-2.019733E-09;0.9999999;ОС-1:;состояние1_k-1.sig;1 дополнительное:;состояние2_k-27.sig;0.2823531;-0.0002947038;1.266165;351;0.1540025;445;0.7282209;1.419782;352;1.112163
62;61004;50007;57006;-2.019733E-09;0.9999999;ОС-1:;состояние1_k-1.sig;1 дополнительное:;состояние2_k-28.sig;0.2823531;-0.0007118082;1.266165;351;0.1076778;102;0.7264517;1.366804;334;1.158487
62;61004;50007;57006;-2.019733E-09;0.9999999;ОС-1:;состояние1_k-1.sig;1 дополнительное:;состояние2_k-29.sig;0.2823531;-0.0002828311;1.266165;351;0.04401521;541;0.7261477;1.310093;351;1.22215
62;61004;50007;57006;-2.019733E-09;0.9999999;ОС-1:;состояние1_k-1.sig;1 дополнительное:;состояние2_k-30.sig;0.2823531;0;1.266165;351;0.02527528;3;0.7253913;1.291318;353;1.24089
62;61004;50007;57006;-2.019733E-09;0.9999999;ОС-1:;состояние1_k-1.sig;1 дополнительное:;состояние2_k-31.sig;0.2823531;-0.000645906;1.266165;351;0.08681892;352;0.7267966;1.347512;336;1.179346
62;61004;50007;57006;-2.019733E-09;0.9999999;ОС-1:;состояние1_k-1.sig;1 дополнительное:;состояние2_k-32.sig;0.2823531;-0.001560721;1.266165;351;0.1336279;55;0.7263309;1.399656;352;1.132537
62;61004;50007;57006;-2.019733E-09;0.9999999;ОС-1:;состояние1_k-1.sig;1 дополнительное:;состояние2_k-33.sig;0.2823531;-0.001611808;1.266165;351;0.159817;685;0.7278723;1.420339;337;1.106348
62;61004;50007;57006;-2.019733E-09;0.9999999;ОС-1:;состояние1_k-1.sig;1 дополнительное:;состояние2_k-34.sig;0.2823531;-0.000756165;1.266165;351;0.1626448;425;0.7286754;1.427903;351;1.103521
62;61004;50007;57006;-2.019733E-09;0.9999999;ОС-1:;состояние1_k-1.sig;1 дополнительное:;состояние2_k-35.sig;0.2823531;0;1.266165;351;0.1423197;37;0.7284611;1.403747;337;1.123846
62;61004;50007;57006;-2.019733E-09;0.9999999;ОС-1:;состояние1_k-1.sig;1 дополнительное:;состояние2_k-36.sig;0.2823531;1.195067E-05;1.266165;351;0.1017052;226;0.7267751;1.36787;351;1.16446
62;61004;50007;57006;-2.019733E-09;0.9999999;ОС-1:;состояние1_k-1.sig;1 дополнительное:;состояние2_k-37.sig;0.2823531;-0.0002631727;1.266165;351;0.04737647;620;0.7243181;1.309729;363;1.218789
62;61004;50007;57006;-2.019733E-09;0.9999999;ОС-1:;состояние1_k-1.sig;1 дополнительное:;состояние2_k-38.sig;0.2823531;-0.000119956;1.266165;351;0.03554858;197;0.7252861;1.299719;342;1.230617
62;61004;50007;57006;-2.019733E-09;0.9999999;ОС-1:;состояние1_k-1.sig;1 дополнительное:;состояние2_k-39.sig;0.2823531;0.0002600859;1.266165;351;0.1019118;699;0.7268519;1.367876;353;1.164253
62;61004;50007;57006;-2.019733E-09;0.9999999;ОС-1:;состояние1_k-1.sig;1 дополнительное:;состояние2_k-40.sig;0.2823531;-1.899898E-09;1.266165;351;0.1696417;2;0.7298607;1.433966;340;1.096524
62;61004;50007;57006;-2.019733E-09;0.9999999;ОС-1:;состояние1_k-2.sig;1 дополнительное:;состояние2_k-21.sig;0.3853567;0.008320448;2.488847;101;0.7874475;778;1.605412;3.274428;349;1.701399
62;61004;50007;57006;-2.019733E-09;0.9999999;ОС-1:;состояние1_k-2.sig;1 дополнительное:;состояние2_k-22.sig;0.3853567;0.005566698;2.488847;101;0.4423613;235;1.595341;2.851367;120;2.046485
62;61004;50007;57006;-2.019733E-09;0.9999999;ОС-1:;состояние1_k-2.sig;1 дополнительное:;состояние2_k-23.sig;0.3853567;0.0005916594;2.488847;101;0.1989884;129;1.575531;2.684321;347;2.289858
62;61004;50007;57006;-2.019733E-09;0.9999999;ОС-1:;состояние1_k-2.sig;1 дополнительное:;состояние2_k-24.sig;0.3853567;-0.0009416744;2.488847;101;0.1025291;110;1.575557;2.576672;359;2.386318
62;61004;50007;57006;-2.019733E-09;0.9999999;ОС-1:;состояние1_k-2.sig;1 дополнительное:;состояние2_k-25.sig;0.3853567;0;2.488847;101;0.1441921;15;1.572263;2.6265;595;2.344655
62;61004;50007;57006;-2.019733E-09;0.9999999;ОС-1:;состояние1_k-2.sig;1 дополнительное:;состояние2_k-26.sig;0.3853567;0.0004082247;2.488847;101;0.1694977;430;1.578826;2.657366;103;2.319349
62;61004;50007;57006;-2.019733E-09;0.9999999;ОС-1:;состояние1_k-2.sig;1 дополнительное:;состояние2_k-27.sig;0.3853567;-0.0002947038;2.488847;101;0.1540025;445;1.572587;2.632205;94;2.334844
62;61004;50007;57006;-2.019733E-09;0.9999999;ОС-1:;состояние1_k-2.sig;1 дополнительное:;состояние2_k-28.sig;0.3853567;-0.0007118082;2.488847;101;0.1076778;102;1.574707;2.596238;352;2.381169
62;61004;50007;57006;-2.019733E-09;0.9999999;ОС-1:;состояние1_k-2.sig;1 дополнительное:;состояние2_k-29.sig;0.3853567;-0.0002828311;2.488847;101;0.04401521;541;1.574144;2.522681;594;2.444832
62;61004;50007;57006;-2.019733E-09;0.9999999;ОС-1:;состояние1_k-2.sig;1 дополнительное:;состояние2_k-30.sig;0.3853567;0;2.488847;101;0.02527528;3;1.574085;2.486004;91;2.463572
62;61004;50007;57006;-2.019733E-09;0.9999999;ОС-1:;состояние1_k-2.sig;1 дополнительное:;состояние2_k-31.sig;0.3853567;-0.000645906;2.488847;101;0.08681892;352;1.572829;2.575379;352;2.402028
62;61004;50007;57006;-2.019733E-09;0.9999999;ОС-1:;состояние1_k-2.sig;1 дополнительное:;состояние2_k-32.sig;0.3853567;-0.001560721;2.488847;101;0.1336279;55;1.574952;2.622087;102;2.355219
62;61004;50007;57006;-2.019733E-09;0.9999999;ОС-1:;состояние1_k-2.sig;1 дополнительное:;состояние2_k-33.sig;0.3853567;-0.001611808;2.488847;101;0.159817;685;1.575494;2.647929;352;2.32903
62;61004;50007;57006;-2.019733E-09;0.9999999;ОС-1:;состояние1_k-2.sig;1 дополнительное:;состояние2_k-34.sig;0.3853567;-0.000756165;2.488847;101;0.1626448;425;1.567344;2.61415;87;2.326202
62;61004;50007;57006;-2.019733E-09;0.9999999;ОС-1:;состояние1_k-2.sig;1 дополнительное:;состояние2_k-35.sig;0.3853567;0;2.488847;101;0.1423197;37;1.574334;2.630834;351;2.346527
62;61004;50007;57006;-2.019733E-09;0.9999999;ОС-1:;состояние1_k-2.sig;1 дополнительное:;состояние2_k-36.sig;0.3853567;1.195067E-05;2.488847;101;0.1017052;226;1.573578;2.590552;101;2.387141
62;61004;50007;57006;-2.019733E-09;0.9999999;ОС-1:;состояние1_k-2.sig;1 дополнительное:;состояние2_k-37.sig;0.3853567;-0.0002631727;2.488847;101;0.04737647;620;1.572971;2.536028;350;2.44147
62;61004;50007;57006;-2.019733E-09;0.9999999;ОС-1:;состояние1_k-2.sig;1 дополнительное:;состояние2_k-38.sig;0.3853567;-0.000119956;2.488847;101;0.03554858;197;1.572768;2.521558;104;2.453298
62;61004;50007;57006;-2.019733E-09;0.9999999;ОС-1:;состояние1_k-2.sig;1 дополнительное:;состояние2_k-39.sig;0.3853567;0.0002600859;2.488847;101;0.1019118;699;1.574291;2.586974;97;2.386935
62;61004;50007;57006;-2.019733E-09;0.9999999;ОС-1:;состояние1_k-2.sig;1 дополнительное:;состояние2_k-40.sig;0.3853567;-1.899898E-09;2.488847;101;0.1696417;2;1.574986;2.658202;352;2.319205
62;61004;50007;57006;-2.019733E-09;0.9999999;ОС-1:;состояние1_k-3.sig;1 дополнительное:;состояние2_k-21.sig;0.2776765;0.008320448;3.626683;684;0.7874475;778;2.357172;4.120362;38;2.839236
62;61004;50007;57006;-2.019733E-09;0.9999999;ОС-1:;состояние1_k-3.sig;1 дополнительное:;состояние2_k-22.sig;0.2776765;0.005566698;3.626683;684;0.4423613;235;2.289307;4.066401;349;3.184322
62;61004;50007;57006;-2.019733E-09;0.9999999;ОС-1:;состояние1_k-3.sig;1 дополнительное:;состояние2_k-23.sig;0.2776765;0.0005916594;3.626683;684;0.1989884;129;2.289926;3.821231;20;3.427695
62;61004;50007;57006;-2.019733E-09;0.9999999;ОС-1:;состояние1_k-3.sig;1 дополнительное:;состояние2_k-24.sig;0.2776765;-0.0009416744;3.626683;684;0.1025291;110;2.28906;3.693313;190;3.524154
62;61004;50007;57006;-2.019733E-09;0.9999999;ОС-1:;состояние1_k-3.sig;1 дополнительное:;состояние2_k-25.sig;0.2776765;0;3.626683;684;0.1441921;15;2.286316;3.763643;354;3.482491
62;61004;50007;57006;-2.019733E-09;0.9999999;ОС-1:;состояние1_k-3.sig;1 дополнительное:;состояние2_k-26.sig;0.2776765;0.0004082247;3.626683;684;0.1694977;430;2.284571;3.787742;681;3.457185
62;61004;50007;57006;-2.019733E-09;0.9999999;ОС-1:;состояние1_k-3.sig;1 дополнительное:;состояние2_k-27.sig;0.2776765;-0.0002947038;3.626683;684;0.1540025;445;2.297231;3.779369;352;3.472681
62;61004;50007;57006;-2.019733E-09;0.9999999;ОС-1:;состояние1_k-3.sig;1 дополнительное:;состояние2_k-28.sig;0.2776765;-0.0007118082;3.626683;684;0.1076778;102;2.286488;3.723832;14;3.519005
62;61004;50007;57006;-2.019733E-09;0.9999999;ОС-1:;состояние1_k-3.sig;1 дополнительное:;состояние2_k-29.sig;0.2776765;-0.0002828311;3.626683;684;0.04401521;541;2.2869;3.670583;351;3.582668
62;61004;50007;57006;-2.019733E-09;0.9999999;ОС-1:;состояние1_k-3.sig;1 дополнительное:;состояние2_k-30.sig;0.2776765;0;3.626683;684;0.02527528;3;2.286872;3.650722;685;3.601408
62;61004;50007;57006;-2.019733E-09;0.9999999;ОС-1:;состояние1_k-3.sig;1 дополнительное:;состояние2_k-31.sig;0.2776765;-0.000645906;3.626683;684;0.08681892;352;2.286709;3.70511;14;3.539864
62;61004;50007;57006;-2.019733E-09;0.9999999;ОС-1:;состояние1_k-3.sig;1 дополнительное:;состояние2_k-32.sig;0.2776765;-0.001560721;3.626683;684;0.1336279;55;2.286599;3.759243;352;3.493055
62;61004;50007;57006;-2.019733E-09;0.9999999;ОС-1:;состояние1_k-3.sig;1 дополнительное:;состояние2_k-33.sig;0.2776765;-0.001611808;3.626683;684;0.159817;685;2.296129;3.676471;172;3.466866
62;61004;50007;57006;-2.019733E-09;0.9999999;ОС-1:;состояние1_k-3.sig;1 дополнительное:;состояние2_k-34.sig;0.2776765;-0.000756165;3.626683;684;0.1626448;425;2.285403;3.788392;351;3.464038
62;61004;50007;57006;-2.019733E-09;0.9999999;ОС-1:;состояние1_k-3.sig;1 дополнительное:;состояние2_k-35.sig;0.2776765;0;3.626683;684;0.1423197;37;2.285113;3.75854;181;3.484363
62;61004;50007;57006;-2.019733E-09;0.9999999;ОС-1:;состояние1_k-3.sig;1 дополнительное:;состояние2_k-36.sig;0.2776765;1.195067E-05;3.626683;684;0.1017052;226;2.286845;3.72836;351;3.524978
62;61004;50007;57006;-2.019733E-09;0.9999999;ОС-1:;состояние1_k-3.sig;1 дополнительное:;состояние2_k-37.sig;0.2776765;-0.0002631727;3.626683;684;0.04737647;620;2.287232;3.668601;186;3.579307
62;61004;50007;57006;-2.019733E-09;0.9999999;ОС-1:;состояние1_k-3.sig;1 дополнительное:;состояние2_k-38.sig;0.2776765;-0.000119956;3.626683;684;0.03554858;197;2.286823;3.662205;684;3.591134
62;61004;50007;57006;-2.019733E-09;0.9999999;ОС-1:;состояние1_k-3.sig;1 дополнительное:;состояние2_k-39.sig;0.2776765;0.0002600859;3.626683;684;0.1019118;699;2.290831;3.726247;19;3.524771
62;61004;50007;57006;-2.019733E-09;0.9999999;ОС-1:;состояние1_k-3.sig;1 дополнительное:;состояние2_k-40.sig;0.2776765;-1.899898E-09;3.626683;684;0.1696417;2;2.285605;3.793565;15;3.457041
62;61004;50007;57006;-2.019733E-09;0.9999999;ОС-1:;состояние1_k-4.sig;1 дополнительное:;состояние2_k-21.sig;0.0920421;0.008320448;4.642279;226;0.7874475;778;2.912205;5.426711;350;3.854832
62;61004;50007;57006;-2.019733E-09;0.9999999;ОС-1:;состояние1_k-4.sig;1 дополнительное:;состояние2_k-22.sig;0.0920421;0.005566698;4.642279;226;0.4423613;235;2.889812;5.079523;99;4.199918
62;61004;50007;57006;-2.019733E-09;0.9999999;ОС-1:;состояние1_k-4.sig;1 дополнительное:;состояние2_k-23.sig;0.0920421;0.0005916594;4.642279;226;0.1989884;129;2.882507;4.824904;348;4.443291
62;61004;50007;57006;-2.019733E-09;0.9999999;ОС-1:;состояние1_k-4.sig;1 дополнительное:;состояние2_k-24.sig;0.0920421;-0.0009416744;4.642279;226;0.1025291;110;2.879846;4.689627;105;4.53975
62;61004;50007;57006;-2.019733E-09;0.9999999;ОС-1:;состояние1_k-4.sig;1 дополнительное:;состояние2_k-25.sig;0.0920421;0;4.642279;226;0.1441921;15;2.879628;4.785695;475;4.498087
62;61004;50007;57006;-2.019733E-09;0.9999999;ОС-1:;состояние1_k-4.sig;1 дополнительное:;состояние2_k-26.sig;0.0920421;0.0004082247;4.642279;226;0.1694977;430;2.880961;4.806988;352;4.472782
62;61004;50007;57006;-2.019733E-09;0.9999999;ОС-1:;состояние1_k-4.sig;1 дополнительное:;состояние2_k-27.sig;0.0920421;-0.0002947038;4.642279;226;0.1540025;445;2.883;4.788443;724;4.488276
62;61004;50007;57006;-2.019733E-09;0.9999999;ОС-1:;состояние1_k-4.sig;1 дополнительное:;состояние2_k-28.sig;0.0920421;-0.0007118082;4.642279;226;0.1076778;102;2.87089;4.74844;101;4.534601
62;61004;50007;57006;-2.019733E-09;0.9999999;ОС-1:;состояние1_k-4.sig;1 дополнительное:;состояние2_k-29.sig;0.0920421;-0.0002828311;4.642279;226;0.04401521;541;2.881966;4.674723;727;4.598264
62;61004;50007;57006;-2.019733E-09;0.9999999;ОС-1:;состояние1_k-4.sig;1 дополнительное:;состояние2_k-30.sig;0.0920421;0;4.642279;226;0.02527528;3;2.880541;4.665882;101;4.617004
62;61004;50007;57006;-2.019733E-09;0.9999999;ОС-1:;состояние1_k-4.sig;1 дополнительное:;состояние2_k-31.sig;0.0920421;-0.000645906;4.642279;226;0.08681892;352;2.880471;4.727405;351;4.55546
62;61004;50007;57006;-2.019733E-09;0.9999999;ОС-1:;состояние1_k-4.sig;1 дополнительное:;состояние2_k-32.sig;0.0920421;-0.001560721;4.642279;226;0.1336279;55;2.882088;4.774256;226;4.508651
62;61004;50007;57006;-2.019733E-09;0.9999999;ОС-1:;состояние1_k-4.sig;1 дополнительное:;состояние2_k-33.sig;0.0920421;-0.001611808;4.642279;226;0.159817;685;2.881975;4.800706;351;4.482462
62;61004;50007;57006;-2.019733E-09;0.9999999;ОС-1:;состояние1_k-4.sig;1 дополнительное:;состояние2_k-34.sig;0.0920421;-0.000756165;4.642279;226;0.1626448;425;2.881965;4.804017;101;4.479634
62;61004;50007;57006;-2.019733E-09;0.9999999;ОС-1:;состояние1_k-4.sig;1 дополнительное:;состояние2_k-35.sig;0.0920421;0;4.642279;226;0.1423197;37;2.881729;4.784266;351;4.499959
62;61004;50007;57006;-2.019733E-09;0.9999999;ОС-1:;состояние1_k-4.sig;1 дополнительное:;состояние2_k-36.sig;0.0920421;1.195067E-05;4.642279;226;0.1017052;226;2.872254;4.577589;93;4.540574
62;61004;50007;57006;-2.019733E-09;0.9999999;ОС-1:;состояние1_k-4.sig;1 дополнительное:;состояние2_k-37.sig;0.0920421;-0.0002631727;4.642279;226;0.04737647;620;2.881374;4.688792;350;4.594903
62;61004;50007;57006;-2.019733E-09;0.9999999;ОС-1:;состояние1_k-4.sig;1 дополнительное:;состояние2_k-38.sig;0.0920421;-0.000119956;4.642279;226;0.03554858;197;2.88059;4.674205;475;4.60673
62;61004;50007;57006;-2.019733E-09;0.9999999;ОС-1:;состояние1_k-4.sig;1 дополнительное:;состояние2_k-39.sig;0.0920421;0.0002600859;4.642279;226;0.1019118;699;2.879854;4.743005;225;4.540367
62;61004;50007;57006;-2.019733E-09;0.9999999;ОС-1:;состояние1_k-4.sig;1 дополнительное:;состояние2_k-40.sig;0.0920421;-1.899898E-09;4.642279;226;0.1696417;2;2.880996;4.809765;102;4.472638
62;61004;50007;57006;-2.019733E-09;0.9999999;ОС-1:;состояние1_k-5.sig;1 дополнительное:;состояние2_k-21.sig;0;0.008320448;5.504217;151;0.7874475;778;3.518324;6.268487;253;4.716769
62;61004;50007;57006;-2.019733E-09;0.9999999;ОС-1:;состояние1_k-5.sig;1 дополнительное:;состояние2_k-22.sig;0;0.005566698;5.504217;151;0.4423613;235;3.51263;5.937712;349;5.061855
62;61004;50007;57006;-2.019733E-09;0.9999999;ОС-1:;состояние1_k-5.sig;1 дополнительное:;состояние2_k-23.sig;0;0.0005916594;5.504217;151;0.1989884;129;3.5093;5.703082;151;5.305228
62;61004;50007;57006;-2.019733E-09;0.9999999;ОС-1:;состояние1_k-5.sig;1 дополнительное:;состояние2_k-24.sig;0;-0.0009416744;5.504217;151;0.1025291;110;3.50486;5.606052;651;5.401688
62;61004;50007;57006;-2.019733E-09;0.9999999;ОС-1:;состояние1_k-5.sig;1 дополнительное:;состояние2_k-25.sig;0;0;5.504217;151;0.1441921;15;3.519592;5.632309;52;5.360024
62;61004;50007;57006;-2.019733E-09;0.9999999;ОС-1:;состояние1_k-5.sig;1 дополнительное:;состояние2_k-26.sig;0;0.0004082247;5.504217;151;0.1694977;430;3.500177;5.638025;48;5.334719
62;61004;50007;57006;-2.019733E-09;0.9999999;ОС-1:;состояние1_k-5.sig;1 дополнительное:;состояние2_k-27.sig;0;-0.0002947038;5.504217;151;0.1540025;445;3.501777;5.653913;351;5.350214
62;61004;50007;57006;-2.019733E-09;0.9999999;ОС-1:;состояние1_k-5.sig;1 дополнительное:;состояние2_k-28.sig;0;-0.0007118082;5.504217;151;0.1076778;102;3.503458;5.606178;550;5.396539
62;61004;50007;57006;-2.019733E-09;0.9999999;ОС-1:;состояние1_k-5.sig;1 дополнительное:;состояние2_k-29.sig;0;-0.0002828311;5.504217;151;0.04401521;541;3.504139;5.548144;351;5.460201
62;61004;50007;57006;-2.019733E-09;0.9999999;ОС-1:;состояние1_k-5.sig;1 дополнительное:;состояние2_k-30.sig;0;0;5.504217;151;0.02527528;3;3.504223;5.52782;151;5.478941
62;61004;50007;57006;-2.019733E-09;0.9999999;ОС-1:;состояние1_k-5.sig;1 дополнительное:;состояние2_k-31.sig;0;-0.000645906;5.504217;151;0.08681892;352;3.50432;5.587233;450;5.417398
62;61004;50007;57006;-2.019733E-09;0.9999999;ОС-1:;состояние1_k-5.sig;1 дополнительное:;состояние2_k-32.sig;0;-0.001560721;5.504217;151;0.1336279;55;3.504297;5.636193;351;5.370589
62;61004;50007;57006;-2.019733E-09;0.9999999;ОС-1:;состояние1_k-5.sig;1 дополнительное:;состояние2_k-33.sig;0;-0.001611808;5.504217;151;0.159817;685;3.503624;5.656015;50;5.344399
62;61004;50007;57006;-2.019733E-09;0.9999999;ОС-1:;состояние1_k-5.sig;1 дополнительное:;состояние2_k-34.sig;0;-0.000756165;5.504217;151;0.1626448;425;3.502297;5.665954;351;5.341572
62;61004;50007;57006;-2.019733E-09;0.9999999;ОС-1:;состояние1_k-5.sig;1 дополнительное:;состояние2_k-35.sig;0;0;5.504217;151;0.1423197;37;3.516987;5.388704;45;5.361897
62;61004;50007;57006;-2.019733E-09;0.9999999;ОС-1:;состояние1_k-5.sig;1 дополнительное:;состояние2_k-36.sig;0;1.195067E-05;5.504217;151;0.1017052;226;3.502433;5.605922;351;5.402512
62;61004;50007;57006;-2.019733E-09;0.9999999;ОС-1:;состояние1_k-5.sig;1 дополнительное:;состояние2_k-37.sig;0;-0.0002631727;5.504217;151;0.04737647;620;3.503701;5.548956;51;5.45684
62;61004;50007;57006;-2.019733E-09;0.9999999;ОС-1:;состояние1_k-5.sig;1 дополнительное:;состояние2_k-38.sig;0;-0.000119956;5.504217;151;0.03554858;197;3.504562;5.538224;250;5.468668
62;61004;50007;57006;-2.019733E-09;0.9999999;ОС-1:;состояние1_k-5.sig;1 дополнительное:;состояние2_k-39.sig;0;0.0002600859;5.504217;151;0.1019118;699;3.504824;5.599953;352;5.402305
62;61004;50007;57006;-2.019733E-09;0.9999999;ОС-1:;состояние1_k-5.sig;1 дополнительное:;состояние2_k-40.sig;0;-1.899898E-09;5.504217;151;0.1696417;2;3.505484;5.669828;52;5.334575
62;61004;50007;57006;-2.019733E-09;0.9999999;ОС-1:;состояние1_k-6.sig;1 дополнительное:;состояние2_k-21.sig;0.06365926;0.008320448;6.188445;434;0.7874475;778;4.025648;6.971212;350;5.400998
62;61004;50007;57006;-2.019733E-09;0.9999999;ОС-1:;состояние1_k-6.sig;1 дополнительное:;состояние2_k-22.sig;0.06365926;0.005566698;6.188445;434;0.4423613;235;4.019821;6.566852;187;5.746084
62;61004;50007;57006;-2.019733E-09;0.9999999;ОС-1:;состояние1_k-6.sig;1 дополнительное:;состояние2_k-23.sig;0.06365926;0.0005916594;6.188445;434;0.1989884;129;4.01258;6.374872;518;5.989457
62;61004;50007;57006;-2.019733E-09;0.9999999;ОС-1:;состояние1_k-6.sig;1 дополнительное:;состояние2_k-24.sig;0.06365926;-0.0009416744;6.188445;434;0.1025291;110;4.011603;6.217152;19;6.085916
62;61004;50007;57006;-2.019733E-09;0.9999999;ОС-1:;состояние1_k-6.sig;1 дополнительное:;состояние2_k-25.sig;0.06365926;0;6.188445;434;0.1441921;15;4.01526;6.332118;434;6.044253
62;61004;50007;57006;-2.019733E-09;0.9999999;ОС-1:;состояние1_k-6.sig;1 дополнительное:;состояние2_k-26.sig;0.06365926;0.0004082247;6.188445;434;0.1694977;430;4.016492;6.348466;102;6.018948
62;61004;50007;57006;-2.019733E-09;0.9999999;ОС-1:;состояние1_k-6.sig;1 дополнительное:;состояние2_k-27.sig;0.06365926;-0.0002947038;6.188445;434;0.1540025;445;4.014013;6.338478;518;6.034442
62;61004;50007;57006;-2.019733E-09;0.9999999;ОС-1:;состояние1_k-6.sig;1 дополнительное:;состояние2_k-28.sig;0.06365926;-0.0007118082;6.188445;434;0.1076778;102;4.011293;6.294359;351;6.080767
62;61004;50007;57006;-2.019733E-09;0.9999999;ОС-1:;состояние1_k-6.sig;1 дополнительное:;состояние2_k-29.sig;0.06365926;-0.0002828311;6.188445;434;0.04401521;541;4.011991;6.229224;767;6.14443
62;61004;50007;57006;-2.019733E-09;0.9999999;ОС-1:;состояние1_k-6.sig;1 дополнительное:;состояние2_k-30.sig;0.06365926;0;6.188445;434;0.02527528;3;4.01116;6.165457;184;6.16317
62;61004;50007;57006;-2.019733E-09;0.9999999;ОС-1:;состояние1_k-6.sig;1 дополнительное:;состояние2_k-31.sig;0.06365926;-0.000645906;6.188445;434;0.08681892;352;4.017188;6.273324;351;6.101626
62;61004;50007;57006;-2.019733E-09;0.9999999;ОС-1:;состояние1_k-6.sig;1 дополнительное:;состояние2_k-32.sig;0.06365926;-0.001560721;6.188445;434;0.1336279;55;4.017343;6.320175;101;6.054817
62;61004;50007;57006;-2.019733E-09;0.9999999;ОС-1:;состояние1_k-6.sig;1 дополнительное:;состояние2_k-33.sig;0.06365926;-0.001611808;6.188445;434;0.159817;685;4.016189;6.346625;351;6.028628
62;61004;50007;57006;-2.019733E-09;0.9999999;ОС-1:;состояние1_k-6.sig;1 дополнительное:;состояние2_k-34.sig;0.06365926;-0.000756165;6.188445;434;0.1626448;425;4.01545;6.315227;16;6.0258
62;61004;50007;57006;-2.019733E-09;0.9999999;ОС-1:;состояние1_k-6.sig;1 дополнительное:;состояние2_k-35.sig;0.06365926;0;6.188445;434;0.1423197;37;4.015136;6.330186;351;6.046125
62;61004;50007;57006;-2.019733E-09;0.9999999;ОС-1:;состояние1_k-6.sig;1 дополнительное:;состояние2_k-36.sig;0.06365926;1.195067E-05;6.188445;434;0.1017052;226;4.015056;6.289916;434;6.08674
62;61004;50007;57006;-2.019733E-09;0.9999999;ОС-1:;состояние1_k-6.sig;1 дополнительное:;состояние2_k-37.sig;0.06365926;-0.0002631727;6.188445;434;0.04737647;620;4.014075;6.2338;768;6.141068
62;61004;50007;57006;-2.019733E-09;0.9999999;ОС-1:;состояние1_k-6.sig;1 дополнительное:;состояние2_k-38.sig;0.06365926;-0.000119956;6.188445;434;0.03554858;197;4.013783;6.209474;101;6.152896
62;61004;50007;57006;-2.019733E-09;0.9999999;ОС-1:;состояние1_k-6.sig;1 дополнительное:;состояние2_k-39.sig;0.06365926;0.0002600859;6.188445;434;0.1019118;699;4.015064;6.282513;185;6.086533
62;61004;50007;57006;-2.019733E-09;0.9999999;ОС-1:;состояние1_k-6.sig;1 дополнительное:;состояние2_k-40.sig;0.06365926;-1.899898E-09;6.188445;434;0.1696417;2;4.017409;6.351243;352;6.018804
62;61004;50007;57006;-2.019733E-09;0.9999999;ОС-1:;состояние1_k-7.sig;1 дополнительное:;состояние2_k-21.sig;0.1960082;0.008320448;6.67862;65;0.7874475;778;4.440464;6.005908;144;5.891172
62;61004;50007;57006;-2.019733E-09;0.9999999;ОС-1:;состояние1_k-7.sig;1 дополнительное:;состояние2_k-22.sig;0.1960082;0.005566698;6.67862;65;0.4423613;235;4.261549;7.117132;280;6.236259
62;61004;50007;57006;-2.019733E-09;0.9999999;ОС-1:;состояние1_k-7.sig;1 дополнительное:;состояние2_k-23.sig;0.1960082;0.0005916594;6.67862;65;0.1989884;129;4.270251;6.874623;65;6.479631
62;61004;50007;57006;-2.019733E-09;0.9999999;ОС-1:;состояние1_k-7.sig;1 дополнительное:;состояние2_k-24.sig;0.1960082;-0.0009416744;6.67862;65;0.1025291;110;4.276058;6.774855;279;6.576091
62;61004;50007;57006;-2.019733E-09;0.9999999;ОС-1:;состояние1_k-7.sig;1 дополнительное:;состояние2_k-25.sig;0.1960082;0;6.67862;65;0.1441921;15;4.277707;6.818457;136;6.534428
62;61004;50007;57006;-2.019733E-09;0.9999999;ОС-1:;состояние1_k-7.sig;1 дополнительное:;состояние2_k-26.sig;0.1960082;0.0004082247;6.67862;65;0.1694977;430;4.276517;6.847789;65;6.509122
62;61004;50007;57006;-2.019733E-09;0.9999999;ОС-1:;состояние1_k-7.sig;1 дополнительное:;состояние2_k-27.sig;0.1960082;-0.0002947038;6.67862;65;0.1540025;445;4.274601;6.82788;351;6.524617
62;61004;50007;57006;-2.019733E-09;0.9999999;ОС-1:;состояние1_k-7.sig;1 дополнительное:;состояние2_k-28.sig;0.1960082;-0.0007118082;6.67862;65;0.1076778;102;4.274087;6.784208;708;6.570942
62;61004;50007;57006;-2.019733E-09;0.9999999;ОС-1:;состояние1_k-7.sig;1 дополнительное:;состояние2_k-29.sig;0.1960082;-0.0002828311;6.67862;65;0.04401521;541;4.274213;6.722111;351;6.634604
62;61004;50007;57006;-2.019733E-09;0.9999999;ОС-1:;состояние1_k-7.sig;1 дополнительное:;состояние2_k-30.sig;0.1960082;0;6.67862;65;0.02527528;3;4.274611;6.702539;136;6.653345
62;61004;50007;57006;-2.019733E-09;0.9999999;ОС-1:;состояние1_k-7.sig;1 дополнительное:;состояние2_k-31.sig;0.1960082;-0.000645906;6.67862;65;0.08681892;352;4.274961;6.7632;208;6.591801
62;61004;50007;57006;-2.019733E-09;0.9999999;ОС-1:;состояние1_k-7.sig;1 дополнительное:;состояние2_k-32.sig;0.1960082;-0.001560721;6.67862;65;0.1336279;55;4.276136;6.81016;351;6.544992
62;61004;50007;57006;-2.019733E-09;0.9999999;ОС-1:;состояние1_k-7.sig;1 дополнительное:;состояние2_k-33.sig;0.1960082;-0.001611808;6.67862;65;0.159817;685;4.278577;6.833174;65;6.518803
62;61004;50007;57006;-2.019733E-09;0.9999999;ОС-1:;состояние1_k-7.sig;1 дополнительное:;состояние2_k-34.sig;0.1960082;-0.000756165;6.67862;65;0.1626448;425;4.281141;6.839921;351;6.515975
62;61004;50007;57006;-2.019733E-09;0.9999999;ОС-1:;состояние1_k-7.sig;1 дополнительное:;состояние2_k-35.sig;0.1960082;0;6.67862;65;0.1423197;37;4.258229;6.538688;493;6.5363
62;61004;50007;57006;-2.019733E-09;0.9999999;ОС-1:;состояние1_k-7.sig;1 дополнительное:;состояние2_k-36.sig;0.1960082;1.195067E-05;6.67862;65;0.1017052;226;4.278666;6.779889;351;6.576915
62;61004;50007;57006;-2.019733E-09;0.9999999;ОС-1:;состояние1_k-7.sig;1 дополнительное:;состояние2_k-37.sig;0.1960082;-0.0002631727;6.67862;65;0.04737647;620;4.27539;6.724833;65;6.631243
62;61004;50007;57006;-2.019733E-09;0.9999999;ОС-1:;состояние1_k-7.sig;1 дополнительное:;состояние2_k-38.sig;0.1960082;-0.000119956;6.67862;65;0.03554858;197;4.273985;6.713992;565;6.643071
62;61004;50007;57006;-2.019733E-09;0.9999999;ОС-1:;состояние1_k-7.sig;1 дополнительное:;состояние2_k-39.sig;0.1960082;0.0002600859;6.67862;65;0.1019118;699;4.274899;6.775464;136;6.576708
62;61004;50007;57006;-2.019733E-09;0.9999999;ОС-1:;состояние1_k-7.sig;1 дополнительное:;состояние2_k-40.sig;0.1960082;-1.899898E-09;6.67862;65;0.1696417;2;4.276415;6.84932;65;6.508978
62;61004;50007;57006;-2.019733E-09;0.9999999;ОС-1:;состояние1_k-8.sig;1 дополнительное:;состояние2_k-21.sig;0.254226;0.008320448;6.967113;38;0.7874475;778;4.431158;7.748134;350;6.179665
62;61004;50007;57006;-2.019733E-09;0.9999999;ОС-1:;состояние1_k-8.sig;1 дополнительное:;состояние2_k-22.sig;0.254226;0.005566698;6.967113;38;0.4423613;235;4.424375;7.397179;100;6.524751
62;61004;50007;57006;-2.019733E-09;0.9999999;ОС-1:;состояние1_k-8.sig;1 дополнительное:;состояние2_k-23.sig;0.254226;0.0005916594;6.967113;38;0.1989884;129;4.427881;7.164412;476;6.768124
62;61004;50007;57006;-2.019733E-09;0.9999999;ОС-1:;состояние1_k-8.sig;1 дополнительное:;состояние2_k-24.sig;0.254226;-0.0009416744;6.967113;38;0.1025291;110;4.433537;6.989826;39;6.864583
62;61004;50007;57006;-2.019733E-09;0.9999999;ОС-1:;состояние1_k-8.sig;1 дополнительное:;состояние2_k-25.sig;0.254226;0;6.967113;38;0.1441921;15;4.444971;7.091943;38;6.82292
62;61004;50007;57006;-2.019733E-09;0.9999999;ОС-1:;состояние1_k-8.sig;1 дополнительное:;состояние2_k-26.sig;0.254226;0.0004082247;6.967113;38;0.1694977;430;4.4457;7.1267;351;6.797615
62;61004;50007;57006;-2.019733E-09;0.9999999;ОС-1:;состояние1_k-8.sig;1 дополнительное:;состояние2_k-27.sig;0.254226;-0.0002947038;6.967113;38;0.1540025;445;4.441997;7.120729;538;6.81311
62;61004;50007;57006;-2.019733E-09;0.9999999;ОС-1:;состояние1_k-8.sig;1 дополнительное:;состояние2_k-28.sig;0.254226;-0.0007118082;6.967113;38;0.1076778;102;4.437924;7.073059;101;6.859435
62;61004;50007;57006;-2.019733E-09;0.9999999;ОС-1:;состояние1_k-8.sig;1 дополнительное:;состояние2_k-29.sig;0.254226;-0.0002828311;6.967113;38;0.04401521;541;4.436581;7.009883;663;6.923097
62;61004;50007;57006;-2.019733E-09;0.9999999;ОС-1:;состояние1_k-8.sig;1 дополнительное:;состояние2_k-30.sig;0.254226;0;6.967113;38;0.02527528;3;4.436984;6.991065;288;6.941837
62;61004;50007;57006;-2.019733E-09;0.9999999;ОС-1:;состояние1_k-8.sig;1 дополнительное:;состояние2_k-31.sig;0.254226;-0.000645906;6.967113;38;0.08681892;352;4.437557;7.053519;788;6.880294
62;61004;50007;57006;-2.019733E-09;0.9999999;ОС-1:;состояние1_k-8.sig;1 дополнительное:;состояние2_k-32.sig;0.254226;-0.001560721;6.967113;38;0.1336279;55;4.437998;7.096308;38;6.833485
62;61004;50007;57006;-2.019733E-09;0.9999999;ОС-1:;состояние1_k-8.sig;1 дополнительное:;состояние2_k-33.sig;0.254226;-0.001611808;6.967113;38;0.159817;685;4.437574;7.125325;351;6.807295
62;61004;50007;57006;-2.019733E-09;0.9999999;ОС-1:;состояние1_k-8.sig;1 дополнительное:;состояние2_k-34.sig;0.254226;-0.000756165;6.967113;38;0.1626448;425;4.438258;7.128636;101;6.804468
62;61004;50007;57006;-2.019733E-09;0.9999999;ОС-1:;состояние1_k-8.sig;1 дополнительное:;состояние2_k-35.sig;0.254226;0;6.967113;38;0.1423197;37;4.438952;7.108886;351;6.824793
62;61004;50007;57006;-2.019733E-09;0.9999999;ОС-1:;состояние1_k-8.sig;1 дополнительное:;состояние2_k-36.sig;0.254226;1.195067E-05;6.967113;38;0.1017052;226;4.438845;7.068604;226;6.865407
62;61004;50007;57006;-2.019733E-09;0.9999999;ОС-1:;состояние1_k-8.sig;1 дополнительное:;состояние2_k-37.sig;0.254226;-0.0002631727;6.967113;38;0.04737647;620;4.437787;7.01339;38;6.919736
62;61004;50007;57006;-2.019733E-09;0.9999999;ОС-1:;состояние1_k-8.sig;1 дополнительное:;состояние2_k-38.sig;0.254226;-0.000119956;6.967113;38;0.03554858;197;4.436657;7.001437;288;6.931564
62;61004;50007;57006;-2.019733E-09;0.9999999;ОС-1:;состояние1_k-8.sig;1 дополнительное:;состояние2_k-39.sig;0.254226;0.0002600859;6.967113;38;0.1019118;699;4.435611;7.06737;788;6.865201
62;61004;50007;57006;-2.019733E-09;0.9999999;ОС-1:;состояние1_k-8.sig;1 дополнительное:;состояние2_k-40.sig;0.254226;-1.899898E-09;6.967113;38;0.1696417;2;4.458292;7.128193;39;6.797471
62;61004;50007;57006;-2.019733E-09;0.9999999;ОС-1:;состояние1_k-9.sig;1 дополнительное:;состояние2_k-21.sig;0.1701431;0.008320448;7.056836;684;0.7874475;778;4.535857;7.65848;131;6.269388
62;61004;50007;57006;-2.019733E-09;0.9999999;ОС-1:;состояние1_k-9.sig;1 дополнительное:;состояние2_k-22.sig;0.1701431;0.005566698;7.056836;684;0.4423613;235;4.536862;7.485423;350;6.614474
62;61004;50007;57006;-2.019733E-09;0.9999999;ОС-1:;состояние1_k-9.sig;1 дополнительное:;состояние2_k-23.sig;0.1701431;0.0005916594;7.056836;684;0.1989884;129;4.537187;7.248367;239;6.857847
62;61004;50007;57006;-2.019733E-09;0.9999999;ОС-1:;состояние1_k-9.sig;1 дополнительное:;состояние2_k-24.sig;0.1701431;-0.0009416744;7.056836;684;0.1025291;110;4.536804;7.153039;462;6.954307
62;61004;50007;57006;-2.019733E-09;0.9999999;ОС-1:;состояние1_k-9.sig;1 дополнительное:;состояние2_k-25.sig;0.1701431;0;7.056836;684;0.1441921;15;4.539996;7.20078;295;6.912643
62;61004;50007;57006;-2.019733E-09;0.9999999;ОС-1:;состояние1_k-9.sig;1 дополнительное:;состояние2_k-26.sig;0.1701431;0.0004082247;7.056836;684;0.1694977;430;4.545172;7.225745;795;6.887338
62;61004;50007;57006;-2.019733E-09;0.9999999;ОС-1:;состояние1_k-9.sig;1 дополнительное:;состояние2_k-27.sig;0.1701431;-0.0002947038;7.056836;684;0.1540025;445;4.507778;7.205604;351;6.902833
62;61004;50007;57006;-2.019733E-09;0.9999999;ОС-1:;состояние1_k-9.sig;1 дополнительное:;состояние2_k-28.sig;0.1701431;-0.0007118082;7.056836;684;0.1076778;102;4.544387;7.147134;796;6.949158
62;61004;50007;57006;-2.019733E-09;0.9999999;ОС-1:;состояние1_k-9.sig;1 дополнительное:;состояние2_k-29.sig;0.1701431;-0.0002828311;7.056836;684;0.04401521;541;4.539781;7.099835;351;7.01282
62;61004;50007;57006;-2.019733E-09;0.9999999;ОС-1:;состояние1_k-9.sig;1 дополнительное:;состояние2_k-30.sig;0.1701431;0;7.056836;684;0.02527528;3;4.537502;7.079824;684;7.03156
62;61004;50007;57006;-2.019733E-09;0.9999999;ОС-1:;состояние1_k-9.sig;1 дополнительное:;состояние2_k-31.sig;0.1701431;-0.000645906;7.056836;684;0.08681892;352;4.538579;7.140566;240;6.970017
62;61004;50007;57006;-2.019733E-09;0.9999999;ОС-1:;состояние1_k-9.sig;1 дополнительное:;состояние2_k-32.sig;0.1701431;-0.001560721;7.056836;684;0.1336279;55;4.539971;7.187884;351;6.923208
62;61004;50007;57006;-2.019733E-09;0.9999999;ОС-1:;состояние1_k-9.sig;1 дополнительное:;состояние2_k-33.sig;0.1701431;-0.001611808;7.056836;684;0.159817;685;4.539469;7.173052;461;6.897018
62;61004;50007;57006;-2.019733E-09;0.9999999;ОС-1:;состояние1_k-9.sig;1 дополнительное:;состояние2_k-34.sig;0.1701431;-0.000756165;7.056836;684;0.1626448;425;4.537922;7.217645;351;6.894191
62;61004;50007;57006;-2.019733E-09;0.9999999;ОС-1:;состояние1_k-9.sig;1 дополнительное:;состояние2_k-35.sig;0.1701431;0;7.056836;684;0.1423197;37;4.537132;7.196542;295;6.914516
62;61004;50007;57006;-2.019733E-09;0.9999999;ОС-1:;состояние1_k-9.sig;1 дополнительное:;состояние2_k-36.sig;0.1701431;1.195067E-05;7.056836;684;0.1017052;226;4.538273;7.158418;573;6.955131
62;61004;50007;57006;-2.019733E-09;0.9999999;ОС-1:;состояние1_k-9.sig;1 дополнительное:;состояние2_k-37.sig;0.1701431;-0.0002631727;7.056836;684;0.04737647;620;4.538391;7.103365;295;7.009459
62;61004;50007;57006;-2.019733E-09;0.9999999;ОС-1:;состояние1_k-9.sig;1 дополнительное:;состояние2_k-38.sig;0.1701431;-0.000119956;7.056836;684;0.03554858;197;4.537715;7.092358;684;7.021287
62;61004;50007;57006;-2.019733E-09;0.9999999;ОС-1:;состояние1_k-9.sig;1 дополнительное:;состояние2_k-39.sig;0.1701431;0.0002600859;7.056836;684;0.1019118;699;4.536994;7.147645;351;6.954924
62;61004;50007;57006;-2.019733E-09;0.9999999;ОС-1:;состояние1_k-9.sig;1 дополнительное:;состояние2_k-40.sig;0.1701431;-1.899898E-09;7.056836;684;0.1696417;2;4.537744;7.225741;240;6.887194
62;61004;50007;57006;-2.019733E-09;0.9999999;ОС-1:;состояние1_k-10.sig;1 дополнительное:;состояние2_k-21.sig;0;0.008320448;6.955193;1;0.7874475;778;4.425146;7.735155;350;6.167745
62;61004;50007;57006;-2.019733E-09;0.9999999;ОС-1:;состояние1_k-10.sig;1 дополнительное:;состояние2_k-22.sig;0;0.005566698;6.955193;1;0.4423613;235;4.423383;7.378019;51;6.512831
62;61004;50007;57006;-2.019733E-09;0.9999999;ОС-1:;состояние1_k-10.sig;1 дополнительное:;состояние2_k-23.sig;0;0.0005916594;6.955193;1;0.1989884;129;4.428874;7.154058;651;6.756204
62;61004;50007;57006;-2.019733E-09;0.9999999;ОС-1:;состояние1_k-10.sig;1 дополнительное:;состояние2_k-24.sig;0;-0.0009416744;6.955193;1;0.1025291;110;4.431211;7.057028;151;6.852664
62;61004;50007;57006;-2.019733E-09;0.9999999;ОС-1:;состояние1_k-10.sig;1 дополнительное:;состояние2_k-25.sig;0;0;6.955193;1;0.1441921;15;4.429118;7.076567;51;6.811
62;61004;50007;57006;-2.019733E-09;0.9999999;ОС-1:;состояние1_k-10.sig;1 дополнительное:;состояние2_k-26.sig;0;0.0004082247;6.955193;1;0.1694977;430;4.428714;7.114995;101;6.785695
62;61004;50007;57006;-2.019733E-09;0.9999999;ОС-1:;состояние1_k-10.sig;1 дополнительное:;состояние2_k-27.sig;0;-0.0002947038;6.955193;1;0.1540025;445;4.430888;7.108737;501;6.80119
62;61004;50007;57006;-2.019733E-09;0.9999999;ОС-1:;состояние1_k-10.sig;1 дополнительное:;состояние2_k-28.sig;0;-0.0007118082;6.955193;1;0.1076778;102;4.432756;7.061353;351;6.847515
62;61004;50007;57006;-2.019733E-09;0.9999999;ОС-1:;состояние1_k-10.sig;1 дополнительное:;состояние2_k-29.sig;0;-0.0002828311;6.955193;1;0.04401521;541;4.431367;6.992364;751;6.911177
62;61004;50007;57006;-2.019733E-09;0.9999999;ОС-1:;состояние1_k-10.sig;1 дополнительное:;состояние2_k-30.sig;0;0;6.955193;1;0.02527528;3;4.433869;6.93159;1;6.929917
62;61004;50007;57006;-2.019733E-09;0.9999999;ОС-1:;состояние1_k-10.sig;1 дополнительное:;состояние2_k-31.sig;0;-0.000645906;6.955193;1;0.08681892;352;4.425509;7.041425;401;6.868374
62;61004;50007;57006;-2.019733E-09;0.9999999;ОС-1:;состояние1_k-10.sig;1 дополнительное:;состояние2_k-32.sig;0;-0.001560721;6.955193;1;0.1336279;55;4.42584;7.087169;101;6.821565
62;61004;50007;57006;-2.019733E-09;0.9999999;ОС-1:;состояние1_k-10.sig;1 дополнительное:;состояние2_k-33.sig;0;-0.001611808;6.955193;1;0.159817;685;4.427739;7.113619;351;6.795375
62;61004;50007;57006;-2.019733E-09;0.9999999;ОС-1:;состояние1_k-10.sig;1 дополнительное:;состояние2_k-34.sig;0;-0.000756165;6.955193;1;0.1626448;425;4.428989;7.104896;0;6.792548
62;61004;50007;57006;-2.019733E-09;0.9999999;ОС-1:;состояние1_k-10.sig;1 дополнительное:;состояние2_k-35.sig;0;0;6.955193;1;0.1423197;37;4.429057;7.09718;151;6.812873
62;61004;50007;57006;-2.019733E-09;0.9999999;ОС-1:;состояние1_k-10.sig;1 дополнительное:;состояние2_k-36.sig;0;1.195067E-05;6.955193;1;0.1017052;226;4.428875;7.056898;101;6.853487
62;61004;50007;57006;-2.019733E-09;0.9999999;ОС-1:;состояние1_k-10.sig;1 дополнительное:;состояние2_k-37.sig;0;-0.0002631727;6.955193;1;0.04737647;620;4.428926;7.002559;201;6.907816
62;61004;50007;57006;-2.019733E-09;0.9999999;ОС-1:;состояние1_k-10.sig;1 дополнительное:;состояние2_k-38.sig;0;-0.000119956;6.955193;1;0.03554858;197;4.429137;6.988853;1;6.919644
62;61004;50007;57006;-2.019733E-09;0.9999999;ОС-1:;состояние1_k-10.sig;1 дополнительное:;состояние2_k-39.sig;0;0.0002600859;6.955193;1;0.1019118;699;4.429188;7.056157;301;6.853281
62;61004;50007;57006;-2.019733E-09;0.9999999;ОС-1:;состояние1_k-10.sig;1 дополнительное:;состояние2_k-40.sig;0;-1.899898E-09;6.955193;1;0.1696417;2;4.429547;7.114751;51;6.785551
62;61004;50007;57006;-2.019733E-09;0.9999999;ОС-1:;состояние1_k-11.sig;1 дополнительное:;состояние2_k-21.sig;-0.1382844;0.008320448;6.684001;78;0.7874475;778;4.225749;7.463757;396;5.896554
62;61004;50007;57006;-2.019733E-09;0.9999999;ОС-1:;состояние1_k-11.sig;1 дополнительное:;состояние2_k-22.sig;-0.1382844;0.005566698;6.684001;78;0.4423613;235;4.216922;7.112327;623;6.24164
62;61004;50007;57006;-2.019733E-09;0.9999999;ОС-1:;состояние1_k-11.sig;1 дополнительное:;состояние2_k-23.sig;-0.1382844;0.0005916594;6.684001;78;0.1989884;129;4.21262;6.873525;214;6.485013
62;61004;50007;57006;-2.019733E-09;0.9999999;ОС-1:;состояние1_k-11.sig;1 дополнительное:;состояние2_k-24.sig;-0.1382844;-0.0009416744;6.684001;78;0.1025291;110;4.216004;6.785028;714;6.581472
62;61004;50007;57006;-2.019733E-09;0.9999999;ОС-1:;состояние1_k-11.sig;1 дополнительное:;состояние2_k-25.sig;-0.1382844;0;6.684001;78;0.1441921;15;4.216677;6.826249;214;6.539809
62;61004;50007;57006;-2.019733E-09;0.9999999;ОС-1:;состояние1_k-11.sig;1 дополнительное:;состояние2_k-26.sig;-0.1382844;0.0004082247;6.684001;78;0.1694977;430;4.215743;6.849986;123;6.514503
62;61004;50007;57006;-2.019733E-09;0.9999999;ОС-1:;состояние1_k-11.sig;1 дополнительное:;состояние2_k-27.sig;-0.1382844;-0.0002947038;6.684001;78;0.1540025;445;4.214972;6.831995;351;6.529998
62;61004;50007;57006;-2.019733E-09;0.9999999;ОС-1:;состояние1_k-11.sig;1 дополнительное:;состояние2_k-28.sig;-0.1382844;-0.0007118082;6.684001;78;0.1076778;102;4.214324;6.78793;442;6.576323
62;61004;50007;57006;-2.019733E-09;0.9999999;ОС-1:;состояние1_k-11.sig;1 дополнительное:;состояние2_k-29.sig;-0.1382844;-0.0002828311;6.684001;78;0.04401521;541;4.21418;6.726226;351;6.639986
62;61004;50007;57006;-2.019733E-09;0.9999999;ОС-1:;состояние1_k-11.sig;1 дополнительное:;состояние2_k-30.sig;-0.1382844;0;6.684001;78;0.02527528;3;4.213464;6.708809;669;6.658726
62;61004;50007;57006;-2.019733E-09;0.9999999;ОС-1:;состояние1_k-11.sig;1 дополнительное:;состояние2_k-31.sig;-0.1382844;-0.000645906;6.684001;78;0.08681892;352;4.211946;6.770768;78;6.597182
62;61004;50007;57006;-2.019733E-09;0.9999999;ОС-1:;состояние1_k-11.sig;1 дополнительное:;состояние2_k-32.sig;-0.1382844;-0.001560721;6.684001;78;0.1336279;55;4.210107;6.816955;305;6.550373
62;61004;50007;57006;-2.019733E-09;0.9999999;ОС-1:;состояние1_k-11.sig;1 дополнительное:;состояние2_k-33.sig;-0.1382844;-0.001611808;6.684001;78;0.159817;685;4.249324;6.528296;214;6.524184
62;61004;50007;57006;-2.019733E-09;0.9999999;ОС-1:;состояние1_k-11.sig;1 дополнительное:;состояние2_k-34.sig;-0.1382844;-0.000756165;6.684001;78;0.1626448;425;4.20799;6.845909;396;6.521356
62;61004;50007;57006;-2.019733E-09;0.9999999;ОС-1:;состояние1_k-11.sig;1 дополнительное:;состояние2_k-35.sig;-0.1382844;0;6.684001;78;0.1423197;37;4.209388;6.82365;123;6.541681
62;61004;50007;57006;-2.019733E-09;0.9999999;ОС-1:;состояние1_k-11.sig;1 дополнительное:;состояние2_k-36.sig;-0.1382844;1.195067E-05;6.684001;78;0.1017052;226;4.212055;6.784004;351;6.582296
62;61004;50007;57006;-2.019733E-09;0.9999999;ОС-1:;состояние1_k-11.sig;1 дополнительное:;состояние2_k-37.sig;-0.1382844;-0.0002631727;6.684001;78;0.04737647;620;4.213767;6.729486;214;6.636624
62;61004;50007;57006;-2.019733E-09;0.9999999;ОС-1:;состояние1_k-11.sig;1 дополнительное:;состояние2_k-38.sig;-0.1382844;-0.000119956;6.684001;78;0.03554858;197;4.213973;6.719305;487;6.648452
62;61004;50007;57006;-2.019733E-09;0.9999999;ОС-1:;состояние1_k-11.sig;1 дополнительное:;состояние2_k-39.sig;-0.1382844;0.0002600859;6.684001;78;0.1019118;699;4.213725;6.781867;32;6.582089
62;61004;50007;57006;-2.019733E-09;0.9999999;ОС-1:;состояние1_k-11.sig;1 дополнительное:;состояние2_k-40.sig;-0.1382844;-1.899898E-09;6.684001;78;0.1696417;2;4.214327;6.853067;578;6.514359
62;61004;50007;57006;-2.019733E-09;0.9999999;ОС-1:;состояние1_k-12.sig;1 дополнительное:;состояние2_k-21.sig;-0.1692138;0.008320448;6.263403;59;0.7874475;778;4.003277;7.043572;17;5.475955
62;61004;50007;57006;-2.019733E-09;0.9999999;ОС-1:;состояние1_k-12.sig;1 дополнительное:;состояние2_k-22.sig;-0.1692138;0.005566698;6.263403;59;0.4423613;235;3.98491;6.692436;393;5.821042
62;61004;50007;57006;-2.019733E-09;0.9999999;ОС-1:;состояние1_k-12.sig;1 дополнительное:;состояние2_k-23.sig;-0.1692138;0.0005916594;6.263403;59;0.1989884;129;3.979442;6.461555;434;6.064415
62;61004;50007;57006;-2.019733E-09;0.9999999;ОС-1:;состояние1_k-12.sig;1 дополнительное:;состояние2_k-24.sig;-0.1692138;-0.0009416744;6.263403;59;0.1025291;110;3.980277;6.281137;101;6.160874
62;61004;50007;57006;-2.019733E-09;0.9999999;ОС-1:;состояние1_k-12.sig;1 дополнительное:;состояние2_k-25.sig;-0.1692138;0;6.263403;59;0.1441921;15;3.981423;6.402276;476;6.119211
62;61004;50007;57006;-2.019733E-09;0.9999999;ОС-1:;состояние1_k-12.sig;1 дополнительное:;состояние2_k-26.sig;-0.1692138;0.0004082247;6.263403;59;0.1694977;430;3.981341;6.430756;142;6.093905
62;61004;50007;57006;-2.019733E-09;0.9999999;ОС-1:;состояние1_k-12.sig;1 дополнительное:;состояние2_k-27.sig;-0.1692138;-0.0002947038;6.263403;59;0.1540025;445;3.981115;6.410816;184;6.1094
62;61004;50007;57006;-2.019733E-09;0.9999999;ОС-1:;состояние1_k-12.sig;1 дополнительное:;состояние2_k-28.sig;-0.1692138;-0.0007118082;6.263403;59;0.1076778;102;3.979892;6.367276;101;6.155725
62;61004;50007;57006;-2.019733E-09;0.9999999;ОС-1:;состояние1_k-12.sig;1 дополнительное:;состояние2_k-29.sig;-0.1692138;-0.0002828311;6.263403;59;0.04401521;541;3.979578;6.307001;559;6.219388
62;61004;50007;57006;-2.019733E-09;0.9999999;ОС-1:;состояние1_k-12.sig;1 дополнительное:;состояние2_k-30.sig;-0.1692138;0;6.263403;59;0.02527528;3;3.978926;6.286391;434;6.238128
62;61004;50007;57006;-2.019733E-09;0.9999999;ОС-1:;состояние1_k-12.sig;1 дополнительное:;состояние2_k-31.sig;-0.1692138;-0.000645906;6.263403;59;0.08681892;352;3.979022;6.348363;142;6.176584
62;61004;50007;57006;-2.019733E-09;0.9999999;ОС-1:;состояние1_k-12.sig;1 дополнительное:;состояние2_k-32.sig;-0.1692138;-0.001560721;6.263403;59;0.1336279;55;3.979876;6.393092;226;6.129775
62;61004;50007;57006;-2.019733E-09;0.9999999;ОС-1:;состояние1_k-12.sig;1 дополнительное:;состояние2_k-33.sig;-0.1692138;-0.001611808;6.263403;59;0.159817;685;3.979045;6.419997;684;6.103586
62;61004;50007;57006;-2.019733E-09;0.9999999;ОС-1:;состояние1_k-12.sig;1 дополнительное:;состояние2_k-34.sig;-0.1692138;-0.000756165;6.263403;59;0.1626448;425;3.9768;6.422853;101;6.100758
62;61004;50007;57006;-2.019733E-09;0.9999999;ОС-1:;состояние1_k-12.sig;1 дополнительное:;состояние2_k-35.sig;-0.1692138;0;6.263403;59;0.1423197;37;3.974597;6.404704;309;6.121083
62;61004;50007;57006;-2.019733E-09;0.9999999;ОС-1:;состояние1_k-12.sig;1 дополнительное:;состояние2_k-36.sig;-0.1692138;1.195067E-05;6.263403;59;0.1017052;226;4.001302;6.161932;59;6.161698
62;61004;50007;57006;-2.019733E-09;0.9999999;ОС-1:;состояние1_k-12.sig;1 дополнительное:;состояние2_k-37.sig;-0.1692138;-0.0002631727;6.263403;59;0.04737647;620;3.977244;6.310729;309;6.216026
62;61004;50007;57006;-2.019733E-09;0.9999999;ОС-1:;состояние1_k-12.sig;1 дополнительное:;состояние2_k-38.sig;-0.1692138;-0.000119956;6.263403;59;0.03554858;197;3.980523;6.298925;434;6.227854
62;61004;50007;57006;-2.019733E-09;0.9999999;ОС-1:;состояние1_k-12.sig;1 дополнительное:;состояние2_k-39.sig;-0.1692138;0.0002600859;6.263403;59;0.1019118;699;3.981933;6.362069;559;6.161491
62;61004;50007;57006;-2.019733E-09;0.9999999;ОС-1:;состояние1_k-12.sig;1 дополнительное:;состояние2_k-40.sig;-0.1692138;-1.899898E-09;6.263403;59;0.1696417;2;3.982013;6.420673;101;6.093761
62;61004;50007;57006;-2.019733E-09;0.9999999;ОС-1:;состояние1_k-13.sig;1 дополнительное:;состояние2_k-21.sig;-0.1097262;0.008320448;5.723155;43;0.7874475;778;3.676725;6.502823;158;4.935708
62;61004;50007;57006;-2.019733E-09;0.9999999;ОС-1:;состояние1_k-13.sig;1 дополнительное:;состояние2_k-22.sig;-0.1097262;0.005566698;5.723155;43;0.4423613;235;3.651126;6.164709;235;5.280794
62;61004;50007;57006;-2.019733E-09;0.9999999;ОС-1:;состояние1_k-13.sig;1 дополнительное:;состояние2_k-23.sig;-0.1097262;0.0005916594;5.723155;43;0.1989884;129;3.638296;5.92056;389;5.524167
62;61004;50007;57006;-2.019733E-09;0.9999999;ОС-1:;состояние1_k-13.sig;1 дополнительное:;состояние2_k-24.sig;-0.1097262;-0.0009416744;5.723155;43;0.1025291;110;3.638334;5.824876;235;5.620626
62;61004;50007;57006;-2.019733E-09;0.9999999;ОС-1:;состояние1_k-13.sig;1 дополнительное:;состояние2_k-25.sig;-0.1097262;0;5.723155;43;0.1441921;15;3.641833;5.86506;274;5.578963
62;61004;50007;57006;-2.019733E-09;0.9999999;ОС-1:;состояние1_k-13.sig;1 дополнительное:;состояние2_k-26.sig;-0.1097262;0.0004082247;5.723155;43;0.1694977;430;3.642056;5.880535;697;5.553658
62;61004;50007;57006;-2.019733E-09;0.9999999;ОС-1:;состояние1_k-13.sig;1 дополнительное:;состояние2_k-27.sig;-0.1097262;-0.0002947038;5.723155;43;0.1540025;445;3.639472;5.871311;427;5.569152
62;61004;50007;57006;-2.019733E-09;0.9999999;ОС-1:;состояние1_k-13.sig;1 дополнительное:;состояние2_k-28.sig;-0.1097262;-0.0007118082;5.723155;43;0.1076778;102;3.637318;5.830415;120;5.615477
62;61004;50007;57006;-2.019733E-09;0.9999999;ОС-1:;состояние1_k-13.sig;1 дополнительное:;состояние2_k-29.sig;-0.1097262;-0.0002828311;5.723155;43;0.04401521;541;3.637707;5.764285;43;5.67914
62;61004;50007;57006;-2.019733E-09;0.9999999;ОС-1:;состояние1_k-13.sig;1 дополнительное:;состояние2_k-30.sig;-0.1097262;0;5.723155;43;0.02527528;3;3.63779;5.747999;120;5.69788
62;61004;50007;57006;-2.019733E-09;0.9999999;ОС-1:;состояние1_k-13.sig;1 дополнительное:;состояние2_k-31.sig;-0.1097262;-0.000645906;5.723155;43;0.08681892;352;3.636818;5.808041;158;5.636336
62;61004;50007;57006;-2.019733E-09;0.9999999;ОС-1:;состояние1_k-13.sig;1 дополнительное:;состояние2_k-32.sig;-0.1097262;-0.001560721;5.723155;43;0.1336279;55;3.636289;5.854728;774;5.589527
62;61004;50007;57006;-2.019733E-09;0.9999999;ОС-1:;состояние1_k-13.sig;1 дополнительное:;состояние2_k-33.sig;-0.1097262;-0.001611808;5.723155;43;0.159817;685;3.638375;5.877645;428;5.563338
62;61004;50007;57006;-2.019733E-09;0.9999999;ОС-1:;состояние1_k-13.sig;1 дополнительное:;состояние2_k-34.sig;-0.1097262;-0.000756165;5.723155;43;0.1626448;425;3.639907;5.885403;543;5.56051
62;61004;50007;57006;-2.019733E-09;0.9999999;ОС-1:;состояние1_k-13.sig;1 дополнительное:;состояние2_k-35.sig;-0.1097262;0;5.723155;43;0.1423197;37;3.639887;5.865059;466;5.580835
62;61004;50007;57006;-2.019733E-09;0.9999999;ОС-1:;состояние1_k-13.sig;1 дополнительное:;состояние2_k-36.sig;-0.1097262;1.195067E-05;5.723155;43;0.1017052;226;3.637912;5.822052;351;5.62145
62;61004;50007;57006;-2.019733E-09;0.9999999;ОС-1:;состояние1_k-13.sig;1 дополнительное:;состояние2_k-37.sig;-0.1097262;-0.0002631727;5.723155;43;0.04737647;620;3.636361;5.770168;120;5.675778
62;61004;50007;57006;-2.019733E-09;0.9999999;ОС-1:;состояние1_k-13.sig;1 дополнительное:;состояние2_k-38.sig;-0.1097262;-0.000119956;5.723155;43;0.03554858;197;3.638216;5.757751;697;5.687606
62;61004;50007;57006;-2.019733E-09;0.9999999;ОС-1:;состояние1_k-13.sig;1 дополнительное:;состояние2_k-39.sig;-0.1097262;0.0002600859;5.723155;43;0.1019118;699;3.620112;5.812272;274;5.621243
62;61004;50007;57006;-2.019733E-09;0.9999999;ОС-1:;состояние1_k-13.sig;1 дополнительное:;состояние2_k-40.sig;-0.1097262;-1.899898E-09;5.723155;43;0.1696417;2;3.647945;5.877238;4;5.553514
62;61004;50007;57006;-2.019733E-09;0.9999999;ОС-1:;состояние1_k-14.sig;1 дополнительное:;состояние2_k-21.sig;-0.03377868;0.008320448;5.095516;172;0.7874475;778;3.259456;5.876382;636;4.308068
62;61004;50007;57006;-2.019733E-09;0.9999999;ОС-1:;состояние1_k-14.sig;1 дополнительное:;состояние2_k-22.sig;-0.03377868;0.005566698;5.095516;172;0.4423613;235;3.240903;5.528883;29;4.653154
62;61004;50007;57006;-2.019733E-09;0.9999999;ОС-1:;состояние1_k-14.sig;1 дополнительное:;состояние2_k-23.sig;-0.03377868;0.0005916594;5.095516;172;0.1989884;129;3.227063;5.293995;672;4.896527
62;61004;50007;57006;-2.019733E-09;0.9999999;ОС-1:;состояние1_k-14.sig;1 дополнительное:;состояние2_k-24.sig;-0.03377868;-0.0009416744;5.095516;172;0.1025291;110;3.223065;5.197621;172;4.992987
62;61004;50007;57006;-2.019733E-09;0.9999999;ОС-1:;состояние1_k-14.sig;1 дополнительное:;состояние2_k-25.sig;-0.03377868;0;5.095516;172;0.1441921;15;3.225353;5.239274;315;4.951324
62;61004;50007;57006;-2.019733E-09;0.9999999;ОС-1:;состояние1_k-14.sig;1 дополнительное:;состояние2_k-26.sig;-0.03377868;0.0004082247;5.095516;172;0.1694977;430;3.227462;5.251602;101;4.926018
62;61004;50007;57006;-2.019733E-09;0.9999999;ОС-1:;состояние1_k-14.sig;1 дополнительное:;состояние2_k-27.sig;-0.03377868;-0.0002947038;5.095516;172;0.1540025;445;3.225785;5.248796;315;4.941513
62;61004;50007;57006;-2.019733E-09;0.9999999;ОС-1:;состояние1_k-14.sig;1 дополнительное:;состояние2_k-28.sig;-0.03377868;-0.0007118082;5.095516;172;0.1076778;102;3.223891;5.200202;65;4.987838
62;61004;50007;57006;-2.019733E-09;0.9999999;ОС-1:;состояние1_k-14.sig;1 дополнительное:;состояние2_k-29.sig;-0.03377868;-0.0002828311;5.095516;172;0.04401521;541;3.222815;5.137962;386;5.0515
62;61004;50007;57006;-2.019733E-09;0.9999999;ОС-1:;состояние1_k-14.sig;1 дополнительное:;состояние2_k-30.sig;-0.03377868;0;5.095516;172;0.02527528;3;3.223315;5.119211;136;5.07024
62;61004;50007;57006;-2.019733E-09;0.9999999;ОС-1:;состояние1_k-14.sig;1 дополнительное:;состояние2_k-31.sig;-0.03377868;-0.000645906;5.095516;172;0.08681892;352;3.223514;5.181651;529;5.008697
62;61004;50007;57006;-2.019733E-09;0.9999999;ОС-1:;состояние1_k-14.sig;1 дополнительное:;состояние2_k-32.sig;-0.03377868;-0.001560721;5.095516;172;0.1336279;55;3.221956;5.224706;493;4.961888
62;61004;50007;57006;-2.019733E-09;0.9999999;ОС-1:;состояние1_k-14.sig;1 дополнительное:;состояние2_k-33.sig;-0.03377868;-0.001611808;5.095516;172;0.159817;685;3.222126;5.253349;458;4.935699
62;61004;50007;57006;-2.019733E-09;0.9999999;ОС-1:;состояние1_k-14.sig;1 дополнительное:;состояние2_k-34.sig;-0.03377868;-0.000756165;5.095516;172;0.1626448;425;3.22358;5.253838;29;4.932871
62;61004;50007;57006;-2.019733E-09;0.9999999;ОС-1:;состояние1_k-14.sig;1 дополнительное:;состояние2_k-35.sig;-0.03377868;0;5.095516;172;0.1423197;37;3.223864;5.236175;65;4.953196
62;61004;50007;57006;-2.019733E-09;0.9999999;ОС-1:;состояние1_k-14.sig;1 дополнительное:;состояние2_k-36.sig;-0.03377868;1.195067E-05;5.095516;172;0.1017052;226;3.224231;5.193505;101;4.993811
62;61004;50007;57006;-2.019733E-09;0.9999999;ОС-1:;состояние1_k-14.sig;1 дополнительное:;состояние2_k-37.sig;-0.03377868;-0.0002631727;5.095516;172;0.04737647;620;3.22331;5.141294;565;5.048139
62;61004;50007;57006;-2.019733E-09;0.9999999;ОС-1:;состояние1_k-14.sig;1 дополнительное:;состояние2_k-38.sig;-0.03377868;-0.000119956;5.095516;172;0.03554858;197;3.22276;5.130453;65;5.059967
62;61004;50007;57006;-2.019733E-09;0.9999999;ОС-1:;состояние1_k-14.sig;1 дополнительное:;состояние2_k-39.sig;-0.03377868;0.0002600859;5.095516;172;0.1019118;699;3.22428;5.192136;136;4.993604
62;61004;50007;57006;-2.019733E-09;0.9999999;ОС-1:;состояние1_k-14.sig;1 дополнительное:;состояние2_k-40.sig;-0.03377868;-1.899898E-09;5.095516;172;0.1696417;2;3.227985;5.265781;315;4.925874
62;61004;50007;57006;-2.019733E-09;0.9999999;ОС-1:;состояние1_k-15.sig;1 дополнительное:;состояние2_k-21.sig;0;0.008320448;4.412757;84;0.7874475;778;2.837198;5.132233;418;3.62531
62;61004;50007;57006;-2.019733E-09;0.9999999;ОС-1:;состояние1_k-15.sig;1 дополнительное:;состояние2_k-22.sig;0;0.005566698;4.412757;84;0.4423613;235;2.823834;4.851099;484;3.970396
62;61004;50007;57006;-2.019733E-09;0.9999999;ОС-1:;состояние1_k-15.sig;1 дополнительное:;состояние2_k-23.sig;0;0.0005916594;4.412757;84;0.1989884;129;2.814467;4.607459;151;4.213769
62;61004;50007;57006;-2.019733E-09;0.9999999;ОС-1:;состояние1_k-15.sig;1 дополнительное:;состояние2_k-24.sig;0;-0.0009416744;4.412757;84;0.1025291;110;2.810054;4.512681;317;4.310228
62;61004;50007;57006;-2.019733E-09;0.9999999;ОС-1:;состояние1_k-15.sig;1 дополнительное:;состояние2_k-25.sig;0;0;4.412757;84;0.1441921;15;2.809911;4.529967;51;4.268565
62;61004;50007;57006;-2.019733E-09;0.9999999;ОС-1:;состояние1_k-15.sig;1 дополнительное:;состояние2_k-26.sig;0;0.0004082247;4.412757;84;0.1694977;430;2.811494;4.582204;584;4.24326
62;61004;50007;57006;-2.019733E-09;0.9999999;ОС-1:;состояние1_k-15.sig;1 дополнительное:;состояние2_k-27.sig;0;-0.0002947038;4.412757;84;0.1540025;445;2.811531;4.560171;184;4.258755
62;61004;50007;57006;-2.019733E-09;0.9999999;ОС-1:;состояние1_k-15.sig;1 дополнительное:;состояние2_k-28.sig;0;-0.0007118082;4.412757;84;0.1076778;102;2.810467;4.520422;84;4.305079
62;61004;50007;57006;-2.019733E-09;0.9999999;ОС-1:;состояние1_k-15.sig;1 дополнительное:;состояние2_k-29.sig;0;-0.0002828311;4.412757;84;0.04401521;541;2.809723;4.454872;284;4.368742
62;61004;50007;57006;-2.019733E-09;0.9999999;ОС-1:;состояние1_k-15.sig;1 дополнительное:;состояние2_k-30.sig;0;0;4.412757;84;0.02527528;3;2.809651;4.435746;84;4.387482
62;61004;50007;57006;-2.019733E-09;0.9999999;ОС-1:;состояние1_k-15.sig;1 дополнительное:;состояние2_k-31.sig;0;-0.000645906;4.412757;84;0.08681892;352;2.809723;4.499453;384;4.325939
62;61004;50007;57006;-2.019733E-09;0.9999999;ОС-1:;состояние1_k-15.sig;1 дополнительное:;состояние2_k-32.sig;0;-0.001560721;4.412757;84;0.1336279;55;2.810221;4.545757;117;4.27913
62;61004;50007;57006;-2.019733E-09;0.9999999;ОС-1:;состояние1_k-15.sig;1 дополнительное:;состояние2_k-33.sig;0;-0.001611808;4.412757;84;0.159817;685;2.81059;4.562259;217;4.25294
62;61004;50007;57006;-2.019733E-09;0.9999999;ОС-1:;состояние1_k-15.sig;1 дополнительное:;состояние2_k-34.sig;0;-0.000756165;4.412757;84;0.1626448;425;2.810563;4.572853;617;4.250113
62;61004;50007;57006;-2.019733E-09;0.9999999;ОС-1:;состояние1_k-15.sig;1 дополнительное:;состояние2_k-35.sig;0;0;4.412757;84;0.1423197;37;2.811236;4.509319;83;4.270438
62;61004;50007;57006;-2.019733E-09;0.9999999;ОС-1:;состояние1_k-15.sig;1 дополнительное:;состояние2_k-36.sig;0;1.195067E-05;4.412757;84;0.1017052;226;2.80937;4.514228;684;4.311052
62;61004;50007;57006;-2.019733E-09;0.9999999;ОС-1:;состояние1_k-15.sig;1 дополнительное:;состояние2_k-37.sig;0;-0.0002631727;4.412757;84;0.04737647;620;2.809371;4.459825;417;4.365381
62;61004;50007;57006;-2.019733E-09;0.9999999;ОС-1:;состояние1_k-15.sig;1 дополнительное:;состояние2_k-38.sig;0;-0.000119956;4.412757;84;0.03554858;197;2.810005;4.448279;684;4.377209
62;61004;50007;57006;-2.019733E-09;0.9999999;ОС-1:;состояние1_k-15.sig;1 дополнительное:;состояние2_k-39.sig;0;0.0002600859;4.412757;84;0.1019118;699;2.810457;4.500568;184;4.310845
62;61004;50007;57006;-2.019733E-09;0.9999999;ОС-1:;состояние1_k-15.sig;1 дополнительное:;состояние2_k-40.sig;0;-1.899898E-09;4.412757;84;0.1696417;2;2.810383;4.568151;51;4.243116
62;61004;50007;57006;-2.019733E-09;0.9999999;ОС-1:;состояние1_k-16.sig;1 дополнительное:;состояние2_k-21.sig;-0.01177048;0.008320448;3.708313;69;0.7874475;778;2.400644;4.490487;350;2.920865
62;61004;50007;57006;-2.019733E-09;0.9999999;ОС-1:;состояние1_k-16.sig;1 дополнительное:;состояние2_k-22.sig;-0.01177048;0.005566698;3.708313;69;0.4423613;235;2.390157;4.147632;257;3.265951
62;61004;50007;57006;-2.019733E-09;0.9999999;ОС-1:;состояние1_k-16.sig;1 дополнительное:;состояние2_k-23.sig;-0.01177048;0.0005916594;3.708313;69;0.1989884;129;2.38621;3.907187;194;3.509324
62;61004;50007;57006;-2.019733E-09;0.9999999;ОС-1:;состояние1_k-16.sig;1 дополнительное:;состояние2_k-24.sig;-0.01177048;-0.0009416744;3.708313;69;0.1025291;110;2.380442;3.808612;7;3.605783
62;61004;50007;57006;-2.019733E-09;0.9999999;ОС-1:;состояние1_k-16.sig;1 дополнительное:;состояние2_k-25.sig;-0.01177048;0;3.708313;69;0.1441921;15;2.378119;3.851985;194;3.56412
62;61004;50007;57006;-2.019733E-09;0.9999999;ОС-1:;состояние1_k-16.sig;1 дополнительное:;состояние2_k-26.sig;-0.01177048;0.0004082247;3.708313;69;0.1694977;430;2.379432;3.876844;257;3.538815
62;61004;50007;57006;-2.019733E-09;0.9999999;ОС-1:;состояние1_k-16.sig;1 дополнительное:;состояние2_k-27.sig;-0.01177048;-0.0002947038;3.708313;69;0.1540025;445;2.381559;3.862622;38;3.55431
62;61004;50007;57006;-2.019733E-09;0.9999999;ОС-1:;состояние1_k-16.sig;1 дополнительное:;состояние2_k-28.sig;-0.01177048;-0.0007118082;3.708313;69;0.1076778;102;2.381501;3.809527;101;3.600635
62;61004;50007;57006;-2.019733E-09;0.9999999;ОС-1:;состояние1_k-16.sig;1 дополнительное:;состояние2_k-29.sig;-0.01177048;-0.0002828311;3.708313;69;0.04401521;541;2.37943;3.751776;163;3.664297
62;61004;50007;57006;-2.019733E-09;0.9999999;ОС-1:;состояние1_k-16.sig;1 дополнительное:;состояние2_k-30.sig;-0.01177048;0;3.708313;69;0.02527528;3;2.37869;3.733423;319;3.683037
62;61004;50007;57006;-2.019733E-09;0.9999999;ОС-1:;состояние1_k-16.sig;1 дополнительное:;состояние2_k-31.sig;-0.01177048;-0.000645906;3.708313;69;0.08681892;352;2.379359;3.795413;288;3.621494
62;61004;50007;57006;-2.019733E-09;0.9999999;ОС-1:;состояние1_k-16.sig;1 дополнительное:;состояние2_k-32.sig;-0.01177048;-0.001560721;3.708313;69;0.1336279;55;2.38038;3.83811;7;3.574685
62;61004;50007;57006;-2.019733E-09;0.9999999;ОС-1:;состояние1_k-16.sig;1 дополнительное:;состояние2_k-33.sig;-0.01177048;-0.001611808;3.708313;69;0.159817;685;2.379241;3.866864;413;3.548496
62;61004;50007;57006;-2.019733E-09;0.9999999;ОС-1:;состояние1_k-16.sig;1 дополнительное:;состояние2_k-34.sig;-0.01177048;-0.000756165;3.708313;69;0.1626448;425;2.378519;3.865593;382;3.545668
62;61004;50007;57006;-2.019733E-09;0.9999999;ОС-1:;состояние1_k-16.sig;1 дополнительное:;состояние2_k-35.sig;-0.01177048;0;3.708313;69;0.1423197;37;2.378652;3.850536;194;3.565993
62;61004;50007;57006;-2.019733E-09;0.9999999;ОС-1:;состояние1_k-16.sig;1 дополнительное:;состояние2_k-36.sig;-0.01177048;1.195067E-05;3.708313;69;0.1017052;226;2.379655;3.805072;226;3.606607
62;61004;50007;57006;-2.019733E-09;0.9999999;ОС-1:;состояние1_k-16.sig;1 дополнительное:;состояние2_k-37.sig;-0.01177048;-0.0002631727;3.708313;69;0.04737647;620;2.379297;3.755547;444;3.660936
62;61004;50007;57006;-2.019733E-09;0.9999999;ОС-1:;состояние1_k-16.sig;1 дополнительное:;состояние2_k-38.sig;-0.01177048;-0.000119956;3.708313;69;0.03554858;197;2.378567;3.743331;38;3.672764
62;61004;50007;57006;-2.019733E-09;0.9999999;ОС-1:;состояние1_k-16.sig;1 дополнительное:;состояние2_k-39.sig;-0.01177048;0.0002600859;3.708313;69;0.1019118;699;2.378655;3.809263;288;3.606401
62;61004;50007;57006;-2.019733E-09;0.9999999;ОС-1:;состояние1_k-16.sig;1 дополнительное:;состояние2_k-40.sig;-0.01177048;-1.899898E-09;3.708313;69;0.1696417;2;2.379814;3.862925;101;3.538671
62;61004;50007;57006;-2.019733E-09;0.9999999;ОС-1:;состояние1_k-17.sig;1 дополнительное:;состояние2_k-21.sig;-0.03427901;0.008320448;3.01362;468;0.7874475;778;1.959758;3.799514;468;2.226172
62;61004;50007;57006;-2.019733E-09;0.9999999;ОС-1:;состояние1_k-17.sig;1 дополнительное:;состояние2_k-22.sig;-0.03427901;0.005566698;3.01362;468;0.4423613;235;1.931442;3.451984;144;2.571258
62;61004;50007;57006;-2.019733E-09;0.9999999;ОС-1:;состояние1_k-17.sig;1 дополнительное:;состояние2_k-23.sig;-0.03427901;0.0005916594;3.01362;468;0.1989884;129;1.928953;3.210155;86;2.814631
62;61004;50007;57006;-2.019733E-09;0.9999999;ОС-1:;состояние1_k-17.sig;1 дополнительное:;состояние2_k-24.sig;-0.03427901;-0.0009416744;3.01362;468;0.1025291;110;1.926967;3.115637;27;2.911091
62;61004;50007;57006;-2.019733E-09;0.9999999;ОС-1:;состояние1_k-17.sig;1 дополнительное:;состояние2_k-25.sig;-0.03427901;0;3.01362;468;0.1441921;15;1.922957;3.15773;115;2.869427
62;61004;50007;57006;-2.019733E-09;0.9999999;ОС-1:;состояние1_k-17.sig;1 дополнительное:;состояние2_k-26.sig;-0.03427901;0.0004082247;3.01362;468;0.1694977;430;1.922047;3.181043;527;2.844122
62;61004;50007;57006;-2.019733E-09;0.9999999;ОС-1:;состояние1_k-17.sig;1 дополнительное:;состояние2_k-27.sig;-0.03427901;-0.0002947038;3.01362;468;0.1540025;445;1.924241;3.166561;56;2.859617
62;61004;50007;57006;-2.019733E-09;0.9999999;ОС-1:;состояние1_k-17.sig;1 дополнительное:;состояние2_k-28.sig;-0.03427901;-0.0007118082;3.01362;468;0.1076778;102;1.925495;3.120475;674;2.905942
62;61004;50007;57006;-2.019733E-09;0.9999999;ОС-1:;состояние1_k-17.sig;1 дополнительное:;состояние2_k-29.sig;-0.03427901;-0.0002828311;3.01362;468;0.04401521;541;1.924314;3.054044;350;2.969604
62;61004;50007;57006;-2.019733E-09;0.9999999;ОС-1:;состояние1_k-17.sig;1 дополнительное:;состояние2_k-30.sig;-0.03427901;0;3.01362;468;0.02527528;3;1.922626;3.037298;203;2.988344
62;61004;50007;57006;-2.019733E-09;0.9999999;ОС-1:;состояние1_k-17.sig;1 дополнительное:;состояние2_k-31.sig;-0.03427901;-0.000645906;3.01362;468;0.08681892;352;1.923495;3.099659;174;2.926801
62;61004;50007;57006;-2.019733E-09;0.9999999;ОС-1:;состояние1_k-17.sig;1 дополнительное:;состояние2_k-32.sig;-0.03427901;-0.001560721;3.01362;468;0.1336279;55;1.924488;3.145185;86;2.879992
62;61004;50007;57006;-2.019733E-09;0.9999999;ОС-1:;состояние1_k-17.sig;1 дополнительное:;состояние2_k-33.sig;-0.03427901;-0.001611808;3.01362;468;0.159817;685;1.924379;3.173017;321;2.853803
62;61004;50007;57006;-2.019733E-09;0.9999999;ОС-1:;состояние1_k-17.sig;1 дополнительное:;состояние2_k-34.sig;-0.03427901;-0.000756165;3.01362;468;0.1626448;425;1.925107;3.172345;527;2.850975
62;61004;50007;57006;-2.019733E-09;0.9999999;ОС-1:;состояние1_k-17.sig;1 дополнительное:;состояние2_k-35.sig;-0.03427901;0;3.01362;468;0.1423197;37;1.922544;3.15503;380;2.8713
62;61004;50007;57006;-2.019733E-09;0.9999999;ОС-1:;состояние1_k-17.sig;1 дополнительное:;состояние2_k-36.sig;-0.03427901;1.195067E-05;3.01362;468;0.1017052;226;1.922569;3.115193;615;2.911914
62;61004;50007;57006;-2.019733E-09;0.9999999;ОС-1:;состояние1_k-17.sig;1 дополнительное:;состояние2_k-37.sig;-0.03427901;-0.0002631727;3.01362;468;0.04737647;620;1.923584;3.060796;174;2.966243
62;61004;50007;57006;-2.019733E-09;0.9999999;ОС-1:;состояние1_k-17.sig;1 дополнительное:;состояние2_k-38.sig;-0.03427901;-0.000119956;3.01362;468;0.03554858;197;1.923045;3.048262;762;2.978071
62;61004;50007;57006;-2.019733E-09;0.9999999;ОС-1:;состояние1_k-17.sig;1 дополнительное:;состояние2_k-39.sig;-0.03427901;0.0002600859;3.01362;468;0.1019118;699;1.922126;3.114054;174;2.911708
62;61004;50007;57006;-2.019733E-09;0.9999999;ОС-1:;состояние1_k-17.sig;1 дополнительное:;состояние2_k-40.sig;-0.03427901;-1.899898E-09;3.01362;468;0.1696417;2;1.922187;3.184237;115;2.843978
62;61004;50007;57006;-2.019733E-09;0.9999999;ОС-1:;состояние1_k-18.sig;1 дополнительное:;состояние2_k-21.sig;-0.03745313;0.008320448;2.353958;378;0.7874475;778;1.571775;3.138247;350;1.566511
62;61004;50007;57006;-2.019733E-09;0.9999999;ОС-1:;состояние1_k-18.sig;1 дополнительное:;состояние2_k-22.sig;-0.03745313;0.005566698;2.353958;378;0.4423613;235;1.514569;2.789899;212;1.911597
62;61004;50007;57006;-2.019733E-09;0.9999999;ОС-1:;состояние1_k-18.sig;1 дополнительное:;состояние2_k-23.sig;-0.03745313;0.0005916594;2.353958;378;0.1989884;129;1.502008;2.550802;128;2.15497
62;61004;50007;57006;-2.019733E-09;0.9999999;ОС-1:;состояние1_k-18.sig;1 дополнительное:;состояние2_k-24.sig;-0.03745313;-0.0009416744;2.353958;378;0.1025291;110;1.50131;2.447233;45;2.251429
62;61004;50007;57006;-2.019733E-09;0.9999999;ОС-1:;состояние1_k-18.sig;1 дополнительное:;состояние2_k-25.sig;-0.03745313;0;2.353958;378;0.1441921;15;1.499734;2.496742;295;2.209766
62;61004;50007;57006;-2.019733E-09;0.9999999;ОС-1:;состояние1_k-18.sig;1 дополнительное:;состояние2_k-26.sig;-0.03745313;0.0004082247;2.353958;378;0.1694977;430;1.498066;2.51935;239;2.184461
62;61004;50007;57006;-2.019733E-09;0.9999999;ОС-1:;состояние1_k-18.sig;1 дополнительное:;состояние2_k-27.sig;-0.03745313;-0.0002947038;2.353958;378;0.1540025;445;1.498683;2.499097;295;2.199956
62;61004;50007;57006;-2.019733E-09;0.9999999;ОС-1:;состояние1_k-18.sig;1 дополнительное:;состояние2_k-28.sig;-0.03745313;-0.0007118082;2.353958;378;0.1076778;102;1.499412;2.460701;156;2.24628
62;61004;50007;57006;-2.019733E-09;0.9999999;ОС-1:;состояние1_k-18.sig;1 дополнительное:;состояние2_k-29.sig;-0.03745313;-0.0002828311;2.353958;378;0.04401521;541;1.499193;2.397643;489;2.309943
62;61004;50007;57006;-2.019733E-09;0.9999999;ОС-1:;состояние1_k-18.sig;1 дополнительное:;состояние2_k-30.sig;-0.03745313;0;2.353958;378;0.02527528;3;1.497971;2.375699;239;2.328683
62;61004;50007;57006;-2.019733E-09;0.9999999;ОС-1:;состояние1_k-18.sig;1 дополнительное:;состояние2_k-31.sig;-0.03745313;-0.000645906;2.353958;378;0.08681892;352;1.497664;2.440483;739;2.267139
62;61004;50007;57006;-2.019733E-09;0.9999999;ОС-1:;состояние1_k-18.sig;1 дополнительное:;состояние2_k-32.sig;-0.03745313;-0.001560721;2.353958;378;0.1336279;55;1.498112;2.485599;461;2.22033
62;61004;50007;57006;-2.019733E-09;0.9999999;ОС-1:;состояние1_k-18.sig;1 дополнительное:;состояние2_k-33.sig;-0.03745313;-0.001611808;2.353958;378;0.159817;685;1.499325;2.510088;489;2.194141
62;61004;50007;57006;-2.019733E-09;0.9999999;ОС-1:;состояние1_k-18.sig;1 дополнительное:;состояние2_k-34.sig;-0.03745313;-0.000756165;2.353958;378;0.1626448;425;1.499686;2.513255;72;2.191314
62;61004;50007;57006;-2.019733E-09;0.9999999;ОС-1:;состояние1_k-18.sig;1 дополнительное:;состояние2_k-35.sig;-0.03745313;0;2.353958;378;0.1423197;37;1.498829;2.492504;295;2.211639
62;61004;50007;57006;-2.019733E-09;0.9999999;ОС-1:;состояние1_k-18.sig;1 дополнительное:;состояние2_k-36.sig;-0.03745313;1.195067E-05;2.353958;378;0.1017052;226;1.499182;2.454519;267;2.252253
62;61004;50007;57006;-2.019733E-09;0.9999999;ОС-1:;состояние1_k-18.sig;1 дополнительное:;состояние2_k-37.sig;-0.03745313;-0.0002631727;2.353958;378;0.04737647;620;1.498276;2.400328;350;2.306582
62;61004;50007;57006;-2.019733E-09;0.9999999;ОС-1:;состояние1_k-18.sig;1 дополнительное:;состояние2_k-38.sig;-0.03745313;-0.000119956;2.353958;378;0.03554858;197;1.498308;2.386849;211;2.31841
62;61004;50007;57006;-2.019733E-09;0.9999999;ОС-1:;состояние1_k-18.sig;1 дополнительное:;состояние2_k-39.sig;-0.03745313;0.0002600859;2.353958;378;0.1019118;699;1.498258;2.455166;378;2.252047
62;61004;50007;57006;-2.019733E-09;0.9999999;ОС-1:;состояние1_k-18.sig;1 дополнительное:;состояние2_k-40.sig;-0.03745313;-1.899898E-09;2.353958;378;0.1696417;2;1.498855;2.523025;128;2.184317
62;61004;50007;57006;-2.019733E-09;0.9999999;ОС-1:;состояние1_k-19.sig;1 дополнительное:;состояние2_k-21.sig;-0.02001237;0.008320448;1.752545;508;0.7874475;778;1.248618;2.538054;87;0.9650976
62;61004;50007;57006;-2.019733E-09;0.9999999;ОС-1:;состояние1_k-19.sig;1 дополнительное:;состояние2_k-22.sig;-0.02001237;0.005566698;1.752545;508;0.4423613;235;1.155449;2.194537;8;1.310184
62;61004;50007;57006;-2.019733E-09;0.9999999;ОС-1:;состояние1_k-19.sig;1 дополнительное:;состояние2_k-23.sig;-0.02001237;0.0005916594;1.752545;508;0.1989884;129;1.124066;1.949997;455;1.553557
62;61004;50007;57006;-2.019733E-09;0.9999999;ОС-1:;состояние1_k-19.sig;1 дополнительное:;состояние2_k-24.sig;-0.02001237;-0.0009416744;1.752545;508;0.1025291;110;1.121712;1.852208;692;1.650016
62;61004;50007;57006;-2.019733E-09;0.9999999;ОС-1:;состояние1_k-19.sig;1 дополнительное:;состояние2_k-25.sig;-0.02001237;0;1.752545;508;0.1441921;15;1.124061;1.895127;34;1.608353
62;61004;50007;57006;-2.019733E-09;0.9999999;ОС-1:;состояние1_k-19.sig;1 дополнительное:;состояние2_k-26.sig;-0.02001237;0.0004082247;1.752545;508;0.1694977;430;1.122833;1.919762;429;1.583047
62;61004;50007;57006;-2.019733E-09;0.9999999;ОС-1:;состояние1_k-19.sig;1 дополнительное:;состояние2_k-27.sig;-0.02001237;-0.0002947038;1.752545;508;0.1540025;445;1.120992;1.905148;482;1.598543
62;61004;50007;57006;-2.019733E-09;0.9999999;ОС-1:;состояние1_k-19.sig;1 дополнительное:;состояние2_k-28.sig;-0.02001237;-0.0007118082;1.752545;508;0.1076778;102;1.120731;1.859781;745;1.644867
62;61004;50007;57006;-2.019733E-09;0.9999999;ОС-1:;состояние1_k-19.sig;1 дополнительное:;состояние2_k-29.sig;-0.02001237;-0.0002828311;1.752545;508;0.04401521;541;1.1212;1.795155;350;1.70853
62;61004;50007;57006;-2.019733E-09;0.9999999;ОС-1:;состояние1_k-19.sig;1 дополнительное:;состояние2_k-30.sig;-0.02001237;0;1.752545;508;0.02527528;3;1.120692;1.777526;87;1.72727
62;61004;50007;57006;-2.019733E-09;0.9999999;ОС-1:;состояние1_k-19.sig;1 дополнительное:;состояние2_k-31.sig;-0.02001237;-0.000645906;1.752545;508;0.08681892;352;1.120109;1.836701;61;1.665726
62;61004;50007;57006;-2.019733E-09;0.9999999;ОС-1:;состояние1_k-19.sig;1 дополнительное:;состояние2_k-32.sig;-0.02001237;-0.001560721;1.752545;508;0.1336279;55;1.120333;1.88619;508;1.618917
62;61004;50007;57006;-2.019733E-09;0.9999999;ОС-1:;состояние1_k-19.sig;1 дополнительное:;состояние2_k-33.sig;-0.02001237;-0.001611808;1.752545;508;0.159817;685;1.121698;1.910837;245;1.592728
62;61004;50007;57006;-2.019733E-09;0.9999999;ОС-1:;состояние1_k-19.sig;1 дополнительное:;состояние2_k-34.sig;-0.02001237;-0.000756165;1.752545;508;0.1626448;425;1.122555;1.914968;87;1.5899
62;61004;50007;57006;-2.019733E-09;0.9999999;ОС-1:;состояние1_k-19.sig;1 дополнительное:;состояние2_k-35.sig;-0.02001237;0;1.752545;508;0.1423197;37;1.122068;1.894156;8;1.610225
62;61004;50007;57006;-2.019733E-09;0.9999999;ОС-1:;состояние1_k-19.sig;1 дополнительное:;состояние2_k-36.sig;-0.02001237;1.195067E-05;1.752545;508;0.1017052;226;1.121333;1.854177;587;1.65084
62;61004;50007;57006;-2.019733E-09;0.9999999;ОС-1:;состояние1_k-19.sig;1 дополнительное:;состояние2_k-37.sig;-0.02001237;-0.0002631727;1.752545;508;0.04737647;620;1.120636;1.797163;376;1.705169
62;61004;50007;57006;-2.019733E-09;0.9999999;ОС-1:;состояние1_k-19.sig;1 дополнительное:;состояние2_k-38.sig;-0.02001237;-0.000119956;1.752545;508;0.03554858;197;1.120959;1.768295;482;1.716997
62;61004;50007;57006;-2.019733E-09;0.9999999;ОС-1:;состояние1_k-19.sig;1 дополнительное:;состояние2_k-39.sig;-0.02001237;0.0002600859;1.752545;508;0.1019118;699;1.121516;1.852445;455;1.650633
62;61004;50007;57006;-2.019733E-09;0.9999999;ОС-1:;состояние1_k-19.sig;1 дополнительное:;состояние2_k-40.sig;-0.02001237;-1.899898E-09;1.752545;508;0.1696417;2;1.121848;1.920827;140;1.582903
62;61004;50007;57006;-2.019733E-09;0.9999999;ОС-1:;состояние1_k-20.sig;1 дополнительное:;состояние2_k-21.sig;0;0.008320448;1.226251;25;0.7874475;778;0.98131;2.01146;350;0.4388035
62;61004;50007;57006;-2.019733E-09;0.9999999;ОС-1:;состояние1_k-20.sig;1 дополнительное:;состояние2_k-22.sig;0;0.005566698;1.226251;25;0.4423613;235;0.8453817;1.665306;75;0.7838898
62;61004;50007;57006;-2.019733E-09;0.9999999;ОС-1:;состояние1_k-20.sig;1 дополнительное:;состояние2_k-23.sig;0;0.0005916594;1.226251;25;0.1989884;129;0.7886183;1.425013;325;1.027263
62;61004;50007;57006;-2.019733E-09;0.9999999;ОС-1:;состояние1_k-20.sig;1 дополнительное:;состояние2_k-24.sig;0;-0.0009416744;1.226251;25;0.1025291;110;0.777928;1.325123;150;1.123722
62;61004;50007;57006;-2.019733E-09;0.9999999;ОС-1:;состояние1_k-20.sig;1 дополнительное:;состояние2_k-25.sig;0;0;1.226251;25;0.1441921;15;0.7834614;1.370443;75;1.082059
62;61004;50007;57006;-2.019733E-09;0.9999999;ОС-1:;состояние1_k-20.sig;1 дополнительное:;состояние2_k-26.sig;0;0.0004082247;1.226251;25;0.1694977;430;0.7856489;1.394424;200;1.056753
62;61004;50007;57006;-2.019733E-09;0.9999999;ОС-1:;состояние1_k-20.sig;1 дополнительное:;состояние2_k-27.sig;0;-0.0002947038;1.226251;25;0.1540025;445;0.782807;1.379933;575;1.072248
62;61004;50007;57006;-2.019733E-09;0.9999999;ОС-1:;состояние1_k-20.sig;1 дополнительное:;состояние2_k-28.sig;0;-0.0007118082;1.226251;25;0.1076778;102;0.7800164;1.327618;100;1.118573
62;61004;50007;57006;-2.019733E-09;0.9999999;ОС-1:;состояние1_k-20.sig;1 дополнительное:;состояние2_k-29.sig;0;-0.0002828311;1.226251;25;0.04401521;541;0.7804229;1.270162;300;1.182236
62;61004;50007;57006;-2.019733E-09;0.9999999;ОС-1:;состояние1_k-20.sig;1 дополнительное:;состояние2_k-30.sig;0;0;1.226251;25;0.02527528;3;0.7811696;1.247741;0;1.200976
62;61004;50007;57006;-2.019733E-09;0.9999999;ОС-1:;состояние1_k-20.sig;1 дополнительное:;состояние2_k-31.sig;0;-0.000645906;1.226251;25;0.08681892;352;0.7802292;1.312802;175;1.139432
62;61004;50007;57006;-2.019733E-09;0.9999999;ОС-1:;состояние1_k-20.sig;1 дополнительное:;состояние2_k-32.sig;0;-0.001560721;1.226251;25;0.1336279;55;0.7797545;1.355096;150;1.092623
62;61004;50007;57006;-2.019733E-09;0.9999999;ОС-1:;состояние1_k-20.sig;1 дополнительное:;состояние2_k-33.sig;0;-0.001611808;1.226251;25;0.159817;685;0.7807856;1.38602;200;1.066434
62;61004;50007;57006;-2.019733E-09;0.9999999;ОС-1:;состояние1_k-20.sig;1 дополнительное:;состояние2_k-34.sig;0;-0.000756165;1.226251;25;0.1626448;425;0.7827241;1.388896;175;1.063606
62;61004;50007;57006;-2.019733E-09;0.9999999;ОС-1:;состояние1_k-20.sig;1 дополнительное:;состояние2_k-35.sig;0;0;1.226251;25;0.1423197;37;0.7835899;1.362689;150;1.083931
62;61004;50007;57006;-2.019733E-09;0.9999999;ОС-1:;состояние1_k-20.sig;1 дополнительное:;состояние2_k-36.sig;0;1.195067E-05;1.226251;25;0.1017052;226;0.7818553;1.319685;74;1.124546
62;61004;50007;57006;-2.019733E-09;0.9999999;ОС-1:;состояние1_k-20.sig;1 дополнительное:;состояние2_k-37.sig;0;-0.0002631727;1.226251;25;0.04737647;620;0.7805889;1.273541;350;1.178874
62;61004;50007;57006;-2.019733E-09;0.9999999;ОС-1:;состояние1_k-20.sig;1 дополнительное:;состояние2_k-38.sig;0;-0.000119956;1.226251;25;0.03554858;197;0.7809693;1.26166;250;1.190702
62;61004;50007;57006;-2.019733E-09;0.9999999;ОС-1:;состояние1_k-20.sig;1 дополнительное:;состояние2_k-39.sig;0;0.0002600859;1.226251;25;0.1019118;699;0.7827113;1.327932;750;1.124339
62;61004;50007;57006;-2.019733E-09;0.9999999;ОС-1:;состояние1_k-20.sig;1 дополнительное:;состояние2_k-40.sig;0;-1.899898E-09;1.226251;25;0.1696417;2;0.7860778;1.373047;1;1.056609
62;52002;45005;45008;1.156004E-09;0.9999996;ОС-1:;состояние1_k-1.sig;1 дополнительное:;состояние2_k-21.sig;0.2824704;0.008364604;1.266731;351;0.791771;778;0.8345079;2.04578;373;0.4749603
62;52002;45005;45008;1.156004E-09;0.9999996;ОС-1:;состояние1_k-1.sig;1 дополнительное:;состояние2_k-22.sig;0.2824704;0.005644895;1.266731;351;0.4476479;235;0.763047;1.713714;349;0.8190833
62;52002;45005;45008;1.156004E-09;0.9999996;ОС-1:;состояние1_k-1.sig;1 дополнительное:;состояние2_k-23.sig;0.2824704;0.0006665818;1.266731;351;0.2043423;390;0.733027;1.463494;368;1.062389
62;52002;45005;45008;1.156004E-09;0.9999996;ОС-1:;состояние1_k-1.sig;1 дополнительное:;состояние2_k-24.sig;0.2824704;-0.0009062215;1.266731;351;0.1015729;69;0.7259654;1.365351;340;1.165158
62;52002;45005;45008;1.156004E-09;0.9999996;ОС-1:;состояние1_k-1.sig;1 дополнительное:;состояние2_k-25.sig;0.2824704;0;1.266731;351;0.1376399;15;0.7297022;1.403923;355;1.129091
62;52002;45005;45008;1.156004E-09;0.9999996;ОС-1:;состояние1_k-1.sig;1 дополнительное:;состояние2_k-26.sig;0.2824704;0.0004174982;1.266731;351;0.1612772;84;0.7299107;1.420992;334;1.105454
62;52002;45005;45008;1.156004E-09;0.9999996;ОС-1:;состояние1_k-1.sig;1 дополнительное:;состояние2_k-27.sig;0.2824704;-0.0002373421;1.266731;351;0.1451479;334;0.7280142;1.411288;352;1.121583
62;52002;45005;45008;1.156004E-09;0.9999996;ОС-1:;состояние1_k-1.sig;1 дополнительное:;состояние2_k-28.sig;0.2824704;-0.0006187615;1.266731;351;0.0985281;245;0.7266446;1.358215;335;1.168203
62;52002;45005;45008;1.156004E-09;0.9999996;ОС-1:;состояние1_k-1.sig;1 дополнительное:;состояние2_k-29.sig;0.2824704;-0.0002114967;1.266731;351;0.03468693;231;0.726295;1.301329;352;1.232044
62;52002;45005;45008;1.156004E-09;0.9999996;ОС-1:;состояние1_k-1.sig;1 дополнительное:;состояние2_k-30.sig;0.2824704;0;1.266731;351;0.03368258;2;0.7258568;1.300377;352;1.233049
62;52002;45005;45008;1.156004E-09;0.9999996;ОС-1:;состояние1_k-1.sig;1 дополнительное:;состояние2_k-31.sig;0.2824704;-0.0007141924;1.266731;351;0.09532996;255;0.7272871;1.356404;336;1.171401
62;52002;45005;45008;1.156004E-09;0.9999996;ОС-1:;состояние1_k-1.sig;1 дополнительное:;состояние2_k-32.sig;0.2824704;-0.001647913;1.266731;351;0.1419048;86;0.7269608;1.408223;352;1.124826
62;52002;45005;45008;1.156004E-09;0.9999996;ОС-1:;состояние1_k-1.sig;1 дополнительное:;состояние2_k-33.sig;0.2824704;-0.001668476;1.266731;351;0.1678097;200;0.728649;1.428622;336;1.098922
62;52002;45005;45008;1.156004E-09;0.9999996;ОС-1:;состояние1_k-1.sig;1 дополнительное:;состояние2_k-34.sig;0.2824704;-0.0007713676;1.266731;351;0.1704398;72;0.729425;1.436604;351;1.096292
62;52002;45005;45008;1.156004E-09;0.9999996;ОС-1:;состояние1_k-1.sig;1 дополнительное:;состояние2_k-35.sig;0.2824704;0;1.266731;351;0.1500564;94;0.7289655;1.412043;337;1.116675
62;52002;45005;45008;1.156004E-09;0.9999996;ОС-1:;состояние1_k-1.sig;1 дополнительное:;состояние2_k-36.sig;0.2824704;-5.683783E-06;1.266731;351;0.1096209;87;0.727297;1.376296;351;1.15711
62;52002;45005;45008;1.156004E-09;0.9999996;ОС-1:;состояние1_k-1.sig;1 дополнительное:;состояние2_k-37.sig;0.2824704;-0.000309975;1.266731;351;0.0556749;620;0.7246895;1.318572;363;1.211056
62;52002;45005;45008;1.156004E-09;0.9999996;ОС-1:;состояние1_k-1.sig;1 дополнительное:;состояние2_k-38.sig;0.2824704;-0.0001803973;1.266731;351;0.03309527;119;0.7254663;1.298243;343;1.233636
62;52002;45005;45008;1.156004E-09;0.9999996;ОС-1:;состояние1_k-1.sig;1 дополнительное:;состояние2_k-39.sig;0.2824704;0.0002162743;1.266731;351;0.09494679;571;0.7268187;1.361549;353;1.171785
62;52002;45005;45008;1.156004E-09;0.9999996;ОС-1:;состояние1_k-1.sig;1 дополнительное:;состояние2_k-40.sig;0.2824704;-4.656613E-09;1.266731;351;0.1614948;3;0.7297682;1.426455;340;1.105237
62;52002;45005;45008;1.156004E-09;0.9999996;ОС-1:;состояние1_k-2.sig;1 дополнительное:;состояние2_k-21.sig;0.3854704;0.008364604;2.489925;101;0.791771;778;1.60653;3.27986;349;1.698154
62;52002;45005;45008;1.156004E-09;0.9999996;ОС-1:;состояние1_k-2.sig;1 дополнительное:;состояние2_k-22.sig;0.3854704;0.005644895;2.489925;101;0.4476479;235;1.596328;2.857306;120;2.042277
62;52002;45005;45008;1.156004E-09;0.9999996;ОС-1:;состояние1_k-2.sig;1 дополнительное:;состояние2_k-23.sig;0.3854704;0.0006665818;2.489925;101;0.2043423;390;1.576351;2.691036;347;2.285582
62;52002;45005;45008;1.156004E-09;0.9999996;ОС-1:;состояние1_k-2.sig;1 дополнительное:;состояние2_k-24.sig;0.3854704;-0.0009062215;2.489925;101;0.1015729;69;1.576327;2.575255;359;2.388352
62;52002;45005;45008;1.156004E-09;0.9999996;ОС-1:;состояние1_k-2.sig;1 дополнительное:;состояние2_k-25.sig;0.3854704;0;2.489925;101;0.1376399;15;1.573076;2.621061;595;2.352285
62;52002;45005;45008;1.156004E-09;0.9999996;ОС-1:;состояние1_k-2.sig;1 дополнительное:;состояние2_k-26.sig;0.3854704;0.0004174982;2.489925;101;0.1612772;84;1.579234;2.650133;103;2.328648
62;52002;45005;45008;1.156004E-09;0.9999996;ОС-1:;состояние1_k-2.sig;1 дополнительное:;состояние2_k-27.sig;0.3854704;-0.0002373421;2.489925;101;0.1451479;334;1.573202;2.624956;94;2.344777
62;52002;45005;45008;1.156004E-09;0.9999996;ОС-1:;состояние1_k-2.sig;1 дополнительное:;состояние2_k-28.sig;0.3854704;-0.0006187615;2.489925;101;0.0985281;245;1.575193;2.588142;352;2.391397
62;52002;45005;45008;1.156004E-09;0.9999996;ОС-1:;состояние1_k-2.sig;1 дополнительное:;состояние2_k-29.sig;0.3854704;-0.0002114967;2.489925;101;0.03468693;231;1.574672;2.516006;595;2.455238
62;52002;45005;45008;1.156004E-09;0.9999996;ОС-1:;состояние1_k-2.sig;1 дополнительное:;состояние2_k-30.sig;0.3854704;0;2.489925;101;0.03368258;2;1.575151;2.489167;90;2.456242
62;52002;45005;45008;1.156004E-09;0.9999996;ОС-1:;состояние1_k-2.sig;1 дополнительное:;состояние2_k-31.sig;0.3854704;-0.0007141924;2.489925;101;0.09532996;255;1.573634;2.584878;352;2.394595
62;52002;45005;45008;1.156004E-09;0.9999996;ОС-1:;состояние1_k-2.sig;1 дополнительное:;состояние2_k-32.sig;0.3854704;-0.001647913;2.489925;101;0.1419048;86;1.575915;2.631162;102;2.34802
62;52002;45005;45008;1.156004E-09;0.9999996;ОС-1:;состояние1_k-2.sig;1 дополнительное:;состояние2_k-33.sig;0.3854704;-0.001668476;2.489925;101;0.1678097;200;1.576405;2.656778;351;2.322115
62;52002;45005;45008;1.156004E-09;0.9999996;ОС-1:;состояние1_k-2.sig;1 дополнительное:;состояние2_k-34.sig;0.3854704;-0.0007713676;2.489925;101;0.1704398;72;1.567773;2.622854;87;2.319485
62;52002;45005;45008;1.156004E-09;0.9999996;ОС-1:;состояние1_k-2.sig;1 дополнительное:;состояние2_k-35.sig;0.3854704;0;2.489925;101;0.1500564;94;1.575093;2.639848;351;2.339868
62;52002;45005;45008;1.156004E-09;0.9999996;ОС-1:;состояние1_k-2.sig;1 дополнительное:;состояние2_k-36.sig;0.3854704;-5.683783E-06;2.489925;101;0.1096209;87;1.574335;2.599489;101;2.380304
62;52002;45005;45008;1.156004E-09;0.9999996;ОС-1:;состояние1_k-2.sig;1 дополнительное:;состояние2_k-37.sig;0.3854704;-0.000309975;2.489925;101;0.0556749;620;1.57365;2.54539;350;2.43425
62;52002;45005;45008;1.156004E-09;0.9999996;ОС-1:;состояние1_k-2.sig;1 дополнительное:;состояние2_k-38.sig;0.3854704;-0.0001803973;2.489925;101;0.03309527;119;1.573759;2.51879;105;2.456829
62;52002;45005;45008;1.156004E-09;0.9999996;ОС-1:;состояние1_k-2.sig;1 дополнительное:;состояние2_k-39.sig;0.3854704;0.0002162743;2.489925;101;0.09494679;571;1.5749;2.581721;97;2.394978
62;52002;45005;45008;1.156004E-09;0.9999996;ОС-1:;состояние1_k-2.sig;1 дополнительное:;состояние2_k-40.sig;0.3854704;-4.656613E-09;2.489925;101;0.1614948;3;1.575544;2.650806;352;2.32843
62;52002;45005;45008;1.156004E-09;0.9999996;ОС-1:;состояние1_k-3.sig;1 дополнительное:;состояние2_k-21.sig;0.2776832;0.008364604;3.628179;684;0.791771;778;2.358481;4.125634;38;2.836408
62;52002;45005;45008;1.156004E-09;0.9999996;ОС-1:;состояние1_k-3.sig;1 дополнительное:;состояние2_k-22.sig;0.2776832;0.005644895;3.628179;684;0.4476479;235;2.290362;4.073258;349;3.180532
62;52002;45005;45008;1.156004E-09;0.9999996;ОС-1:;состояние1_k-3.sig;1 дополнительное:;состояние2_k-23.sig;0.2776832;0.0006665818;3.628179;684;0.2043423;390;2.290879;3.827818;20;3.423837
62;52002;45005;45008;1.156004E-09;0.9999996;ОС-1:;состояние1_k-3.sig;1 дополнительное:;состояние2_k-24.sig;0.2776832;-0.0009062215;3.628179;684;0.1015729;69;2.290043;3.689965;190;3.526606
62;52002;45005;45008;1.156004E-09;0.9999996;ОС-1:;состояние1_k-3.sig;1 дополнительное:;состояние2_k-25.sig;0.2776832;0;3.628179;684;0.1376399;15;2.287356;3.757807;354;3.49054
62;52002;45005;45008;1.156004E-09;0.9999996;ОС-1:;состояние1_k-3.sig;1 дополнительное:;состояние2_k-26.sig;0.2776832;0.0004174982;3.628179;684;0.1612772;84;2.285569;3.781696;681;3.466902
62;52002;45005;45008;1.156004E-09;0.9999996;ОС-1:;состояние1_k-3.sig;1 дополнительное:;состояние2_k-27.sig;0.2776832;-0.0002373421;3.628179;684;0.1451479;334;2.297495;3.771778;352;3.483032
62;52002;45005;45008;1.156004E-09;0.9999996;ОС-1:;состояние1_k-3.sig;1 дополнительное:;состояние2_k-28.sig;0.2776832;-0.0006187615;3.628179;684;0.0985281;245;2.287388;3.717086;14;3.529651
62;52002;45005;45008;1.156004E-09;0.9999996;ОС-1:;состояние1_k-3.sig;1 дополнительное:;состояние2_k-29.sig;0.2776832;-0.0002114967;3.628179;684;0.03468693;231;2.287812;3.66255;351;3.593492
62;52002;45005;45008;1.156004E-09;0.9999996;ОС-1:;состояние1_k-3.sig;1 дополнительное:;состояние2_k-30.sig;0.2776832;0;3.628179;684;0.03368258;2;2.287803;3.661307;18;3.594497
62;52002;45005;45008;1.156004E-09;0.9999996;ОС-1:;состояние1_k-3.sig;1 дополнительное:;состояние2_k-31.sig;0.2776832;-0.0007141924;3.628179;684;0.09532996;255;2.287632;3.714426;14;3.532849
62;52002;45005;45008;1.156004E-09;0.9999996;ОС-1:;состояние1_k-3.sig;1 дополнительное:;состояние2_k-32.sig;0.2776832;-0.001647913;3.628179;684;0.1419048;86;2.287546;3.768886;351;3.486274
62;52002;45005;45008;1.156004E-09;0.9999996;ОС-1:;состояние1_k-3.sig;1 дополнительное:;состояние2_k-33.sig;0.2776832;-0.001668476;3.628179;684;0.1678097;200;2.297512;3.683452;172;3.46037
62;52002;45005;45008;1.156004E-09;0.9999996;ОС-1:;состояние1_k-3.sig;1 дополнительное:;состояние2_k-34.sig;0.2776832;-0.0007713676;3.628179;684;0.1704398;72;2.286308;3.798019;351;3.45774
62;52002;45005;45008;1.156004E-09;0.9999996;ОС-1:;состояние1_k-3.sig;1 дополнительное:;состояние2_k-35.sig;0.2776832;0;3.628179;684;0.1500564;94;2.285967;3.767298;180;3.478123
62;52002;45005;45008;1.156004E-09;0.9999996;ОС-1:;состояние1_k-3.sig;1 дополнительное:;состояние2_k-36.sig;0.2776832;-5.683783E-06;3.628179;684;0.1096209;87;2.28785;3.73771;351;3.518559
62;52002;45005;45008;1.156004E-09;0.9999996;ОС-1:;состояние1_k-3.sig;1 дополнительное:;состояние2_k-37.sig;0.2776832;-0.000309975;3.628179;684;0.0556749;620;2.28824;3.677905;187;3.572505
62;52002;45005;45008;1.156004E-09;0.9999996;ОС-1:;состояние1_k-3.sig;1 дополнительное:;состояние2_k-38.sig;0.2776832;-0.0001803973;3.628179;684;0.03309527;119;2.287823;3.66071;685;3.595084
62;52002;45005;45008;1.156004E-09;0.9999996;ОС-1:;состояние1_k-3.sig;1 дополнительное:;состояние2_k-39.sig;0.2776832;0.0002162743;3.628179;684;0.09494679;571;2.29135;3.720372;186;3.533232
62;52002;45005;45008;1.156004E-09;0.9999996;ОС-1:;состояние1_k-3.sig;1 дополнительное:;состояние2_k-40.sig;0.2776832;-4.656613E-09;3.628179;684;0.1614948;3;2.286485;3.787023;15;3.466685
62;52002;45005;45008;1.156004E-09;0.9999996;ОС-1:;состояние1_k-4.sig;1 дополнительное:;состояние2_k-21.sig;0.09197652;0.008364604;4.64404;226;0.791771;778;2.913563;5.432796;350;3.852269
62;52002;45005;45008;1.156004E-09;0.9999996;ОС-1:;состояние1_k-4.sig;1 дополнительное:;состояние2_k-22.sig;0.09197652;0.005644895;4.64404;226;0.4476479;235;2.891099;5.086706;99;4.196392
62;52002;45005;45008;1.156004E-09;0.9999996;ОС-1:;состояние1_k-4.sig;1 дополнительное:;состояние2_k-23.sig;0.09197652;0.0006665818;4.64404;226;0.2043423;390;2.883696;4.832814;348;4.439697
62;52002;45005;45008;1.156004E-09;0.9999996;ОС-1:;состояние1_k-4.sig;1 дополнительное:;состояние2_k-24.sig;0.09197652;-0.0009062215;4.64404;226;0.1015729;69;2.880972;4.685198;105;4.542467
62;52002;45005;45008;1.156004E-09;0.9999996;ОС-1:;состояние1_k-4.sig;1 дополнительное:;состояние2_k-25.sig;0.09197652;0;4.64404;226;0.1376399;15;2.880691;4.780949;475;4.5064
62;52002;45005;45008;1.156004E-09;0.9999996;ОС-1:;состояние1_k-4.sig;1 дополнительное:;состояние2_k-26.sig;0.09197652;0.0004174982;4.64404;226;0.1612772;84;2.881929;4.799986;352;4.482762
62;52002;45005;45008;1.156004E-09;0.9999996;ОС-1:;состояние1_k-4.sig;1 дополнительное:;состояние2_k-27.sig;0.09197652;-0.0002373421;4.64404;226;0.1451479;334;2.88385;4.782208;724;4.498892
62;52002;45005;45008;1.156004E-09;0.9999996;ОС-1:;состояние1_k-4.sig;1 дополнительное:;состояние2_k-28.sig;0.09197652;-0.0006187615;4.64404;226;0.0985281;245;2.872851;4.740683;101;4.545512
62;52002;45005;45008;1.156004E-09;0.9999996;ОС-1:;состояние1_k-4.sig;1 дополнительное:;состояние2_k-29.sig;0.09197652;-0.0002114967;4.64404;226;0.03468693;231;2.882819;4.667667;727;4.609353
62;52002;45005;45008;1.156004E-09;0.9999996;ОС-1:;состояние1_k-4.sig;1 дополнительное:;состояние2_k-30.sig;0.09197652;0;4.64404;226;0.03368258;2;2.881512;4.677009;101;4.610357
62;52002;45005;45008;1.156004E-09;0.9999996;ОС-1:;состояние1_k-4.sig;1 дополнительное:;состояние2_k-31.sig;0.09197652;-0.0007141924;4.64404;226;0.09532996;255;2.881567;4.738261;351;4.54871
62;52002;45005;45008;1.156004E-09;0.9999996;ОС-1:;состояние1_k-4.sig;1 дополнительное:;состояние2_k-32.sig;0.09197652;-0.001647913;4.64404;226;0.1419048;86;2.883336;4.78478;226;4.502135
62;52002;45005;45008;1.156004E-09;0.9999996;ОС-1:;состояние1_k-4.sig;1 дополнительное:;состояние2_k-33.sig;0.09197652;-0.001668476;4.64404;226;0.1678097;200;2.883129;4.810893;351;4.47623
62;52002;45005;45008;1.156004E-09;0.9999996;ОС-1:;состояние1_k-4.sig;1 дополнительное:;состояние2_k-34.sig;0.09197652;-0.0007713676;4.64404;226;0.1704398;72;2.883139;4.813912;101;4.4736
62;52002;45005;45008;1.156004E-09;0.9999996;ОС-1:;состояние1_k-4.sig;1 дополнительное:;состояние2_k-35.sig;0.09197652;0;4.64404;226;0.1500564;94;2.882871;4.793962;351;4.493983
62;52002;45005;45008;1.156004E-09;0.9999996;ОС-1:;состояние1_k-4.sig;1 дополнительное:;состояние2_k-36.sig;0.09197652;-5.683783E-06;4.64404;226;0.1096209;87;2.872616;4.578716;93;4.534419
62;52002;45005;45008;1.156004E-09;0.9999996;ОС-1:;состояние1_k-4.sig;1 дополнительное:;состояние2_k-37.sig;0.09197652;-0.000309975;4.64404;226;0.0556749;620;2.882511;4.698876;350;4.588365
62;52002;45005;45008;1.156004E-09;0.9999996;ОС-1:;состояние1_k-4.sig;1 дополнительное:;состояние2_k-38.sig;0.09197652;-0.0001803973;4.64404;226;0.03309527;119;2.88168;4.675928;475;4.610944
62;52002;45005;45008;1.156004E-09;0.9999996;ОС-1:;состояние1_k-4.sig;1 дополнительное:;состояние2_k-39.sig;0.09197652;0.0002162743;4.64404;226;0.09494679;571;2.880915;4.738181;225;4.549093
62;52002;45005;45008;1.156004E-09;0.9999996;ОС-1:;состояние1_k-4.sig;1 дополнительное:;состояние2_k-40.sig;0.09197652;-4.656613E-09;4.64404;226;0.1614948;3;2.881906;4.803012;102;4.482545
62;52002;45005;45008;1.156004E-09;0.9999996;ОС-1:;состояние1_k-5.sig;1 дополнительное:;состояние2_k-21.sig;0;0.008364604;5.506087;151;0.791771;778;3.519655;6.274519;253;4.714316
62;52002;45005;45008;1.156004E-09;0.9999996;ОС-1:;состояние1_k-5.sig;1 дополнительное:;состояние2_k-22.sig;0;0.005644895;5.506087;151;0.4476479;235;3.513983;5.945078;349;5.058439
62;52002;45005;45008;1.156004E-09;0.9999996;ОС-1:;состояние1_k-5.sig;1 дополнительное:;состояние2_k-23.sig;0;0.0006665818;5.506087;151;0.2043423;390;3.510686;5.710399;151;5.301744
62;52002;45005;45008;1.156004E-09;0.9999996;ОС-1:;состояние1_k-5.sig;1 дополнительное:;состояние2_k-24.sig;0;-0.0009062215;5.506087;151;0.1015729;69;3.506265;5.605838;651;5.404514
62;52002;45005;45008;1.156004E-09;0.9999996;ОС-1:;состояние1_k-5.sig;1 дополнительное:;состояние2_k-25.sig;0;0;5.506087;151;0.1376399;15;3.519706;5.625961;52;5.368447
62;52002;45005;45008;1.156004E-09;0.9999996;ОС-1:;состояние1_k-5.sig;1 дополнительное:;состояние2_k-26.sig;0;0.0004174982;5.506087;151;0.1612772;84;3.501538;5.634019;48;5.34481
62;52002;45005;45008;1.156004E-09;0.9999996;ОС-1:;состояние1_k-5.sig;1 дополнительное:;состояние2_k-27.sig;0;-0.0002373421;5.506087;151;0.1451479;334;3.503051;5.646565;352;5.360939
62;52002;45005;45008;1.156004E-09;0.9999996;ОС-1:;состояние1_k-5.sig;1 дополнительное:;состояние2_k-28.sig;0;-0.0006187615;5.506087;151;0.0985281;245;3.504673;5.600077;550;5.407559
62;52002;45005;45008;1.156004E-09;0.9999996;ОС-1:;состояние1_k-5.sig;1 дополнительное:;состояние2_k-29.sig;0;-0.0002114967;5.506087;151;0.03468693;231;3.505365;5.540492;351;5.4714
62;52002;45005;45008;1.156004E-09;0.9999996;ОС-1:;состояние1_k-5.sig;1 дополнительное:;состояние2_k-30.sig;0;0;5.506087;151;0.03368258;2;3.505441;5.539056;151;5.472404
62;52002;45005;45008;1.156004E-09;0.9999996;ОС-1:;состояние1_k-5.sig;1 дополнительное:;состояние2_k-31.sig;0;-0.0007141924;5.506087;151;0.09532996;255;3.505546;5.596363;450;5.410757
62;52002;45005;45008;1.156004E-09;0.9999996;ОС-1:;состояние1_k-5.sig;1 дополнительное:;состояние2_k-32.sig;0;-0.001647913;5.506087;151;0.1419048;86;3.505526;5.646827;351;5.364182
62;52002;45005;45008;1.156004E-09;0.9999996;ОС-1:;состояние1_k-5.sig;1 дополнительное:;состояние2_k-33.sig;0;-0.001668476;5.506087;151;0.1678097;200;3.504812;5.664873;49;5.338277
62;52002;45005;45008;1.156004E-09;0.9999996;ОС-1:;состояние1_k-5.sig;1 дополнительное:;состояние2_k-34.sig;0;-0.0007713676;5.506087;151;0.1704398;72;3.503425;5.67596;351;5.335647
62;52002;45005;45008;1.156004E-09;0.9999996;ОС-1:;состояние1_k-5.sig;1 дополнительное:;состояние2_k-35.sig;0;0;5.506087;151;0.1500564;94;3.518955;5.386012;45;5.35603
62;52002;45005;45008;1.156004E-09;0.9999996;ОС-1:;состояние1_k-5.sig;1 дополнительное:;состояние2_k-36.sig;0;-5.683783E-06;5.506087;151;0.1096209;87;3.503528;5.615651;351;5.396466
62;52002;45005;45008;1.156004E-09;0.9999996;ОС-1:;состояние1_k-5.sig;1 дополнительное:;состояние2_k-37.sig;0;-0.000309975;5.506087;151;0.0556749;620;3.504851;5.55869;51;5.450412
62;52002;45005;45008;1.156004E-09;0.9999996;ОС-1:;состояние1_k-5.sig;1 дополнительное:;состояние2_k-38.sig;0;-0.0001803973;5.506087;151;0.03309527;119;3.505738;5.539034;251;5.472991
62;52002;45005;45008;1.156004E-09;0.9999996;ОС-1:;состояние1_k-5.sig;1 дополнительное:;состояние2_k-39.sig;0;0.0002162743;5.506087;151;0.09494679;571;3.50597;5.593838;352;5.41114
62;52002;45005;45008;1.156004E-09;0.9999996;ОС-1:;состояние1_k-5.sig;1 дополнительное:;состояние2_k-40.sig;0;-4.656613E-09;5.506087;151;0.1614948;3;3.506527;5.663145;52;5.344592
62;52002;45005;45008;1.156004E-09;0.9999996;ОС-1:;состояние1_k-6.sig;1 дополнительное:;состояние2_k-21.sig;0.06381541;0.008364604;6.190299;434;0.791771;778;4.026945;6.977437;350;5.398528
62;52002;45005;45008;1.156004E-09;0.9999996;ОС-1:;состояние1_k-6.sig;1 дополнительное:;состояние2_k-22.sig;0.06381541;0.005644895;6.190299;434;0.4476479;235;4.021085;6.572906;187;5.742651
62;52002;45005;45008;1.156004E-09;0.9999996;ОС-1:;состояние1_k-6.sig;1 дополнительное:;состояние2_k-23.sig;0.06381541;0.0006665818;6.190299;434;0.2043423;390;4.013773;6.380456;518;5.985956
62;52002;45005;45008;1.156004E-09;0.9999996;ОС-1:;состояние1_k-6.sig;1 дополнительное:;состояние2_k-24.sig;0.06381541;-0.0009062215;6.190299;434;0.1015729;69;4.012651;6.21153;19;6.088726
62;52002;45005;45008;1.156004E-09;0.9999996;ОС-1:;состояние1_k-6.sig;1 дополнительное:;состояние2_k-25.sig;0.06381541;0;6.190299;434;0.1376399;15;4.016209;6.32671;434;6.052659
62;52002;45005;45008;1.156004E-09;0.9999996;ОС-1:;состояние1_k-6.sig;1 дополнительное:;состояние2_k-26.sig;0.06381541;0.0004174982;6.190299;434;0.1612772;84;4.017426;6.341415;102;6.029021
62;52002;45005;45008;1.156004E-09;0.9999996;ОС-1:;состояние1_k-6.sig;1 дополнительное:;состояние2_k-27.sig;0.06381541;-0.0002373421;6.190299;434;0.1451479;334;4.015162;6.330977;518;6.045151
62;52002;45005;45008;1.156004E-09;0.9999996;ОС-1:;состояние1_k-6.sig;1 дополнительное:;состояние2_k-28.sig;0.06381541;-0.0006187615;6.190299;434;0.0985281;245;4.012657;6.28665;351;6.091771
62;52002;45005;45008;1.156004E-09;0.9999996;ОС-1:;состояние1_k-6.sig;1 дополнительное:;состояние2_k-29.sig;0.06381541;-0.0002114967;6.190299;434;0.03468693;231;4.013509;6.223001;767;6.155612
62;52002;45005;45008;1.156004E-09;0.9999996;ОС-1:;состояние1_k-6.sig;1 дополнительное:;состояние2_k-30.sig;0.06381541;0;6.190299;434;0.03368258;2;4.011178;6.157829;184;6.156616
62;52002;45005;45008;1.156004E-09;0.9999996;ОС-1:;состояние1_k-6.sig;1 дополнительное:;состояние2_k-31.sig;0.06381541;-0.0007141924;6.190299;434;0.09532996;255;4.018632;6.284228;351;6.094969
62;52002;45005;45008;1.156004E-09;0.9999996;ОС-1:;состояние1_k-6.sig;1 дополнительное:;состояние2_k-32.sig;0.06381541;-0.001647913;6.190299;434;0.1419048;86;4.018653;6.330747;101;6.048394
62;52002;45005;45008;1.156004E-09;0.9999996;ОС-1:;состояние1_k-6.sig;1 дополнительное:;состояние2_k-33.sig;0.06381541;-0.001668476;6.190299;434;0.1678097;200;4.017469;6.35686;351;6.022489
62;52002;45005;45008;1.156004E-09;0.9999996;ОС-1:;состояние1_k-6.sig;1 дополнительное:;состояние2_k-34.sig;0.06381541;-0.0007713676;6.190299;434;0.1704398;72;4.016769;6.322258;15;6.019859
62;52002;45005;45008;1.156004E-09;0.9999996;ОС-1:;состояние1_k-6.sig;1 дополнительное:;состояние2_k-35.sig;0.06381541;0;6.190299;434;0.1500564;94;4.01643;6.33993;351;6.040242
62;52002;45005;45008;1.156004E-09;0.9999996;ОС-1:;состояние1_k-6.sig;1 дополнительное:;состояние2_k-36.sig;0.06381541;-5.683783E-06;6.190299;434;0.1096209;87;4.016401;6.299825;434;6.080678
62;52002;45005;45008;1.156004E-09;0.9999996;ОС-1:;состояние1_k-6.sig;1 дополнительное:;состояние2_k-37.sig;0.06381541;-0.000309975;6.190299;434;0.0556749;620;4.01527;6.243775;768;6.134624
62;52002;45005;45008;1.156004E-09;0.9999996;ОС-1:;состояние1_k-6.sig;1 дополнительное:;состояние2_k-38.sig;0.06381541;-0.0001803973;6.190299;434;0.03309527;119;4.014878;6.213298;17;6.157203
62;52002;45005;45008;1.156004E-09;0.9999996;ОС-1:;состояние1_k-6.sig;1 дополнительное:;состояние2_k-39.sig;0.06381541;0.0002162743;6.190299;434;0.09494679;571;4.016074;6.276095;185;6.095352
62;52002;45005;45008;1.156004E-09;0.9999996;ОС-1:;состояние1_k-6.sig;1 дополнительное:;состояние2_k-40.sig;0.06381541;-4.656613E-09;6.190299;434;0.1614948;3;4.018308;6.344441;352;6.028804
62;52002;45005;45008;1.156004E-09;0.9999996;ОС-1:;состояние1_k-7.sig;1 дополнительное:;состояние2_k-21.sig;0.1962643;0.008364604;6.680261;65;0.791771;778;4.44243;6.004665;144;5.88849
62;52002;45005;45008;1.156004E-09;0.9999996;ОС-1:;состояние1_k-7.sig;1 дополнительное:;состояние2_k-22.sig;0.1962643;0.005644895;6.680261;65;0.4476479;235;4.262427;7.123841;280;6.232613
62;52002;45005;45008;1.156004E-09;0.9999996;ОС-1:;состояние1_k-7.sig;1 дополнительное:;состояние2_k-23.sig;0.1962643;0.0006665818;6.680261;65;0.2043423;390;4.271019;6.882136;65;6.475919
62;52002;45005;45008;1.156004E-09;0.9999996;ОС-1:;состояние1_k-7.sig;1 дополнительное:;состояние2_k-24.sig;0.1962643;-0.0009062215;6.680261;65;0.1015729;69;4.276837;6.777801;279;6.578688
62;52002;45005;45008;1.156004E-09;0.9999996;ОС-1:;состояние1_k-7.sig;1 дополнительное:;состояние2_k-25.sig;0.1962643;0;6.680261;65;0.1376399;15;4.278505;6.814504;136;6.542621
62;52002;45005;45008;1.156004E-09;0.9999996;ОС-1:;состояние1_k-7.sig;1 дополнительное:;состояние2_k-26.sig;0.1962643;0.0004174982;6.680261;65;0.1612772;84;4.277375;6.841401;65;6.518984
62;52002;45005;45008;1.156004E-09;0.9999996;ОС-1:;состояние1_k-7.sig;1 дополнительное:;состояние2_k-27.sig;0.1962643;-0.0002373421;6.680261;65;0.1451479;334;4.275524;6.820145;351;6.535113
62;52002;45005;45008;1.156004E-09;0.9999996;ОС-1:;состояние1_k-7.sig;1 дополнительное:;состояние2_k-28.sig;0.1962643;-0.0006187615;6.680261;65;0.0985281;245;4.275006;6.776275;708;6.581733
62;52002;45005;45008;1.156004E-09;0.9999996;ОС-1:;состояние1_k-7.sig;1 дополнительное:;состояние2_k-29.sig;0.1962643;-0.0002114967;6.680261;65;0.03468693;231;4.27522;6.714171;351;6.645574
62;52002;45005;45008;1.156004E-09;0.9999996;ОС-1:;состояние1_k-7.sig;1 дополнительное:;состояние2_k-30.sig;0.1962643;0;6.680261;65;0.03368258;2;4.275622;6.712736;351;6.646579
62;52002;45005;45008;1.156004E-09;0.9999996;ОС-1:;состояние1_k-7.sig;1 дополнительное:;состояние2_k-31.sig;0.1962643;-0.0007141924;6.680261;65;0.09532996;255;4.276055;6.772064;208;6.584931
62;52002;45005;45008;1.156004E-09;0.9999996;ОС-1:;состояние1_k-7.sig;1 дополнительное:;состояние2_k-32.sig;0.1962643;-0.001647913;6.680261;65;0.1419048;86;4.277303;6.820507;351;6.538356
62;52002;45005;45008;1.156004E-09;0.9999996;ОС-1:;состояние1_k-7.sig;1 дополнительное:;состояние2_k-33.sig;0.1962643;-0.001668476;6.680261;65;0.1678097;200;4.279942;6.841409;65;6.512451
62;52002;45005;45008;1.156004E-09;0.9999996;ОС-1:;состояние1_k-7.sig;1 дополнительное:;состояние2_k-34.sig;0.1962643;-0.0007713676;6.680261;65;0.1704398;72;4.282584;6.849639;351;6.509821
62;52002;45005;45008;1.156004E-09;0.9999996;ОС-1:;состояние1_k-7.sig;1 дополнительное:;состояние2_k-35.sig;0.1962643;0;6.680261;65;0.1500564;94;4.258318;6.532055;493;6.530205
62;52002;45005;45008;1.156004E-09;0.9999996;ОС-1:;состояние1_k-7.sig;1 дополнительное:;состояние2_k-36.sig;0.1962643;-5.683783E-06;6.680261;65;0.1096209;87;4.280018;6.78933;351;6.57064
62;52002;45005;45008;1.156004E-09;0.9999996;ОС-1:;состояние1_k-7.sig;1 дополнительное:;состояние2_k-37.sig;0.1962643;-0.000309975;6.680261;65;0.0556749;620;4.276602;6.734586;65;6.624586
62;52002;45005;45008;1.156004E-09;0.9999996;ОС-1:;состояние1_k-7.sig;1 дополнительное:;состояние2_k-38.sig;0.1962643;-0.0001803973;6.680261;65;0.03309527;119;4.27506;6.711543;565;6.647166
62;52002;45005;45008;1.156004E-09;0.9999996;ОС-1:;состояние1_k-7.sig;1 дополнительное:;состояние2_k-39.sig;0.1962643;0.0002162743;6.680261;65;0.09494679;571;4.275866;6.771639;136;6.585314
62;52002;45005;45008;1.156004E-09;0.9999996;ОС-1:;состояние1_k-7.sig;1 дополнительное:;состояние2_k-40.sig;0.1962643;-4.656613E-09;6.680261;65;0.1614948;3;4.277333;6.842877;65;6.518766
62;52002;45005;45008;1.156004E-09;0.9999996;ОС-1:;состояние1_k-8.sig;1 дополнительное:;состояние2_k-21.sig;0.2544374;0.008364604;6.96847;38;0.791771;778;4.432112;7.753906;350;6.176699
62;52002;45005;45008;1.156004E-09;0.9999996;ОС-1:;состояние1_k-8.sig;1 дополнительное:;состояние2_k-22.sig;0.2544374;0.005644895;6.96847;38;0.4476479;235;4.425196;7.404049;100;6.520822
62;52002;45005;45008;1.156004E-09;0.9999996;ОС-1:;состояние1_k-8.sig;1 дополнительное:;состояние2_k-23.sig;0.2544374;0.0006665818;6.96847;38;0.2043423;390;4.428487;7.170473;476;6.764127
62;52002;45005;45008;1.156004E-09;0.9999996;ОС-1:;состояние1_k-8.sig;1 дополнительное:;состояние2_k-24.sig;0.2544374;-0.0009062215;6.96847;38;0.1015729;69;4.435986;6.98351;39;6.866897
62;52002;45005;45008;1.156004E-09;0.9999996;ОС-1:;состояние1_k-8.sig;1 дополнительное:;состояние2_k-25.sig;0.2544374;0;6.96847;38;0.1376399;15;4.445305;7.089756;38;6.83083
62;52002;45005;45008;1.156004E-09;0.9999996;ОС-1:;состояние1_k-8.sig;1 дополнительное:;состояние2_k-26.sig;0.2544374;0.0004174982;6.96847;38;0.1612772;84;4.446148;7.120352;413;6.807192
62;52002;45005;45008;1.156004E-09;0.9999996;ОС-1:;состояние1_k-8.sig;1 дополнительное:;состояние2_k-27.sig;0.2544374;-0.0002373421;6.96847;38;0.1451479;334;4.442602;7.11343;538;6.823322
62;52002;45005;45008;1.156004E-09;0.9999996;ОС-1:;состояние1_k-8.sig;1 дополнительное:;состояние2_k-28.sig;0.2544374;-0.0006187615;6.96847;38;0.0985281;245;4.438694;7.064764;101;6.869942
62;52002;45005;45008;1.156004E-09;0.9999996;ОС-1:;состояние1_k-8.sig;1 дополнительное:;состояние2_k-29.sig;0.2544374;-0.0002114967;6.96847;38;0.03468693;231;4.437473;7.002633;663;6.933783
62;52002;45005;45008;1.156004E-09;0.9999996;ОС-1:;состояние1_k-8.sig;1 дополнительное:;состояние2_k-30.sig;0.2544374;0;6.96847;38;0.03368258;2;4.437928;7.001091;101;6.934787
62;52002;45005;45008;1.156004E-09;0.9999996;ОС-1:;состояние1_k-8.sig;1 дополнительное:;состояние2_k-31.sig;0.2544374;-0.0007141924;6.96847;38;0.09532996;255;4.438449;7.062831;788;6.87314
62;52002;45005;45008;1.156004E-09;0.9999996;ОС-1:;состояние1_k-8.sig;1 дополнительное:;состояние2_k-32.sig;0.2544374;-0.001647913;6.96847;38;0.1419048;86;4.438959;7.106678;38;6.826565
62;52002;45005;45008;1.156004E-09;0.9999996;ОС-1:;состояние1_k-8.sig;1 дополнительное:;состояние2_k-33.sig;0.2544374;-0.001668476;6.96847;38;0.1678097;200;4.438488;7.134974;351;6.80066
62;52002;45005;45008;1.156004E-09;0.9999996;ОС-1:;состояние1_k-8.sig;1 дополнительное:;состояние2_k-34.sig;0.2544374;-0.0007713676;6.96847;38;0.1704398;72;4.439243;7.137994;101;6.79803
62;52002;45005;45008;1.156004E-09;0.9999996;ОС-1:;состояние1_k-8.sig;1 дополнительное:;состояние2_k-35.sig;0.2544374;0;6.96847;38;0.1500564;94;4.439988;7.118044;351;6.818413
62;52002;45005;45008;1.156004E-09;0.9999996;ОС-1:;состояние1_k-8.sig;1 дополнительное:;состояние2_k-36.sig;0.2544374;-5.683783E-06;6.96847;38;0.1096209;87;4.439911;7.077686;226;6.858849
62;52002;45005;45008;1.156004E-09;0.9999996;ОС-1:;состояние1_k-8.sig;1 дополнительное:;состояние2_k-37.sig;0.2544374;-0.000309975;6.96847;38;0.0556749;620;4.438888;7.02287;38;6.912795
62;52002;45005;45008;1.156004E-09;0.9999996;ОС-1:;состояние1_k-8.sig;1 дополнительное:;состояние2_k-38.sig;0.2544374;-0.0001803973;6.96847;38;0.03309527;119;4.437757;6.99849;226;6.935374
62;52002;45005;45008;1.156004E-09;0.9999996;ОС-1:;состояние1_k-8.sig;1 дополнительное:;состояние2_k-39.sig;0.2544374;0.0002162743;6.96847;38;0.09494679;571;4.436687;7.06091;788;6.873523
62;52002;45005;45008;1.156004E-09;0.9999996;ОС-1:;состояние1_k-8.sig;1 дополнительное:;состояние2_k-40.sig;0.2544374;-4.656613E-09;6.96847;38;0.1614948;3;4.457959;7.120558;39;6.806975
62;52002;45005;45008;1.156004E-09;0.9999996;ОС-1:;состояние1_k-9.sig;1 дополнительное:;состояние2_k-21.sig;0.170224;0.008364604;7.057718;684;0.791771;778;4.5365;7.66238;131;6.265947
62;52002;45005;45008;1.156004E-09;0.9999996;ОС-1:;состояние1_k-9.sig;1 дополнительное:;состояние2_k-22.sig;0.170224;0.005644895;7.057718;684;0.4476479;235;4.537493;7.491914;350;6.61007
62;52002;45005;45008;1.156004E-09;0.9999996;ОС-1:;состояние1_k-9.sig;1 дополнительное:;состояние2_k-23.sig;0.170224;0.0006665818;7.057718;684;0.2043423;390;4.537759;7.255348;239;6.853376
62;52002;45005;45008;1.156004E-09;0.9999996;ОС-1:;состояние1_k-9.sig;1 дополнительное:;состояние2_k-24.sig;0.170224;-0.0009062215;7.057718;684;0.1015729;69;4.537241;7.15021;462;6.956145
62;52002;45005;45008;1.156004E-09;0.9999996;ОС-1:;состояние1_k-9.sig;1 дополнительное:;состояние2_k-25.sig;0.170224;0;7.057718;684;0.1376399;15;4.54027;7.195149;295;6.920078
62;52002;45005;45008;1.156004E-09;0.9999996;ОС-1:;состояние1_k-9.sig;1 дополнительное:;состояние2_k-26.sig;0.170224;0.0004174982;7.057718;684;0.1612772;84;4.545207;7.218215;795;6.896441
62;52002;45005;45008;1.156004E-09;0.9999996;ОС-1:;состояние1_k-9.sig;1 дополнительное:;состояние2_k-27.sig;0.170224;-0.0002373421;7.057718;684;0.1451479;334;4.510278;7.197052;351;6.91257
62;52002;45005;45008;1.156004E-09;0.9999996;ОС-1:;состояние1_k-9.sig;1 дополнительное:;состояние2_k-28.sig;0.170224;-0.0006187615;7.057718;684;0.0985281;245;4.544394;7.138196;796;6.95919
62;52002;45005;45008;1.156004E-09;0.9999996;ОС-1:;состояние1_k-9.sig;1 дополнительное:;состояние2_k-29.sig;0.170224;-0.0002114967;7.057718;684;0.03468693;231;4.540038;7.091078;351;7.023031
62;52002;45005;45008;1.156004E-09;0.9999996;ОС-1:;состояние1_k-9.sig;1 дополнительное:;состояние2_k-30.sig;0.170224;0;7.057718;684;0.03368258;2;4.538053;7.090188;684;7.024036
62;52002;45005;45008;1.156004E-09;0.9999996;ОС-1:;состояние1_k-9.sig;1 дополнительное:;состояние2_k-31.sig;0.170224;-0.0007141924;7.057718;684;0.09532996;255;4.539291;7.149191;239;6.962389
62;52002;45005;45008;1.156004E-09;0.9999996;ОС-1:;состояние1_k-9.sig;1 дополнительное:;состояние2_k-32.sig;0.170224;-0.001647913;7.057718;684;0.1419048;86;4.54067;7.197414;351;6.915813
62;52002;45005;45008;1.156004E-09;0.9999996;ОС-1:;состояние1_k-9.sig;1 дополнительное:;состояние2_k-33.sig;0.170224;-0.001668476;7.057718;684;0.1678097;200;4.540142;7.177667;461;6.889908
62;52002;45005;45008;1.156004E-09;0.9999996;ОС-1:;состояние1_k-9.sig;1 дополнительное:;состояние2_k-34.sig;0.170224;-0.0007713676;7.057718;684;0.1704398;72;4.538531;7.226546;351;6.887279
62;52002;45005;45008;1.156004E-09;0.9999996;ОС-1:;состояние1_k-9.sig;1 дополнительное:;состояние2_k-35.sig;0.170224;0;7.057718;684;0.1500564;94;4.537674;7.204362;295;6.907662
62;52002;45005;45008;1.156004E-09;0.9999996;ОС-1:;состояние1_k-9.sig;1 дополнительное:;состояние2_k-36.sig;0.170224;-5.683783E-06;7.057718;684;0.1096209;87;4.539001;7.167256;573;6.948097
62;52002;45005;45008;1.156004E-09;0.9999996;ОС-1:;состояние1_k-9.sig;1 дополнительное:;состояние2_k-37.sig;0.170224;-0.000309975;7.057718;684;0.0556749;620;4.539082;7.112492;295;7.002043
62;52002;45005;45008;1.156004E-09;0.9999996;ОС-1:;состояние1_k-9.sig;1 дополнительное:;состояние2_k-38.sig;0.170224;-0.0001803973;7.057718;684;0.03309527;119;4.538455;7.090191;684;7.024623
62;52002;45005;45008;1.156004E-09;0.9999996;ОС-1:;состояние1_k-9.sig;1 дополнительное:;состояние2_k-39.sig;0.170224;0.0002162743;7.057718;684;0.09494679;571;4.537638;7.139977;351;6.962771
62;52002;45005;45008;1.156004E-09;0.9999996;ОС-1:;состояние1_k-9.sig;1 дополнительное:;состояние2_k-40.sig;0.170224;-4.656613E-09;7.057718;684;0.1614948;3;4.538256;7.218385;240;6.896224
62;52002;45005;45008;1.156004E-09;0.9999996;ОС-1:;состояние1_k-10.sig;1 дополнительное:;состояние2_k-21.sig;0;0.008364604;6.955459;1;0.791771;778;4.425454;7.740123;350;6.163688
62;52002;45005;45008;1.156004E-09;0.9999996;ОС-1:;состояние1_k-10.sig;1 дополнительное:;состояние2_k-22.sig;0;0.005644895;6.955459;1;0.4476479;235;4.42358;7.383042;51;6.507811
62;52002;45005;45008;1.156004E-09;0.9999996;ОС-1:;состояние1_k-10.sig;1 дополнительное:;состояние2_k-23.sig;0;0.0006665818;6.955459;1;0.2043423;390;4.429003;7.159771;651;6.751116
62;52002;45005;45008;1.156004E-09;0.9999996;ОС-1:;состояние1_k-10.sig;1 дополнительное:;состояние2_k-24.sig;0;-0.0009062215;6.955459;1;0.1015729;69;4.431449;7.05521;151;6.853886
62;52002;45005;45008;1.156004E-09;0.9999996;ОС-1:;состояние1_k-10.sig;1 дополнительное:;состояние2_k-25.sig;0;0;6.955459;1;0.1376399;15;4.429361;7.068562;51;6.817819
62;52002;45005;45008;1.156004E-09;0.9999996;ОС-1:;состояние1_k-10.sig;1 дополнительное:;состояние2_k-26.sig;0;0.0004174982;6.955459;1;0.1612772;84;4.428822;7.106359;101;6.794181
62;52002;45005;45008;1.156004E-09;0.9999996;ОС-1:;состояние1_k-10.sig;1 дополнительное:;состояние2_k-27.sig;0;-0.0002373421;6.955459;1;0.1451479;334;4.430873;7.100369;501;6.810311
62;52002;45005;45008;1.156004E-09;0.9999996;ОС-1:;состояние1_k-10.sig;1 дополнительное:;состояние2_k-28.sig;0;-0.0006187615;6.955459;1;0.0985281;245;4.432621;7.052102;351;6.856931
62;52002;45005;45008;1.156004E-09;0.9999996;ОС-1:;состояние1_k-10.sig;1 дополнительное:;состояние2_k-29.sig;0;-0.0002114967;6.955459;1;0.03468693;231;4.431116;6.985888;751;6.920772
62;52002;45005;45008;1.156004E-09;0.9999996;ОС-1:;состояние1_k-10.sig;1 дополнительное:;состояние2_k-30.sig;0;0;6.955459;1;0.03368258;2;4.436199;6.922489;1;6.921776
62;52002;45005;45008;1.156004E-09;0.9999996;ОС-1:;состояние1_k-10.sig;1 дополнительное:;состояние2_k-31.sig;0;-0.0007141924;6.955459;1;0.09532996;255;4.42548;7.04968;351;6.860129
62;52002;45005;45008;1.156004E-09;0.9999996;ОС-1:;состояние1_k-10.sig;1 дополнительное:;состояние2_k-32.sig;0;-0.001647913;6.955459;1;0.1419048;86;4.425998;7.096199;101;6.813554
62;52002;45005;45008;1.156004E-09;0.9999996;ОС-1:;состояние1_k-10.sig;1 дополнительное:;состояние2_k-33.sig;0;-0.001668476;6.955459;1;0.1678097;200;4.428024;7.122312;351;6.787649
62;52002;45005;45008;1.156004E-09;0.9999996;ОС-1:;состояние1_k-10.sig;1 дополнительное:;состояние2_k-34.sig;0;-0.0007713676;6.955459;1;0.1704398;72;4.429325;7.111722;0;6.785019
62;52002;45005;45008;1.156004E-09;0.9999996;ОС-1:;состояние1_k-10.sig;1 дополнительное:;состояние2_k-35.sig;0;0;6.955459;1;0.1500564;94;4.429361;7.105381;151;6.805402
62;52002;45005;45008;1.156004E-09;0.9999996;ОС-1:;состояние1_k-10.sig;1 дополнительное:;состояние2_k-36.sig;0;-5.683783E-06;6.955459;1;0.1096209;87;4.429163;7.065023;101;6.845838
62;52002;45005;45008;1.156004E-09;0.9999996;ОС-1:;состояние1_k-10.sig;1 дополнительное:;состояние2_k-37.sig;0;-0.000309975;6.955459;1;0.0556749;620;4.429209;7.011123;201;6.899784
62;52002;45005;45008;1.156004E-09;0.9999996;ОС-1:;состояние1_k-10.sig;1 дополнительное:;состояние2_k-38.sig;0;-0.0001803973;6.955459;1;0.03309527;119;4.429427;6.988406;1;6.922363
62;52002;45005;45008;1.156004E-09;0.9999996;ОС-1:;состояние1_k-10.sig;1 дополнительное:;состояние2_k-39.sig;0;0.0002162743;6.955459;1;0.09494679;571;4.429487;7.049631;751;6.860512
62;52002;45005;45008;1.156004E-09;0.9999996;ОС-1:;состояние1_k-10.sig;1 дополнительное:;состояние2_k-40.sig;0;-4.656613E-09;6.955459;1;0.1614948;3;4.429541;7.106184;51;6.793964
62;52002;45005;45008;1.156004E-09;0.9999996;ОС-1:;состояние1_k-11.sig;1 дополнительное:;состояние2_k-21.sig;-0.1382484;0.008364604;6.683917;78;0.791771;778;4.225898;7.468104;396;5.892146
62;52002;45005;45008;1.156004E-09;0.9999996;ОС-1:;состояние1_k-11.sig;1 дополнительное:;состояние2_k-22.sig;-0.1382484;0.005644895;6.683917;78;0.4476479;235;4.217062;7.117839;623;6.236269
62;52002;45005;45008;1.156004E-09;0.9999996;ОС-1:;состояние1_k-11.sig;1 дополнительное:;состояние2_k-23.sig;-0.1382484;0.0006665818;6.683917;78;0.2043423;390;4.212585;6.879694;305;6.479575
62;52002;45005;45008;1.156004E-09;0.9999996;ОС-1:;состояние1_k-11.sig;1 дополнительное:;состояние2_k-24.sig;-0.1382484;-0.0009062215;6.683917;78;0.1015729;69;4.215864;6.783582;714;6.582344
62;52002;45005;45008;1.156004E-09;0.9999996;ОС-1:;состояние1_k-11.sig;1 дополнительное:;состояние2_k-25.sig;-0.1382484;0;6.683917;78;0.1376399;15;4.216536;6.81908;214;6.546277
62;52002;45005;45008;1.156004E-09;0.9999996;ОС-1:;состояние1_k-11.sig;1 дополнительное:;состояние2_k-26.sig;-0.1382484;0.0004174982;6.683917;78;0.1612772;84;4.21562;6.842301;123;6.52264
62;52002;45005;45008;1.156004E-09;0.9999996;ОС-1:;состояние1_k-11.sig;1 дополнительное:;состояние2_k-27.sig;-0.1382484;-0.0002373421;6.683917;78;0.1451479;334;4.214861;6.822934;169;6.538769
62;52002;45005;45008;1.156004E-09;0.9999996;ОС-1:;состояние1_k-11.sig;1 дополнительное:;состояние2_k-28.sig;-0.1382484;-0.0006187615;6.683917;78;0.0985281;245;4.214193;6.778926;442;6.585389
62;52002;45005;45008;1.156004E-09;0.9999996;ОС-1:;состояние1_k-11.sig;1 дополнительное:;состояние2_k-29.sig;-0.1382484;-0.0002114967;6.683917;78;0.03468693;231;4.214007;6.71649;351;6.64923
62;52002;45005;45008;1.156004E-09;0.9999996;ОС-1:;состояние1_k-11.sig;1 дополнительное:;состояние2_k-30.sig;-0.1382484;0;6.683917;78;0.03368258;2;4.213252;6.717227;669;6.650235
62;52002;45005;45008;1.156004E-09;0.9999996;ОС-1:;состояние1_k-11.sig;1 дополнительное:;состояние2_k-31.sig;-0.1382484;-0.0007141924;6.683917;78;0.09532996;255;4.211741;6.778944;78;6.588587
62;52002;45005;45008;1.156004E-09;0.9999996;ОС-1:;состояние1_k-11.sig;1 дополнительное:;состояние2_k-32.sig;-0.1382484;-0.001647913;6.683917;78;0.1419048;86;4.209854;6.825123;305;6.542012
62;52002;45005;45008;1.156004E-09;0.9999996;ОС-1:;состояние1_k-11.sig;1 дополнительное:;состояние2_k-33.sig;-0.1382484;-0.001668476;6.683917;78;0.1678097;200;4.251228;6.519621;214;6.516107
62;52002;45005;45008;1.156004E-09;0.9999996;ОС-1:;состояние1_k-11.sig;1 дополнительное:;состояние2_k-34.sig;-0.1382484;-0.0007713676;6.683917;78;0.1704398;72;4.207778;6.853297;396;6.513477
62;52002;45005;45008;1.156004E-09;0.9999996;ОС-1:;состояние1_k-11.sig;1 дополнительное:;состояние2_k-35.sig;-0.1382484;0;6.683917;78;0.1500564;94;4.209255;6.831268;123;6.533861
62;52002;45005;45008;1.156004E-09;0.9999996;ОС-1:;состояние1_k-11.sig;1 дополнительное:;состояние2_k-36.sig;-0.1382484;-5.683783E-06;6.683917;78;0.1096209;87;4.212033;6.79165;351;6.574296
62;52002;45005;45008;1.156004E-09;0.9999996;ОС-1:;состояние1_k-11.sig;1 дополнительное:;состояние2_k-37.sig;-0.1382484;-0.000309975;6.683917;78;0.0556749;620;4.213799;6.737808;214;6.628242
62;52002;45005;45008;1.156004E-09;0.9999996;ОС-1:;состояние1_k-11.sig;1 дополнительное:;состояние2_k-38.sig;-0.1382484;-0.0001803973;6.683917;78;0.03309527;119;4.214013;6.716912;487;6.650822
62;52002;45005;45008;1.156004E-09;0.9999996;ОС-1:;состояние1_k-11.sig;1 дополнительное:;состояние2_k-39.sig;-0.1382484;0.0002162743;6.683917;78;0.09494679;571;4.2137;6.774614;32;6.58897
62;52002;45005;45008;1.156004E-09;0.9999996;ОС-1:;состояние1_k-11.sig;1 дополнительное:;состояние2_k-40.sig;-0.1382484;-4.656613E-09;6.683917;78;0.1614948;3;4.214241;6.845412;578;6.522422
62;52002;45005;45008;1.156004E-09;0.9999996;ОС-1:;состояние1_k-12.sig;1 дополнительное:;состояние2_k-21.sig;-0.169085;0.008364604;6.262962;59;0.791771;778;4.003324;7.047555;17;5.471191
62;52002;45005;45008;1.156004E-09;0.9999996;ОС-1:;состояние1_k-12.sig;1 дополнительное:;состояние2_k-22.sig;-0.169085;0.005644895;6.262962;59;0.4476479;235;3.984821;6.696712;393;5.815314
62;52002;45005;45008;1.156004E-09;0.9999996;ОС-1:;состояние1_k-12.sig;1 дополнительное:;состояние2_k-23.sig;-0.169085;0.0006665818;6.262962;59;0.2043423;390;3.979206;6.466748;434;6.05862
62;52002;45005;45008;1.156004E-09;0.9999996;ОС-1:;состояние1_k-12.sig;1 дополнительное:;состояние2_k-24.sig;-0.169085;-0.0009062215;6.262962;59;0.1015729;69;3.979971;6.27308;101;6.161389
62;52002;45005;45008;1.156004E-09;0.9999996;ОС-1:;состояние1_k-12.sig;1 дополнительное:;состояние2_k-25.sig;-0.169085;0;6.262962;59;0.1376399;15;3.981075;6.395976;476;6.125322
62;52002;45005;45008;1.156004E-09;0.9999996;ОС-1:;состояние1_k-12.sig;1 дополнительное:;состояние2_k-26.sig;-0.169085;0.0004174982;6.262962;59;0.1612772;84;3.980955;6.422517;142;6.101685
62;52002;45005;45008;1.156004E-09;0.9999996;ОС-1:;состояние1_k-12.sig;1 дополнительное:;состояние2_k-27.sig;-0.169085;-0.0002373421;6.262962;59;0.1451479;334;3.980748;6.401031;184;6.117815
62;52002;45005;45008;1.156004E-09;0.9999996;ОС-1:;состояние1_k-12.sig;1 дополнительное:;состояние2_k-28.sig;-0.169085;-0.0006187615;6.262962;59;0.0985281;245;3.979611;6.35714;101;6.164434
62;52002;45005;45008;1.156004E-09;0.9999996;ОС-1:;состояние1_k-12.sig;1 дополнительное:;состояние2_k-29.sig;-0.169085;-0.0002114967;6.262962;59;0.03468693;231;3.979235;6.297556;559;6.228275
62;52002;45005;45008;1.156004E-09;0.9999996;ОС-1:;состояние1_k-12.sig;1 дополнительное:;состояние2_k-30.sig;-0.169085;0;6.262962;59;0.03368258;2;3.978619;6.295432;434;6.22928
62;52002;45005;45008;1.156004E-09;0.9999996;ОС-1:;состояние1_k-12.sig;1 дополнительное:;состояние2_k-31.sig;-0.169085;-0.0007141924;6.262962;59;0.09532996;255;3.978832;6.356783;142;6.167633
62;52002;45005;45008;1.156004E-09;0.9999996;ОС-1:;состояние1_k-12.sig;1 дополнительное:;состояние2_k-32.sig;-0.169085;-0.001647913;6.262962;59;0.1419048;86;3.979758;6.401237;226;6.121058
62;52002;45005;45008;1.156004E-09;0.9999996;ОС-1:;состояние1_k-12.sig;1 дополнительное:;состояние2_k-33.sig;-0.169085;-0.001668476;6.262962;59;0.1678097;200;3.978779;6.428181;684;6.095152
62;52002;45005;45008;1.156004E-09;0.9999996;ОС-1:;состояние1_k-12.sig;1 дополнительное:;состояние2_k-34.sig;-0.169085;-0.0007713676;6.262962;59;0.1704398;72;3.976449;6.430369;101;6.092523
62;52002;45005;45008;1.156004E-09;0.9999996;ОС-1:;состояние1_k-12.sig;1 дополнительное:;состояние2_k-35.sig;-0.169085;0;6.262962;59;0.1500564;94;3.974118;6.411466;309;6.112906
62;52002;45005;45008;1.156004E-09;0.9999996;ОС-1:;состояние1_k-12.sig;1 дополнительное:;состояние2_k-36.sig;-0.169085;-5.683783E-06;6.262962;59;0.1096209;87;4.002841;6.153436;59;6.153341
62;52002;45005;45008;1.156004E-09;0.9999996;ОС-1:;состояние1_k-12.sig;1 дополнительное:;состояние2_k-37.sig;-0.169085;-0.000309975;6.262962;59;0.0556749;620;3.976703;6.318582;309;6.207287
62;52002;45005;45008;1.156004E-09;0.9999996;ОС-1:;состояние1_k-12.sig;1 дополнительное:;состояние2_k-38.sig;-0.169085;-0.0001803973;6.262962;59;0.03309527;119;3.980088;6.295435;434;6.229867
62;52002;45005;45008;1.156004E-09;0.9999996;ОС-1:;состояние1_k-12.sig;1 дополнительное:;состояние2_k-39.sig;-0.169085;0.0002162743;6.262962;59;0.09494679;571;3.981617;6.355955;559;6.168015
62;52002;45005;45008;1.156004E-09;0.9999996;ОС-1:;состояние1_k-12.sig;1 дополнительное:;состояние2_k-40.sig;-0.169085;-4.656613E-09;6.262962;59;0.1614948;3;3.981661;6.411222;101;6.101468
62;52002;45005;45008;1.156004E-09;0.9999996;ОС-1:;состояние1_k-13.sig;1 дополнительное:;состояние2_k-21.sig;-0.1095582;0.008364604;5.722437;43;0.791771;778;3.676552;6.506674;158;4.930666
62;52002;45005;45008;1.156004E-09;0.9999996;ОС-1:;состояние1_k-13.sig;1 дополнительное:;состояние2_k-22.sig;-0.1095582;0.005644895;5.722437;43;0.4476479;235;3.65088;6.169458;235;5.274789
62;52002;45005;45008;1.156004E-09;0.9999996;ОС-1:;состояние1_k-13.sig;1 дополнительное:;состояние2_k-23.sig;-0.1095582;0.0006665818;5.722437;43;0.2043423;390;3.637894;5.924745;389;5.518095
62;52002;45005;45008;1.156004E-09;0.9999996;ОС-1:;состояние1_k-13.sig;1 дополнительное:;состояние2_k-24.sig;-0.1095582;-0.0009062215;5.722437;43;0.1015729;69;3.637759;5.822984;235;5.620864
62;52002;45005;45008;1.156004E-09;0.9999996;ОС-1:;состояние1_k-13.sig;1 дополнительное:;состояние2_k-25.sig;-0.1095582;0;5.722437;43;0.1376399;15;3.641175;5.85695;274;5.584797
62;52002;45005;45008;1.156004E-09;0.9999996;ОС-1:;состояние1_k-13.sig;1 дополнительное:;состояние2_k-26.sig;-0.1095582;0.0004174982;5.722437;43;0.1612772;84;3.641309;5.870819;697;5.56116
62;52002;45005;45008;1.156004E-09;0.9999996;ОС-1:;состояние1_k-13.sig;1 дополнительное:;состояние2_k-27.sig;-0.1095582;-0.0002373421;5.722437;43;0.1451479;334;3.638961;5.86236;427;5.57729
62;52002;45005;45008;1.156004E-09;0.9999996;ОС-1:;состояние1_k-13.sig;1 дополнительное:;состояние2_k-28.sig;-0.1095582;-0.0006187615;5.722437;43;0.0985281;245;3.636839;5.820559;120;5.623909
62;52002;45005;45008;1.156004E-09;0.9999996;ОС-1:;состояние1_k-13.sig;1 дополнительное:;состояние2_k-29.sig;-0.1095582;-0.0002114967;5.722437;43;0.03468693;231;3.637197;5.755579;43;5.68775
62;52002;45005;45008;1.156004E-09;0.9999996;ОС-1:;состояние1_k-13.sig;1 дополнительное:;состояние2_k-30.sig;-0.1095582;0;5.722437;43;0.03368258;2;3.637243;5.755387;235;5.688755
62;52002;45005;45008;1.156004E-09;0.9999996;ОС-1:;состояние1_k-13.sig;1 дополнительное:;состояние2_k-31.sig;-0.1095582;-0.0007141924;5.722437;43;0.09532996;255;3.636296;5.816319;158;5.627108
62;52002;45005;45008;1.156004E-09;0.9999996;ОС-1:;состояние1_k-13.sig;1 дополнительное:;состояние2_k-32.sig;-0.1095582;-0.001647913;5.722437;43;0.1419048;86;3.635715;5.861764;774;5.580533
62;52002;45005;45008;1.156004E-09;0.9999996;ОС-1:;состояние1_k-13.sig;1 дополнительное:;состояние2_k-33.sig;-0.1095582;-0.001668476;5.722437;43;0.1678097;200;3.63802;5.885106;427;5.554627
62;52002;45005;45008;1.156004E-09;0.9999996;ОС-1:;состояние1_k-13.sig;1 дополнительное:;состояние2_k-34.sig;-0.1095582;-0.0007713676;5.722437;43;0.1704398;72;3.639617;5.892126;543;5.551998
62;52002;45005;45008;1.156004E-09;0.9999996;ОС-1:;состояние1_k-13.sig;1 дополнительное:;состояние2_k-35.sig;-0.1095582;0;5.722437;43;0.1500564;94;3.639529;5.87173;466;5.572381
62;52002;45005;45008;1.156004E-09;0.9999996;ОС-1:;состояние1_k-13.sig;1 дополнительное:;состояние2_k-36.sig;-0.1095582;-5.683783E-06;5.722437;43;0.1096209;87;3.637414;5.829016;351;5.612816
62;52002;45005;45008;1.156004E-09;0.9999996;ОС-1:;состояние1_k-13.sig;1 дополнительное:;состояние2_k-37.sig;-0.1095582;-0.000309975;5.722437;43;0.0556749;620;3.635656;5.777706;120;5.666762
62;52002;45005;45008;1.156004E-09;0.9999996;ОС-1:;состояние1_k-13.sig;1 дополнительное:;состояние2_k-38.sig;-0.1095582;-0.0001803973;5.722437;43;0.03309527;119;3.63734;5.754233;620;5.689342
62;52002;45005;45008;1.156004E-09;0.9999996;ОС-1:;состояние1_k-13.sig;1 дополнительное:;состояние2_k-39.sig;-0.1095582;0.0002162743;5.722437;43;0.09494679;571;3.62148;5.802969;274;5.627491
62;52002;45005;45008;1.156004E-09;0.9999996;ОС-1:;состояние1_k-13.sig;1 дополнительное:;состояние2_k-40.sig;-0.1095582;-4.656613E-09;5.722437;43;0.1614948;3;3.646999;5.870635;4;5.560943
62;52002;45005;45008;1.156004E-09;0.9999996;ОС-1:;состояние1_k-14.sig;1 дополнительное:;состояние2_k-21.sig;-0.03367075;0.008364604;5.09478;172;0.791771;778;3.259243;5.880065;636;4.30301
62;52002;45005;45008;1.156004E-09;0.9999996;ОС-1:;состояние1_k-14.sig;1 дополнительное:;состояние2_k-22.sig;-0.03367075;0.005644895;5.09478;172;0.4476479;235;3.240645;5.533219;29;4.647132
62;52002;45005;45008;1.156004E-09;0.9999996;ОС-1:;состояние1_k-14.sig;1 дополнительное:;состояние2_k-23.sig;-0.03367075;0.0006665818;5.09478;172;0.2043423;390;3.226716;5.298306;672;4.890438
62;52002;45005;45008;1.156004E-09;0.9999996;ОС-1:;состояние1_k-14.sig;1 дополнительное:;состояние2_k-24.sig;-0.03367075;-0.0009062215;5.09478;172;0.1015729;69;3.222507;5.194983;172;4.993207
62;52002;45005;45008;1.156004E-09;0.9999996;ОС-1:;состояние1_k-14.sig;1 дополнительное:;состояние2_k-25.sig;-0.03367075;0;5.09478;172;0.1376399;15;3.224639;5.231902;315;4.95714
62;52002;45005;45008;1.156004E-09;0.9999996;ОС-1:;состояние1_k-14.sig;1 дополнительное:;состояние2_k-26.sig;-0.03367075;0.0004174982;5.09478;172;0.1612772;84;3.226648;5.241713;101;4.933503
62;52002;45005;45008;1.156004E-09;0.9999996;ОС-1:;состояние1_k-14.sig;1 дополнительное:;состояние2_k-27.sig;-0.03367075;-0.0002373421;5.09478;172;0.1451479;334;3.225112;5.238991;779;4.949633
62;52002;45005;45008;1.156004E-09;0.9999996;ОС-1:;состояние1_k-14.sig;1 дополнительное:;состояние2_k-28.sig;-0.03367075;-0.0006187615;5.09478;172;0.0985281;245;3.223262;5.189819;65;4.996253
62;52002;45005;45008;1.156004E-09;0.9999996;ОС-1:;состояние1_k-14.sig;1 дополнительное:;состояние2_k-29.sig;-0.03367075;-0.0002114967;5.09478;172;0.03468693;231;3.222354;5.128072;386;5.060093
62;52002;45005;45008;1.156004E-09;0.9999996;ОС-1:;состояние1_k-14.sig;1 дополнительное:;состояние2_k-30.sig;-0.03367075;0;5.09478;172;0.03368258;2;3.222825;5.1269;136;5.061098
62;52002;45005;45008;1.156004E-09;0.9999996;ОС-1:;состояние1_k-14.sig;1 дополнительное:;состояние2_k-31.sig;-0.03367075;-0.0007141924;5.09478;172;0.09532996;255;3.223002;5.189751;529;4.999451
62;52002;45005;45008;1.156004E-09;0.9999996;ОС-1:;состояние1_k-14.sig;1 дополнительное:;состояние2_k-32.sig;-0.03367075;-0.001647913;5.09478;172;0.1419048;86;3.221364;5.231856;493;4.952876
62;52002;45005;45008;1.156004E-09;0.9999996;ОС-1:;состояние1_k-14.sig;1 дополнительное:;состояние2_k-33.sig;-0.03367075;-0.001668476;5.09478;172;0.1678097;200;3.221579;5.260102;458;4.92697
62;52002;45005;45008;1.156004E-09;0.9999996;ОС-1:;состояние1_k-14.sig;1 дополнительное:;состояние2_k-34.sig;-0.03367075;-0.0007713676;5.09478;172;0.1704398;72;3.223152;5.259852;29;4.924341
62;52002;45005;45008;1.156004E-09;0.9999996;ОС-1:;состояние1_k-14.sig;1 дополнительное:;состояние2_k-35.sig;-0.03367075;0;5.09478;172;0.1500564;94;3.223471;5.243475;65;4.944724
62;52002;45005;45008;1.156004E-09;0.9999996;ОС-1:;состояние1_k-14.sig;1 дополнительное:;состояние2_k-36.sig;-0.03367075;-5.683783E-06;5.09478;172;0.1096209;87;3.22386;5.200377;101;4.985159
62;52002;45005;45008;1.156004E-09;0.9999996;ОС-1:;состояние1_k-14.sig;1 дополнительное:;состояние2_k-37.sig;-0.03367075;-0.000309975;5.09478;172;0.0556749;620;3.222818;5.148587;565;5.039105
62;52002;45005;45008;1.156004E-09;0.9999996;ОС-1:;состояние1_k-14.sig;1 дополнительное:;состояние2_k-38.sig;-0.03367075;-0.0001803973;5.09478;172;0.03309527;119;3.222146;5.125544;65;5.061685
62;52002;45005;45008;1.156004E-09;0.9999996;ОС-1:;состояние1_k-14.sig;1 дополнительное:;состояние2_k-39.sig;-0.03367075;0.0002162743;5.09478;172;0.09494679;571;3.223501;5.186019;136;4.999834
62;52002;45005;45008;1.156004E-09;0.9999996;ОС-1:;состояние1_k-14.sig;1 дополнительное:;состояние2_k-40.sig;-0.03367075;-4.656613E-09;5.09478;172;0.1614948;3;3.227068;5.256878;315;4.933286
62;52002;45005;45008;1.156004E-09;0.9999996;ОС-1:;состояние1_k-15.sig;1 дополнительное:;состояние2_k-21.sig;0;0.008364604;4.412091;17;0.791771;778;2.837078;5.135358;418;3.62032
62;52002;45005;45008;1.156004E-09;0.9999996;ОС-1:;состояние1_k-15.sig;1 дополнительное:;состояние2_k-22.sig;0;0.005644895;4.412091;17;0.4476479;235;2.823709;4.855529;484;3.964443
62;52002;45005;45008;1.156004E-09;0.9999996;ОС-1:;состояние1_k-15.sig;1 дополнительное:;состояние2_k-23.sig;0;0.0006665818;4.412091;17;0.2043423;390;2.814262;4.61204;151;4.207748
62;52002;45005;45008;1.156004E-09;0.9999996;ОС-1:;состояние1_k-15.sig;1 дополнительное:;состояние2_k-24.sig;0;-0.0009062215;4.412091;17;0.1015729;69;2.809726;4.509414;317;4.310518
62;52002;45005;45008;1.156004E-09;0.9999996;ОС-1:;состояние1_k-15.sig;1 дополнительное:;состояние2_k-25.sig;0;0;4.412091;17;0.1376399;15;2.809374;4.520831;51;4.274451
62;52002;45005;45008;1.156004E-09;0.9999996;ОС-1:;состояние1_k-15.sig;1 дополнительное:;состояние2_k-26.sig;0;0.0004174982;4.412091;17;0.1612772;84;2.81103;4.573363;584;4.250813
62;52002;45005;45008;1.156004E-09;0.9999996;ОС-1:;состояние1_k-15.sig;1 дополнительное:;состояние2_k-27.sig;0;-0.0002373421;4.412091;17;0.1451479;334;2.811048;4.550155;184;4.266943
62;52002;45005;45008;1.156004E-09;0.9999996;ОС-1:;состояние1_k-15.sig;1 дополнительное:;состояние2_k-28.sig;0;-0.0006187615;4.412091;17;0.0985281;245;2.80999;4.510515;84;4.313563
62;52002;45005;45008;1.156004E-09;0.9999996;ОС-1:;состояние1_k-15.sig;1 дополнительное:;состояние2_k-29.sig;0;-0.0002114967;4.412091;17;0.03468693;231;2.809348;4.445856;284;4.377404
62;52002;45005;45008;1.156004E-09;0.9999996;ОС-1:;состояние1_k-15.sig;1 дополнительное:;состояние2_k-30.sig;0;0;4.412091;17;0.03368258;2;2.809285;4.444555;84;4.378408
62;52002;45005;45008;1.156004E-09;0.9999996;ОС-1:;состояние1_k-15.sig;1 дополнительное:;состояние2_k-31.sig;0;-0.0007141924;4.412091;17;0.09532996;255;2.809384;4.507413;384;4.316761
62;52002;45005;45008;1.156004E-09;0.9999996;ОС-1:;состояние1_k-15.sig;1 дополнительное:;состояние2_k-32.sig;0;-0.001647913;4.412091;17;0.1419048;86;2.809961;4.553798;117;4.270186
62;52002;45005;45008;1.156004E-09;0.9999996;ОС-1:;состояние1_k-15.sig;1 дополнительное:;состояние2_k-33.sig;0;-0.001668476;4.412091;17;0.1678097;200;2.81035;4.567726;217;4.244281
62;52002;45005;45008;1.156004E-09;0.9999996;ОС-1:;состояние1_k-15.sig;1 дополнительное:;состояние2_k-34.sig;0;-0.0007713676;4.412091;17;0.1704398;72;2.810315;4.579315;617;4.241651
62;52002;45005;45008;1.156004E-09;0.9999996;ОС-1:;состояние1_k-15.sig;1 дополнительное:;состояние2_k-35.sig;0;0;4.412091;17;0.1500564;94;2.810963;4.512849;83;4.262034
62;52002;45005;45008;1.156004E-09;0.9999996;ОС-1:;состояние1_k-15.sig;1 дополнительное:;состояние2_k-36.sig;0;-5.683783E-06;4.412091;17;0.1096209;87;2.809064;4.521612;684;4.30247
62;52002;45005;45008;1.156004E-09;0.9999996;ОС-1:;состояние1_k-15.sig;1 дополнительное:;состояние2_k-37.sig;0;-0.000309975;4.412091;17;0.0556749;620;2.808957;4.46763;417;4.356416
62;52002;45005;45008;1.156004E-09;0.9999996;ОС-1:;состояние1_k-15.sig;1 дополнительное:;состояние2_k-38.sig;0;-0.0001803973;4.412091;17;0.03309527;119;2.8096;4.444559;684;4.378995
62;52002;45005;45008;1.156004E-09;0.9999996;ОС-1:;состояние1_k-15.sig;1 дополнительное:;состояние2_k-39.sig;0;0.0002162743;4.412091;17;0.09494679;571;2.810006;4.491394;184;4.317144
62;52002;45005;45008;1.156004E-09;0.9999996;ОС-1:;состояние1_k-15.sig;1 дополнительное:;состояние2_k-40.sig;0;-4.656613E-09;4.412091;17;0.1614948;3;2.810025;4.558453;51;4.250596
62;52002;45005;45008;1.156004E-09;0.9999996;ОС-1:;состояние1_k-16.sig;1 дополнительное:;состояние2_k-21.sig;-0.01184725;0.008364604;3.708214;69;0.791771;778;2.400664;4.494801;350;2.916443
62;52002;45005;45008;1.156004E-09;0.9999996;ОС-1:;состояние1_k-16.sig;1 дополнительное:;состояние2_k-22.sig;-0.01184725;0.005644895;3.708214;69;0.4476479;235;2.390176;4.152421;257;3.260566
62;52002;45005;45008;1.156004E-09;0.9999996;ОС-1:;состояние1_k-16.sig;1 дополнительное:;состояние2_k-23.sig;-0.01184725;0.0006665818;3.708214;69;0.2043423;390;2.386247;3.912283;194;3.503872
62;52002;45005;45008;1.156004E-09;0.9999996;ОС-1:;состояние1_k-16.sig;1 дополнительное:;состояние2_k-24.sig;-0.01184725;-0.0009062215;3.708214;69;0.1015729;69;2.380355;3.808185;7;3.606641
62;52002;45005;45008;1.156004E-09;0.9999996;ОС-1:;состояние1_k-16.sig;1 дополнительное:;состояние2_k-25.sig;-0.01184725;0;3.708214;69;0.1376399;15;2.378032;3.844625;194;3.570574
62;52002;45005;45008;1.156004E-09;0.9999996;ОС-1:;состояние1_k-16.sig;1 дополнительное:;состояние2_k-26.sig;-0.01184725;0.0004174982;3.708214;69;0.1612772;84;2.379184;3.868258;257;3.546937
62;52002;45005;45008;1.156004E-09;0.9999996;ОС-1:;состояние1_k-16.sig;1 дополнительное:;состояние2_k-27.sig;-0.01184725;-0.0002373421;3.708214;69;0.1451479;334;2.38119;3.85373;38;3.563066
62;52002;45005;45008;1.156004E-09;0.9999996;ОС-1:;состояние1_k-16.sig;1 дополнительное:;состояние2_k-28.sig;-0.01184725;-0.0006187615;3.708214;69;0.0985281;245;2.38104;3.799502;101;3.609686
62;52002;45005;45008;1.156004E-09;0.9999996;ОС-1:;состояние1_k-16.sig;1 дополнительное:;состояние2_k-29.sig;-0.01184725;-0.0002114967;3.708214;69;0.03468693;231;2.379154;3.742933;163;3.673527
62;52002;45005;45008;1.156004E-09;0.9999996;ОС-1:;состояние1_k-16.sig;1 дополнительное:;состояние2_k-30.sig;-0.01184725;0;3.708214;69;0.03368258;2;2.378539;3.741869;319;3.674531
62;52002;45005;45008;1.156004E-09;0.9999996;ОС-1:;состояние1_k-16.sig;1 дополнительное:;состояние2_k-31.sig;-0.01184725;-0.0007141924;3.708214;69;0.09532996;255;2.379314;3.803131;288;3.612884
62;52002;45005;45008;1.156004E-09;0.9999996;ОС-1:;состояние1_k-16.sig;1 дополнительное:;состояние2_k-32.sig;-0.01184725;-0.001647913;3.708214;69;0.1419048;86;2.380519;3.846637;7;3.566309
62;52002;45005;45008;1.156004E-09;0.9999996;ОС-1:;состояние1_k-16.sig;1 дополнительное:;состояние2_k-33.sig;-0.01184725;-0.001668476;3.708214;69;0.1678097;200;2.379098;3.873801;413;3.540404
62;52002;45005;45008;1.156004E-09;0.9999996;ОС-1:;состояние1_k-16.sig;1 дополнительное:;состояние2_k-34.sig;-0.01184725;-0.0007713676;3.708214;69;0.1704398;72;2.378353;3.872732;101;3.537774
62;52002;45005;45008;1.156004E-09;0.9999996;ОС-1:;состояние1_k-16.sig;1 дополнительное:;состояние2_k-35.sig;-0.01184725;0;3.708214;69;0.1500564;94;2.378517;3.85827;194;3.558158
62;52002;45005;45008;1.156004E-09;0.9999996;ОС-1:;состояние1_k-16.sig;1 дополнительное:;состояние2_k-36.sig;-0.01184725;-5.683783E-06;3.708214;69;0.1096209;87;2.379613;3.8129;225;3.598593
62;52002;45005;45008;1.156004E-09;0.9999996;ОС-1:;состояние1_k-16.sig;1 дополнительное:;состояние2_k-37.sig;-0.01184725;-0.000309975;3.708214;69;0.0556749;620;2.379277;3.763728;444;3.652539
62;52002;45005;45008;1.156004E-09;0.9999996;ОС-1:;состояние1_k-16.sig;1 дополнительное:;состояние2_k-38.sig;-0.01184725;-0.0001803973;3.708214;69;0.03309527;119;2.378443;3.740051;132;3.675119
62;52002;45005;45008;1.156004E-09;0.9999996;ОС-1:;состояние1_k-16.sig;1 дополнительное:;состояние2_k-39.sig;-0.01184725;0.0002162743;3.708214;69;0.09494679;571;2.37843;3.801898;507;3.613267
62;52002;45005;45008;1.156004E-09;0.9999996;ОС-1:;состояние1_k-16.sig;1 дополнительное:;состояние2_k-40.sig;-0.01184725;-4.656613E-09;3.708214;69;0.1614948;3;2.379668;3.853584;101;3.546719
62;52002;45005;45008;1.156004E-09;0.9999996;ОС-1:;состояние1_k-17.sig;1 дополнительное:;состояние2_k-21.sig;-0.03437059;0.008364604;3.014013;468;0.791771;778;1.960338;3.804251;468;2.222242
62;52002;45005;45008;1.156004E-09;0.9999996;ОС-1:;состояние1_k-17.sig;1 дополнительное:;состояние2_k-22.sig;-0.03437059;0.005644895;3.014013;468;0.4476479;235;1.931928;3.45788;144;2.566365
62;52002;45005;45008;1.156004E-09;0.9999996;ОС-1:;состояние1_k-17.sig;1 дополнительное:;состояние2_k-23.sig;-0.03437059;0.0006665818;3.014013;468;0.2043423;390;1.929307;3.21593;86;2.809671
62;52002;45005;45008;1.156004E-09;0.9999996;ОС-1:;состояние1_k-17.sig;1 дополнительное:;состояние2_k-24.sig;-0.03437059;-0.0009062215;3.014013;468;0.1015729;69;1.927354;3.114958;27;2.91244
62;52002;45005;45008;1.156004E-09;0.9999996;ОС-1:;состояние1_k-17.sig;1 дополнительное:;состояние2_k-25.sig;-0.03437059;0;3.014013;468;0.1376399;15;1.923328;3.151599;115;2.876373
62;52002;45005;45008;1.156004E-09;0.9999996;ОС-1:;состояние1_k-17.sig;1 дополнительное:;состояние2_k-26.sig;-0.03437059;0.0004174982;3.014013;468;0.1612772;84;1.922332;3.173636;527;2.852736
62;52002;45005;45008;1.156004E-09;0.9999996;ОС-1:;состояние1_k-17.sig;1 дополнительное:;состояние2_k-27.sig;-0.03437059;-0.0002373421;3.014013;468;0.1451479;334;1.924301;3.158136;56;2.868865
62;52002;45005;45008;1.156004E-09;0.9999996;ОС-1:;состояние1_k-17.sig;1 дополнительное:;состояние2_k-28.sig;-0.03437059;-0.0006187615;3.014013;468;0.0985281;245;1.92549;3.111971;674;2.915485
62;52002;45005;45008;1.156004E-09;0.9999996;ОС-1:;состояние1_k-17.sig;1 дополнительное:;состояние2_k-29.sig;-0.03437059;-0.0002114967;3.014013;468;0.03468693;231;1.924286;3.045051;439;2.979326
62;52002;45005;45008;1.156004E-09;0.9999996;ОС-1:;состояние1_k-17.sig;1 дополнительное:;состояние2_k-30.sig;-0.03437059;0;3.014013;468;0.03368258;2;1.922778;3.045765;203;2.980331
62;52002;45005;45008;1.156004E-09;0.9999996;ОС-1:;состояние1_k-17.sig;1 дополнительное:;состояние2_k-31.sig;-0.03437059;-0.0007141924;3.014013;468;0.09532996;255;1.923794;3.108851;174;2.918683
62;52002;45005;45008;1.156004E-09;0.9999996;ОС-1:;состояние1_k-17.sig;1 дополнительное:;состояние2_k-32.sig;-0.03437059;-0.001647913;3.014013;468;0.1419048;86;1.924917;3.153735;86;2.872108
62;52002;45005;45008;1.156004E-09;0.9999996;ОС-1:;состояние1_k-17.sig;1 дополнительное:;состояние2_k-33.sig;-0.03437059;-0.001668476;3.014013;468;0.1678097;200;1.924729;3.181593;321;2.846204
62;52002;45005;45008;1.156004E-09;0.9999996;ОС-1:;состояние1_k-17.sig;1 дополнительное:;состояние2_k-34.sig;-0.03437059;-0.0007713676;3.014013;468;0.1704398;72;1.925514;3.181074;527;2.843574
62;52002;45005;45008;1.156004E-09;0.9999996;ОС-1:;состояние1_k-17.sig;1 дополнительное:;состояние2_k-35.sig;-0.03437059;0;3.014013;468;0.1500564;94;1.92274;3.162911;380;2.863957
62;52002;45005;45008;1.156004E-09;0.9999996;ОС-1:;состояние1_k-17.sig;1 дополнительное:;состояние2_k-36.sig;-0.03437059;-5.683783E-06;3.014013;468;0.1096209;87;1.922794;3.123398;615;2.904392
62;52002;45005;45008;1.156004E-09;0.9999996;ОС-1:;состояние1_k-17.sig;1 дополнительное:;состояние2_k-37.sig;-0.03437059;-0.000309975;3.014013;468;0.0556749;620;1.923878;3.069431;174;2.958338
62;52002;45005;45008;1.156004E-09;0.9999996;ОС-1:;состояние1_k-17.sig;1 дополнительное:;состояние2_k-38.sig;-0.03437059;-0.0001803973;3.014013;468;0.03309527;119;1.923329;3.046546;527;2.980918
62;52002;45005;45008;1.156004E-09;0.9999996;ОС-1:;состояние1_k-17.sig;1 дополнительное:;состояние2_k-39.sig;-0.03437059;0.0002162743;3.014013;468;0.09494679;571;1.922425;3.108145;174;2.919066
62;52002;45005;45008;1.156004E-09;0.9999996;ОС-1:;состояние1_k-17.sig;1 дополнительное:;состояние2_k-40.sig;-0.03437059;-4.656613E-09;3.014013;468;0.1614948;3;1.922397;3.176576;115;2.852519
62;52002;45005;45008;1.156004E-09;0.9999996;ОС-1:;состояние1_k-18.sig;1 дополнительное:;состояние2_k-21.sig;-0.03752159;0.008364604;2.355159;378;0.791771;778;1.573191;3.143817;350;1.563388
62;52002;45005;45008;1.156004E-09;0.9999996;ОС-1:;состояние1_k-18.sig;1 дополнительное:;состояние2_k-22.sig;-0.03752159;0.005644895;2.355159;378;0.4476479;235;1.515728;2.796072;212;1.907511
62;52002;45005;45008;1.156004E-09;0.9999996;ОС-1:;состояние1_k-18.sig;1 дополнительное:;состояние2_k-23.sig;-0.03752159;0.0006665818;2.355159;378;0.2043423;390;1.502942;2.556732;128;2.150817
62;52002;45005;45008;1.156004E-09;0.9999996;ОС-1:;состояние1_k-18.sig;1 дополнительное:;состояние2_k-24.sig;-0.03752159;-0.0009062215;2.355159;378;0.1015729;69;1.502157;2.444343;45;2.253586
62;52002;45005;45008;1.156004E-09;0.9999996;ОС-1:;состояние1_k-18.sig;1 дополнительное:;состояние2_k-25.sig;-0.03752159;0;2.355159;378;0.1376399;15;1.500541;2.491254;295;2.217519
62;52002;45005;45008;1.156004E-09;0.9999996;ОС-1:;состояние1_k-18.sig;1 дополнительное:;состояние2_k-26.sig;-0.03752159;0.0004174982;2.355159;378;0.1612772;84;1.498907;2.513237;239;2.193882
62;52002;45005;45008;1.156004E-09;0.9999996;ОС-1:;состояние1_k-18.sig;1 дополнительное:;состояние2_k-27.sig;-0.03752159;-0.0002373421;2.355159;378;0.1451479;334;1.499372;2.490814;295;2.210011
62;52002;45005;45008;1.156004E-09;0.9999996;ОС-1:;состояние1_k-18.sig;1 дополнительное:;состояние2_k-28.sig;-0.03752159;-0.0006187615;2.355159;378;0.0985281;245;1.500024;2.452879;156;2.256631
62;52002;45005;45008;1.156004E-09;0.9999996;ОС-1:;состояние1_k-18.sig;1 дополнительное:;состояние2_k-29.sig;-0.03752159;-0.0002114967;2.355159;378;0.03468693;231;1.499792;2.389736;128;2.320472
62;52002;45005;45008;1.156004E-09;0.9999996;ОС-1:;состояние1_k-18.sig;1 дополнительное:;состояние2_k-30.sig;-0.03752159;0;2.355159;378;0.03368258;2;1.498686;2.381279;239;2.321476
62;52002;45005;45008;1.156004E-09;0.9999996;ОС-1:;состояние1_k-18.sig;1 дополнительное:;состояние2_k-31.sig;-0.03752159;-0.0007141924;2.355159;378;0.09532996;255;1.498464;2.450234;739;2.259829
62;52002;45005;45008;1.156004E-09;0.9999996;ОС-1:;состояние1_k-18.sig;1 дополнительное:;состояние2_k-32.sig;-0.03752159;-0.001647913;2.355159;378;0.1419048;86;1.499069;2.495262;461;2.213254
62;52002;45005;45008;1.156004E-09;0.9999996;ОС-1:;состояние1_k-18.sig;1 дополнительное:;состояние2_k-33.sig;-0.03752159;-0.001668476;2.355159;378;0.1678097;200;1.50022;2.518225;489;2.187349
62;52002;45005;45008;1.156004E-09;0.9999996;ОС-1:;состояние1_k-18.sig;1 дополнительное:;состояние2_k-34.sig;-0.03752159;-0.0007713676;2.355159;378;0.1704398;72;1.500536;2.522452;72;2.184719
62;52002;45005;45008;1.156004E-09;0.9999996;ОС-1:;состояние1_k-18.sig;1 дополнительное:;состояние2_k-35.sig;-0.03752159;0;2.355159;378;0.1500564;94;1.499635;2.500468;295;2.205103
62;52002;45005;45008;1.156004E-09;0.9999996;ОС-1:;состояние1_k-18.sig;1 дополнительное:;состояние2_k-36.sig;-0.03752159;-5.683783E-06;2.355159;378;0.1096209;87;1.500113;2.463881;267;2.245538
62;52002;45005;45008;1.156004E-09;0.9999996;ОС-1:;состояние1_k-18.sig;1 дополнительное:;состояние2_k-37.sig;-0.03752159;-0.000309975;2.355159;378;0.0556749;620;1.499068;2.409897;350;2.299484
62;52002;45005;45008;1.156004E-09;0.9999996;ОС-1:;состояние1_k-18.sig;1 дополнительное:;состояние2_k-38.sig;-0.03752159;-0.0001803973;2.355159;378;0.03309527;119;1.499077;2.386437;211;2.322064
62;52002;45005;45008;1.156004E-09;0.9999996;ОС-1:;состояние1_k-18.sig;1 дополнительное:;состояние2_k-39.sig;-0.03752159;0.0002162743;2.355159;378;0.09494679;571;1.499039;2.448778;378;2.260212
62;52002;45005;45008;1.156004E-09;0.9999996;ОС-1:;состояние1_k-18.sig;1 дополнительное:;состояние2_k-40.sig;-0.03752159;-4.656613E-09;2.355159;378;0.1614948;3;1.499592;2.516654;128;2.193664
62;52002;45005;45008;1.156004E-09;0.9999996;ОС-1:;состояние1_k-19.sig;1 дополнительное:;состояние2_k-21.sig;-0.02004895;0.008364604;1.754695;508;0.791771;778;1.251019;2.54453;87;0.9629243
62;52002;45005;45008;1.156004E-09;0.9999996;ОС-1:;состояние1_k-19.sig;1 дополнительное:;состояние2_k-22.sig;-0.02004895;0.005644895;1.754695;508;0.4476479;235;1.15757;2.202007;8;1.307047
62;52002;45005;45008;1.156004E-09;0.9999996;ОС-1:;состояние1_k-19.sig;1 дополнительное:;состояние2_k-23.sig;-0.02004895;0.0006665818;1.754695;508;0.2043423;390;1.12575;1.957524;455;1.550353
62;52002;45005;45008;1.156004E-09;0.9999996;ОС-1:;состояние1_k-19.sig;1 дополнительное:;состояние2_k-24.sig;-0.02004895;-0.0009062215;1.754695;508;0.1015729;69;1.123102;1.853428;508;1.653122
62;52002;45005;45008;1.156004E-09;0.9999996;ОС-1:;состояние1_k-19.sig;1 дополнительное:;состояние2_k-25.sig;-0.02004895;0;1.754695;508;0.1376399;15;1.125391;1.89011;34;1.617055
62;52002;45005;45008;1.156004E-09;0.9999996;ОС-1:;состояние1_k-19.sig;1 дополнительное:;состояние2_k-26.sig;-0.02004895;0.0004174982;1.754695;508;0.1612772;84;1.124175;1.914052;8;1.593418
62;52002;45005;45008;1.156004E-09;0.9999996;ОС-1:;состояние1_k-19.sig;1 дополнительное:;состояние2_k-27.sig;-0.02004895;-0.0002373421;1.754695;508;0.1451479;334;1.122339;1.8983;482;1.609547
62;52002;45005;45008;1.156004E-09;0.9999996;ОС-1:;состояние1_k-19.sig;1 дополнительное:;состояние2_k-28.sig;-0.02004895;-0.0006187615;1.754695;508;0.0985281;245;1.122094;1.852785;745;1.656167
62;52002;45005;45008;1.156004E-09;0.9999996;ОС-1:;состояние1_k-19.sig;1 дополнительное:;состояние2_k-29.sig;-0.02004895;-0.0002114967;1.754695;508;0.03468693;231;1.122532;1.787965;455;1.720008
62;52002;45005;45008;1.156004E-09;0.9999996;ОС-1:;состояние1_k-19.sig;1 дополнительное:;состояние2_k-30.sig;-0.02004895;0;1.754695;508;0.03368258;2;1.122002;1.786845;87;1.721013
62;52002;45005;45008;1.156004E-09;0.9999996;ОС-1:;состояние1_k-19.sig;1 дополнительное:;состояние2_k-31.sig;-0.02004895;-0.0007141924;1.754695;508;0.09532996;255;1.121475;1.84765;61;1.659365
62;52002;45005;45008;1.156004E-09;0.9999996;ОС-1:;состояние1_k-19.sig;1 дополнительное:;состояние2_k-32.sig;-0.02004895;-0.001647913;1.754695;508;0.1419048;86;1.121786;1.896564;508;1.61279
62;52002;45005;45008;1.156004E-09;0.9999996;ОС-1:;состояние1_k-19.sig;1 дополнительное:;состояние2_k-33.sig;-0.02004895;-0.001668476;1.754695;508;0.1678097;200;1.123266;1.921322;245;1.586886
62;52002;45005;45008;1.156004E-09;0.9999996;ОС-1:;состояние1_k-19.sig;1 дополнительное:;состояние2_k-34.sig;-0.02004895;-0.0007713676;1.754695;508;0.1704398;72;1.124141;1.924656;87;1.584255
62;52002;45005;45008;1.156004E-09;0.9999996;ОС-1:;состояние1_k-19.sig;1 дополнительное:;состояние2_k-35.sig;-0.02004895;0;1.754695;508;0.1500564;94;1.123558;1.904337;8;1.604639
62;52002;45005;45008;1.156004E-09;0.9999996;ОС-1:;состояние1_k-19.sig;1 дополнительное:;состояние2_k-36.sig;-0.02004895;-5.683783E-06;1.754695;508;0.1096209;87;1.122811;1.864239;587;1.645074
62;52002;45005;45008;1.156004E-09;0.9999996;ОС-1:;состояние1_k-19.sig;1 дополнительное:;состояние2_k-37.sig;-0.02004895;-0.000309975;1.754695;508;0.0556749;620;1.121992;1.807623;376;1.69902
62;52002;45005;45008;1.156004E-09;0.9999996;ОС-1:;состояние1_k-19.sig;1 дополнительное:;состояние2_k-38.sig;-0.02004895;-0.0001803973;1.754695;508;0.03309527;119;1.12224;1.762043;482;1.7216
62;52002;45005;45008;1.156004E-09;0.9999996;ОС-1:;состояние1_k-19.sig;1 дополнительное:;состояние2_k-39.sig;-0.02004895;0.0002162743;1.754695;508;0.09494679;571;1.122837;1.847192;455;1.659749
62;52002;45005;45008;1.156004E-09;0.9999996;ОС-1:;состояние1_k-19.sig;1 дополнительное:;состояние2_k-40.sig;-0.02004895;-4.656613E-09;1.754695;508;0.1614948;3;1.123075;1.91476;140;1.593201
62;52002;45005;45008;1.156004E-09;0.9999996;ОС-1:;состояние1_k-20.sig;1 дополнительное:;состояние2_k-21.sig;0;0.008364604;1.229447;25;0.791771;778;0.9847671;2.018934;350;0.4376757
62;52002;45005;45008;1.156004E-09;0.9999996;ОС-1:;состояние1_k-20.sig;1 дополнительное:;состояние2_k-22.sig;0;0.005644895;1.229447;25;0.4476479;235;0.8486165;1.673624;75;0.7817987
62;52002;45005;45008;1.156004E-09;0.9999996;ОС-1:;состояние1_k-20.sig;1 дополнительное:;состояние2_k-23.sig;0;0.0006665818;1.229447;25;0.2043423;390;0.7913034;1.433698;325;1.025104
62;52002;45005;45008;1.156004E-09;0.9999996;ОС-1:;состояние1_k-20.sig;1 дополнительное:;состояние2_k-24.sig;0;-0.0009062215;1.229447;25;0.1015729;69;0.7801231;1.326855;175;1.127874
62;52002;45005;45008;1.156004E-09;0.9999996;ОС-1:;состояние1_k-20.sig;1 дополнительное:;состояние2_k-25.sig;0;0;1.229447;25;0.1376399;15;0.7852768;1.367087;75;1.091807
62;52002;45005;45008;1.156004E-09;0.9999996;ОС-1:;состояние1_k-20.sig;1 дополнительное:;состояние2_k-26.sig;0;0.0004174982;1.229447;25;0.1612772;84;0.7873955;1.389849;200;1.068169
62;52002;45005;45008;1.156004E-09;0.9999996;ОС-1:;состояние1_k-20.sig;1 дополнительное:;состояние2_k-27.sig;0;-0.0002373421;1.229447;25;0.1451479;334;0.7846708;1.37445;575;1.084299
62;52002;45005;45008;1.156004E-09;0.9999996;ОС-1:;состояние1_k-20.sig;1 дополнительное:;состояние2_k-28.sig;0;-0.0006187615;1.229447;25;0.0985281;245;0.7821756;1.321239;100;1.130919
62;52002;45005;45008;1.156004E-09;0.9999996;ОС-1:;состояние1_k-20.sig;1 дополнительное:;состояние2_k-29.sig;0;-0.0002114967;1.229447;25;0.03468693;231;0.7826436;1.264133;300;1.19476
62;52002;45005;45008;1.156004E-09;0.9999996;ОС-1:;состояние1_k-20.sig;1 дополнительное:;состояние2_k-30.sig;0;0;1.229447;25;0.03368258;2;0.7832051;1.260535;0;1.195764
62;52002;45005;45008;1.156004E-09;0.9999996;ОС-1:;состояние1_k-20.sig;1 дополнительное:;состояние2_k-31.sig;0;-0.0007141924;1.229447;25;0.09532996;255;0.7823172;1.324047;175;1.134117
62;52002;45005;45008;1.156004E-09;0.9999996;ОС-1:;состояние1_k-20.sig;1 дополнительное:;состояние2_k-32.sig;0;-0.001647913;1.229447;25;0.1419048;86;0.781962;1.365055;150;1.087542
62;52002;45005;45008;1.156004E-09;0.9999996;ОС-1:;состояние1_k-20.sig;1 дополнительное:;состояние2_k-33.sig;0;-0.001668476;1.229447;25;0.1678097;200;0.7830564;1.397256;200;1.061637
62;52002;45005;45008;1.156004E-09;0.9999996;ОС-1:;состояние1_k-20.sig;1 дополнительное:;состояние2_k-34.sig;0;-0.0007713676;1.229447;25;0.1704398;72;0.7850861;1.39986;175;1.059007
62;52002;45005;45008;1.156004E-09;0.9999996;ОС-1:;состояние1_k-20.sig;1 дополнительное:;состояние2_k-35.sig;0;0;1.229447;25;0.1500564;94;0.7859702;1.37432;150;1.07939
62;52002;45005;45008;1.156004E-09;0.9999996;ОС-1:;состояние1_k-20.sig;1 дополнительное:;состояние2_k-36.sig;0;-5.683783E-06;1.229447;25;0.1096209;87;0.7839889;1.330286;74;1.119826
62;52002;45005;45008;1.156004E-09;0.9999996;ОС-1:;состояние1_k-20.sig;1 дополнительное:;состояние2_k-37.sig;0;-0.000309975;1.229447;25;0.0556749;620;0.7825536;1.285014;350;1.173772
62;52002;45005;45008;1.156004E-09;0.9999996;ОС-1:;состояние1_k-20.sig;1 дополнительное:;состояние2_k-38.sig;0;-0.0001803973;1.229447;25;0.03309527;119;0.7828767;1.262199;250;1.196351
62;52002;45005;45008;1.156004E-09;0.9999996;ОС-1:;состояние1_k-20.sig;1 дополнительное:;состояние2_k-39.sig;0;0.0002162743;1.229447;25;0.09494679;571;0.7845497;1.324318;225;1.1345
62;52002;45005;45008;1.156004E-09;0.9999996;ОС-1:;состояние1_k-20.sig;1 дополнительное:;состояние2_k-40.sig;0;-4.656613E-09;1.229447;25;0.1614948;3;0.7874112;1.36718;1;1.067952
62;60008;59002;51002;1.282897E-09;0.9999999;ОС-1:;состояние1_k-1.sig;1 дополнительное:;состояние2_k-21.sig;0.2821743;0.00830718;1.26535;351;0.7868506;778;0.8325322;2.039566;373;0.4784989
62;60008;59002;51002;1.282897E-09;0.9999999;ОС-1:;состояние1_k-1.sig;1 дополнительное:;состояние2_k-22.sig;0.2821743;0.005519373;1.26535;351;0.4409739;144;0.7611821;1.705473;349;0.8243756
62;60008;59002;51002;1.282897E-09;0.9999999;ОС-1:;состояние1_k-1.sig;1 дополнительное:;состояние2_k-23.sig;0.2821743;0.0005295359;1.26535;351;0.197642;42;0.7318157;1.455602;368;1.067708
62;60008;59002;51002;1.282897E-09;0.9999999;ОС-1:;состояние1_k-1.sig;1 дополнительное:;состояние2_k-24.sig;0.2821743;-0.0009794462;1.26535;351;0.105312;110;0.7252556;1.367217;339;1.160038
62;60008;59002;51002;1.282897E-09;0.9999999;ОС-1:;состояние1_k-1.sig;1 дополнительное:;состояние2_k-25.sig;0.2821743;0;1.26535;351;0.1494922;15;0.7293187;1.414398;355;1.115857
62;60008;59002;51002;1.282897E-09;0.9999999;ОС-1:;состояние1_k-1.sig;1 дополнительное:;состояние2_k-26.sig;0.2821743;0.0004176175;1.26535;351;0.1756908;430;0.7298656;1.433945;334;1.089659
62;60008;59002;51002;1.282897E-09;0.9999999;ОС-1:;состояние1_k-1.sig;1 дополнительное:;состояние2_k-27.sig;0.2821743;-0.0003134829;1.26535;351;0.1606723;482;0.7281981;1.425649;352;1.104677
62;60008;59002;51002;1.282897E-09;0.9999999;ОС-1:;состояние1_k-1.sig;1 дополнительное:;состояние2_k-28.sig;0.2821743;-0.0007619427;1.26535;351;0.1145959;102;0.7261031;1.372914;334;1.150754
62;60008;59002;51002;1.282897E-09;0.9999999;ОС-1:;состояние1_k-1.sig;1 дополнительное:;состояние2_k-29.sig;0.2821743;-0.00032766;1.26535;351;0.05098683;541;0.7258239;1.316235;351;1.214363
62;60008;59002;51002;1.282897E-09;0.9999999;ОС-1:;состояние1_k-1.sig;1 дополнительное:;состояние2_k-30.sig;0.2821743;0;1.26535;351;0.01901451;37;0.7248431;1.284123;353;1.246335
62;60008;59002;51002;1.282897E-09;0.9999999;ОС-1:;состояние1_k-1.sig;1 дополнительное:;состояние2_k-31.sig;0.2821743;-0.0005966789;1.26535;351;0.08047432;94;0.7262089;1.340374;336;1.184875
62;60008;59002;51002;1.282897E-09;0.9999999;ОС-1:;состояние1_k-1.sig;1 дополнительное:;состояние2_k-32.sig;0.2821743;-0.001493929;1.26535;351;0.1276987;55;0.7256764;1.39295;352;1.137651
62;60008;59002;51002;1.282897E-09;0.9999999;ОС-1:;состояние1_k-1.sig;1 дополнительное:;состояние2_k-33.sig;0.2821743;-0.001563641;1.26535;351;0.1543402;685;0.7271086;1.414207;337;1.111009
62;60008;59002;51002;1.282897E-09;0.9999999;ОС-1:;состояние1_k-1.sig;1 дополнительное:;состояние2_k-34.sig;0.2821743;-0.0007387267;1.26535;351;0.1576335;278;0.7279513;1.422152;352;1.107716
62;60008;59002;51002;1.282897E-09;0.9999999;ОС-1:;состояние1_k-1.sig;1 дополнительное:;состояние2_k-35.sig;0.2821743;0;1.26535;351;0.1377046;37;0.7278866;1.398314;337;1.127645
62;60008;59002;51002;1.282897E-09;0.9999999;ОС-1:;состояние1_k-1.sig;1 дополнительное:;состояние2_k-36.sig;0.2821743;1.429091E-05;1.26535;351;0.09740385;226;0.7262176;1.362753;351;1.167946
62;60008;59002;51002;1.282897E-09;0.9999999;ОС-1:;состояние1_k-1.sig;1 дополнительное:;состояние2_k-37.sig;0.2821743;-0.0002489866;1.26535;351;0.04341539;701;0.723883;1.305008;363;1.221934
62;60008;59002;51002;1.282897E-09;0.9999999;ОС-1:;состояние1_k-1.sig;1 дополнительное:;состояние2_k-38.sig;0.2821743;-9.795024E-05;1.26535;351;0.03804552;144;0.7248892;1.301058;342;1.227304
62;60008;59002;51002;1.282897E-09;0.9999999;ОС-1:;состояние1_k-1.sig;1 дополнительное:;состояние2_k-39.sig;0.2821743;0.0002777804;1.26535;351;0.1056636;622;0.7265833;1.37074;353;1.159686
62;60008;59002;51002;1.282897E-09;0.9999999;ОС-1:;состояние1_k-1.sig;1 дополнительное:;состояние2_k-40.sig;0.2821743;1.041219E-08;1.26535;351;0.1738576;2;0.7296084;1.437274;340;1.091492
62;60008;59002;51002;1.282897E-09;0.9999999;ОС-1:;состояние1_k-2.sig;1 дополнительное:;состояние2_k-21.sig;0.3851342;0.00830718;2.487285;101;0.7868506;778;1.604342;3.272378;349;1.700434
62;60008;59002;51002;1.282897E-09;0.9999999;ОС-1:;состояние1_k-2.sig;1 дополнительное:;состояние2_k-22.sig;0.3851342;0.005519373;2.487285;101;0.4409739;144;1.594247;2.848989;120;2.046311
62;60008;59002;51002;1.282897E-09;0.9999999;ОС-1:;состояние1_k-2.sig;1 дополнительное:;состояние2_k-23.sig;0.3851342;0.0005295359;2.487285;101;0.197642;42;1.574526;2.681081;347;2.289643
62;60008;59002;51002;1.282897E-09;0.9999999;ОС-1:;состояние1_k-2.sig;1 дополнительное:;состояние2_k-24.sig;0.3851342;-0.0009794462;2.487285;101;0.105312;110;1.574575;2.578468;359;2.381973
62;60008;59002;51002;1.282897E-09;0.9999999;ОС-1:;состояние1_k-2.sig;1 дополнительное:;состояние2_k-25.sig;0.3851342;0;2.487285;101;0.1494922;15;1.571236;2.630229;595;2.337793
62;60008;59002;51002;1.282897E-09;0.9999999;ОС-1:;состояние1_k-2.sig;1 дополнительное:;состояние2_k-26.sig;0.3851342;0.0004176175;2.487285;101;0.1756908;430;1.578037;2.662009;103;2.311594
62;60008;59002;51002;1.282897E-09;0.9999999;ОС-1:;состояние1_k-2.sig;1 дополнительное:;состояние2_k-27.sig;0.3851342;-0.0003134829;2.487285;101;0.1606723;482;1.571655;2.637168;94;2.326613
62;60008;59002;51002;1.282897E-09;0.9999999;ОС-1:;состояние1_k-2.sig;1 дополнительное:;состояние2_k-28.sig;0.3851342;-0.0007619427;2.487285;101;0.1145959;102;1.573889;2.601598;352;2.372689
62;60008;59002;51002;1.282897E-09;0.9999999;ОС-1:;состояние1_k-2.sig;1 дополнительное:;состояние2_k-29.sig;0.3851342;-0.00032766;2.487285;101;0.05098683;541;1.573286;2.527892;594;2.436298
62;60008;59002;51002;1.282897E-09;0.9999999;ОС-1:;состояние1_k-2.sig;1 дополнительное:;состояние2_k-30.sig;0.3851342;0;2.487285;101;0.01901451;37;1.572846;2.483296;93;2.46827
62;60008;59002;51002;1.282897E-09;0.9999999;ОС-1:;состояние1_k-2.sig;1 дополнительное:;состояние2_k-31.sig;0.3851342;-0.0005966789;2.487285;101;0.08047432;94;1.571814;2.567461;352;2.406811
62;60008;59002;51002;1.282897E-09;0.9999999;ОС-1:;состояние1_k-2.sig;1 дополнительное:;состояние2_k-32.sig;0.3851342;-0.001493929;2.487285;101;0.1276987;55;1.573799;2.614639;102;2.359586
62;60008;59002;51002;1.282897E-09;0.9999999;ОС-1:;состояние1_k-2.sig;1 дополнительное:;состояние2_k-33.sig;0.3851342;-0.001563641;2.487285;101;0.1543402;685;1.574375;2.640999;352;2.332945
62;60008;59002;51002;1.282897E-09;0.9999999;ОС-1:;состояние1_k-2.sig;1 дополнительное:;состояние2_k-34.sig;0.3851342;-0.0007387267;2.487285;101;0.1576335;278;1.566501;2.607975;88;2.329651
62;60008;59002;51002;1.282897E-09;0.9999999;ОС-1:;состояние1_k-2.sig;1 дополнительное:;состояние2_k-35.sig;0.3851342;0;2.487285;101;0.1377046;37;1.573289;2.62461;351;2.34958
62;60008;59002;51002;1.282897E-09;0.9999999;ОС-1:;состояние1_k-2.sig;1 дополнительное:;состояние2_k-36.sig;0.3851342;1.429091E-05;2.487285;101;0.09740385;226;1.572548;2.584689;101;2.389881
62;60008;59002;51002;1.282897E-09;0.9999999;ОС-1:;состояние1_k-2.sig;1 дополнительное:;состояние2_k-37.sig;0.3851342;-0.0002489866;2.487285;101;0.04341539;701;1.571986;2.530446;350;2.44387
62;60008;59002;51002;1.282897E-09;0.9999999;ОС-1:;состояние1_k-2.sig;1 дополнительное:;состояние2_k-38.sig;0.3851342;-9.795024E-05;2.487285;101;0.03804552;144;1.571642;2.522988;104;2.449239
62;60008;59002;51002;1.282897E-09;0.9999999;ОС-1:;состояние1_k-2.sig;1 дополнительное:;состояние2_k-39.sig;0.3851342;0.0002777804;2.487285;101;0.1056636;622;1.573351;2.588902;97;2.381621
62;60008;59002;51002;1.282897E-09;0.9999999;ОС-1:;состояние1_k-2.sig;1 дополнительное:;состояние2_k-40.sig;0.3851342;1.041219E-08;2.487285;101;0.1738576;2;1.574064;2.66086;352;2.313427
62;60008;59002;51002;1.282897E-09;0.9999999;ОС-1:;состояние1_k-3.sig;1 дополнительное:;состояние2_k-21.sig;0.2775487;0.00830718;3.62451;684;0.7868506;778;2.355717;4.118406;38;2.837659
62;60008;59002;51002;1.282897E-09;0.9999999;ОС-1:;состояние1_k-3.sig;1 дополнительное:;состояние2_k-22.sig;0.2775487;0.005519373;3.62451;684;0.4409739;144;2.287909;4.062689;349;3.183536
62;60008;59002;51002;1.282897E-09;0.9999999;ОС-1:;состояние1_k-3.sig;1 дополнительное:;состояние2_k-23.sig;0.2775487;0.0005295359;3.62451;684;0.197642;42;2.288619;3.817877;20;3.426867
62;60008;59002;51002;1.282897E-09;0.9999999;ОС-1:;состояние1_k-3.sig;1 дополнительное:;состояние2_k-24.sig;0.2775487;-0.0009794462;3.62451;684;0.105312;110;2.287714;3.695494;190;3.519197
62;60008;59002;51002;1.282897E-09;0.9999999;ОС-1:;состояние1_k-3.sig;1 дополнительное:;состояние2_k-25.sig;0.2775487;0;3.62451;684;0.1494922;15;2.284925;3.767002;354;3.475017
62;60008;59002;51002;1.282897E-09;0.9999999;ОС-1:;состояние1_k-3.sig;1 дополнительное:;состояние2_k-26.sig;0.2775487;0.0004176175;3.62451;684;0.1756908;430;2.283181;3.791559;681;3.448819
62;60008;59002;51002;1.282897E-09;0.9999999;ОС-1:;состояние1_k-3.sig;1 дополнительное:;состояние2_k-27.sig;0.2775487;-0.0003134829;3.62451;684;0.1606723;482;2.29633;3.783888;352;3.463837
62;60008;59002;51002;1.282897E-09;0.9999999;ОС-1:;состояние1_k-3.sig;1 дополнительное:;состояние2_k-28.sig;0.2775487;-0.0007619427;3.62451;684;0.1145959;102;2.285138;3.728285;14;3.509914
62;60008;59002;51002;1.282897E-09;0.9999999;ОС-1:;состояние1_k-3.sig;1 дополнительное:;состояние2_k-29.sig;0.2775487;-0.00032766;3.62451;684;0.05098683;541;2.285572;3.67537;351;3.573523
62;60008;59002;51002;1.282897E-09;0.9999999;ОС-1:;состояние1_k-3.sig;1 дополнительное:;состояние2_k-30.sig;0.2775487;0;3.62451;684;0.01901451;37;2.285506;3.641774;685;3.605495
62;60008;59002;51002;1.282897E-09;0.9999999;ОС-1:;состояние1_k-3.sig;1 дополнительное:;состояние2_k-31.sig;0.2775487;-0.0005966789;3.62451;684;0.08047432;94;2.285342;3.697277;15;3.544035
62;60008;59002;51002;1.282897E-09;0.9999999;ОС-1:;состояние1_k-3.sig;1 дополнительное:;состояние2_k-32.sig;0.2775487;-0.001493929;3.62451;684;0.1276987;55;2.285225;3.751188;352;3.496811
62;60008;59002;51002;1.282897E-09;0.9999999;ОС-1:;состояние1_k-3.sig;1 дополнительное:;состояние2_k-33.sig;0.2775487;-0.001563641;3.62451;684;0.1543402;685;2.294448;3.670076;339;3.470169
62;60008;59002;51002;1.282897E-09;0.9999999;ОС-1:;состояние1_k-3.sig;1 дополнительное:;состояние2_k-34.sig;0.2775487;-0.0007387267;3.62451;684;0.1576335;278;2.284049;3.78111;351;3.466876
62;60008;59002;51002;1.282897E-09;0.9999999;ОС-1:;состояние1_k-3.sig;1 дополнительное:;состояние2_k-35.sig;0.2775487;0;3.62451;684;0.1377046;37;2.283795;3.752097;181;3.486805
62;60008;59002;51002;1.282897E-09;0.9999999;ОС-1:;состояние1_k-3.sig;1 дополнительное:;состояние2_k-36.sig;0.2775487;1.429091E-05;3.62451;684;0.09740385;226;2.285455;3.721889;351;3.527106
62;60008;59002;51002;1.282897E-09;0.9999999;ОС-1:;состояние1_k-3.sig;1 дополнительное:;состояние2_k-37.sig;0.2775487;-0.0002489866;3.62451;684;0.04341539;701;2.285838;3.663064;186;3.581094
62;60008;59002;51002;1.282897E-09;0.9999999;ОС-1:;состояние1_k-3.sig;1 дополнительное:;состояние2_k-38.sig;0.2775487;-9.795024E-05;3.62451;684;0.03804552;144;2.285431;3.662271;684;3.586464
62;60008;59002;51002;1.282897E-09;0.9999999;ОС-1:;состояние1_k-3.sig;1 дополнительное:;состояние2_k-39.sig;0.2775487;0.0002777804;3.62451;684;0.1056636;622;2.289655;3.727984;19;3.518846
62;60008;59002;51002;1.282897E-09;0.9999999;ОС-1:;состояние1_k-3.sig;1 дополнительное:;состояние2_k-40.sig;0.2775487;1.041219E-08;3.62451;684;0.1738576;2;2.28426;3.795502;15;3.450652
62;60008;59002;51002;1.282897E-09;0.9999999;ОС-1:;состояние1_k-4.sig;1 дополнительное:;состояние2_k-21.sig;0.09202619;0.00830718;4.639686;226;0.7868506;778;2.910492;5.42336;350;3.852836
62;60008;59002;51002;1.282897E-09;0.9999999;ОС-1:;состояние1_k-4.sig;1 дополнительное:;состояние2_k-22.sig;0.09202619;0.005519373;4.639686;226;0.4409739;144;2.8881;5.075373;99;4.198712
62;60008;59002;51002;1.282897E-09;0.9999999;ОС-1:;состояние1_k-4.sig;1 дополнительное:;состояние2_k-23.sig;0.09202619;0.0005295359;4.639686;226;0.197642;42;2.880848;4.820118;348;4.442044
62;60008;59002;51002;1.282897E-09;0.9999999;ОС-1:;состояние1_k-4.sig;1 дополнительное:;состояние2_k-24.sig;0.09202619;-0.0009794462;4.639686;226;0.105312;110;2.878187;4.691785;105;4.534374
62;60008;59002;51002;1.282897E-09;0.9999999;ОС-1:;состояние1_k-4.sig;1 дополнительное:;состояние2_k-25.sig;0.09202619;0;4.639686;226;0.1494922;15;2.878022;4.788386;475;4.490194
62;60008;59002;51002;1.282897E-09;0.9999999;ОС-1:;состояние1_k-4.sig;1 дополнительное:;состояние2_k-26.sig;0.09202619;0.0004176175;4.639686;226;0.1756908;430;2.879429;4.810623;352;4.463995
62;60008;59002;51002;1.282897E-09;0.9999999;ОС-1:;состояние1_k-4.sig;1 дополнительное:;состояние2_k-27.sig;0.09202619;-0.0003134829;4.639686;226;0.1606723;482;2.88154;4.792255;724;4.479014
62;60008;59002;51002;1.282897E-09;0.9999999;ОС-1:;состояние1_k-4.sig;1 дополнительное:;состояние2_k-28.sig;0.09202619;-0.0007619427;4.639686;226;0.1145959;102;2.86864;4.752732;101;4.52509
62;60008;59002;51002;1.282897E-09;0.9999999;ОС-1:;состояние1_k-4.sig;1 дополнительное:;состояние2_k-29.sig;0.09202619;-0.00032766;4.639686;226;0.05098683;541;2.880541;4.677634;727;4.588699
62;60008;59002;51002;1.282897E-09;0.9999999;ОС-1:;состояние1_k-4.sig;1 дополнительное:;состояние2_k-30.sig;0.09202619;0;4.639686;226;0.01901451;37;2.879042;4.656465;101;4.620672
62;60008;59002;51002;1.282897E-09;0.9999999;ОС-1:;состояние1_k-4.sig;1 дополнительное:;состояние2_k-31.sig;0.09202619;-0.0005966789;4.639686;226;0.08047432;94;2.878881;4.718291;351;4.559212
62;60008;59002;51002;1.282897E-09;0.9999999;ОС-1:;состояние1_k-4.sig;1 дополнительное:;состояние2_k-32.sig;0.09202619;-0.001493929;4.639686;226;0.1276987;55;2.88038;4.765566;226;4.511987
62;60008;59002;51002;1.282897E-09;0.9999999;ОС-1:;состояние1_k-4.sig;1 дополнительное:;состояние2_k-33.sig;0.09202619;-0.001563641;4.639686;226;0.1543402;685;2.880323;4.792504;351;4.485346
62;60008;59002;51002;1.282897E-09;0.9999999;ОС-1:;состояние1_k-4.sig;1 дополнительное:;состояние2_k-34.sig;0.09202619;-0.0007387267;4.639686;226;0.1576335;278;2.880297;4.796311;101;4.482053
62;60008;59002;51002;1.282897E-09;0.9999999;ОС-1:;состояние1_k-4.sig;1 дополнительное:;состояние2_k-35.sig;0.09202619;0;4.639686;226;0.1377046;37;2.880097;4.777012;351;4.501982
62;60008;59002;51002;1.282897E-09;0.9999999;ОС-1:;состояние1_k-4.sig;1 дополнительное:;состояние2_k-36.sig;0.09202619;1.429091E-05;4.639686;226;0.09740385;226;2.871036;4.574356;93;4.542282
62;60008;59002;51002;1.282897E-09;0.9999999;ОС-1:;состояние1_k-4.sig;1 дополнительное:;состояние2_k-37.sig;0.09202619;-0.0002489866;4.639686;226;0.04341539;701;2.879735;4.682165;350;4.596271
62;60008;59002;51002;1.282897E-09;0.9999999;ОС-1:;состояние1_k-4.sig;1 дополнительное:;состояние2_k-38.sig;0.09202619;-9.795024E-05;4.639686;226;0.03804552;144;2.878972;4.67252;475;4.601641
62;60008;59002;51002;1.282897E-09;0.9999999;ОС-1:;состояние1_k-4.sig;1 дополнительное:;состояние2_k-39.sig;0.09202619;0.0002777804;4.639686;226;0.1056636;622;2.878246;4.743989;225;4.534022
62;60008;59002;51002;1.282897E-09;0.9999999;ОС-1:;состояние1_k-4.sig;1 дополнительное:;состояние2_k-40.sig;0.09202619;1.041219E-08;4.639686;226;0.1738576;2;2.879454;4.811408;102;4.465828
62;60008;59002;51002;1.282897E-09;0.9999999;ОС-1:;состояние1_k-5.sig;1 дополнительное:;состояние2_k-21.sig;0;0.00830718;5.50143;151;0.7868506;778;3.516551;6.265482;253;4.714579
62;60008;59002;51002;1.282897E-09;0.9999999;ОС-1:;состояние1_k-5.sig;1 дополнительное:;состояние2_k-22.sig;0;0.005519373;5.50143;151;0.4409739;144;3.510835;5.933342;349;5.060456
62;60008;59002;51002;1.282897E-09;0.9999999;ОС-1:;состояние1_k-5.sig;1 дополнительное:;состояние2_k-23.sig;0;0.0005295359;5.50143;151;0.197642;42;3.507463;5.698799;151;5.303788
62;60008;59002;51002;1.282897E-09;0.9999999;ОС-1:;состояние1_k-5.sig;1 дополнительное:;состояние2_k-24.sig;0;-0.0009794462;5.50143;151;0.105312;110;3.502993;5.606421;651;5.396118
62;60008;59002;51002;1.282897E-09;0.9999999;ОС-1:;состояние1_k-5.sig;1 дополнительное:;состояние2_k-25.sig;0;0;5.50143;151;0.1494922;15;3.518518;5.635056;52;5.351937
62;60008;59002;51002;1.282897E-09;0.9999999;ОС-1:;состояние1_k-5.sig;1 дополнительное:;состояние2_k-26.sig;0;0.0004176175;5.50143;151;0.1756908;430;3.498283;5.640536;48;5.325739
62;60008;59002;51002;1.282897E-09;0.9999999;ОС-1:;состояние1_k-5.sig;1 дополнительное:;состояние2_k-27.sig;0;-0.0003134829;5.50143;151;0.1606723;482;3.499936;5.657767;352;5.340757
62;60008;59002;51002;1.282897E-09;0.9999999;ОС-1:;состояние1_k-5.sig;1 дополнительное:;состояние2_k-28.sig;0;-0.0007619427;5.50143;151;0.1145959;102;3.501655;5.609902;550;5.386834
62;60008;59002;51002;1.282897E-09;0.9999999;ОС-1:;состояние1_k-5.sig;1 дополнительное:;состояние2_k-29.sig;0;-0.00032766;5.50143;151;0.05098683;541;3.502361;5.552315;351;5.450443
62;60008;59002;51002;1.282897E-09;0.9999999;ОС-1:;состояние1_k-5.sig;1 дополнительное:;состояние2_k-30.sig;0;0;5.50143;151;0.01901451;37;3.50244;5.518209;151;5.482415
62;60008;59002;51002;1.282897E-09;0.9999999;ОС-1:;состояние1_k-5.sig;1 дополнительное:;состояние2_k-31.sig;0;-0.0005966789;5.50143;151;0.08047432;94;3.502526;5.578583;450;5.420955
62;60008;59002;51002;1.282897E-09;0.9999999;ОС-1:;состояние1_k-5.sig;1 дополнительное:;состояние2_k-32.sig;0;-0.001493929;5.50143;151;0.1276987;55;3.502511;5.627309;351;5.373731
62;60008;59002;51002;1.282897E-09;0.9999999;ОС-1:;состояние1_k-5.sig;1 дополнительное:;состояние2_k-33.sig;0;-0.001563641;5.50143;151;0.1543402;685;3.501843;5.648313;50;5.347089
62;60008;59002;51002;1.282897E-09;0.9999999;ОС-1:;состояние1_k-5.sig;1 дополнительное:;состояние2_k-34.sig;0;-0.0007387267;5.50143;151;0.1576335;278;3.500556;5.658055;351;5.343796
62;60008;59002;51002;1.282897E-09;0.9999999;ОС-1:;состояние1_k-5.sig;1 дополнительное:;состояние2_k-35.sig;0;0;5.50143;151;0.1377046;37;3.514775;5.387516;45;5.363725
62;60008;59002;51002;1.282897E-09;0.9999999;ОС-1:;состояние1_k-5.sig;1 дополнительное:;состояние2_k-36.sig;0;1.429091E-05;5.50143;151;0.09740385;226;3.500717;5.598834;351;5.404026
62;60008;59002;51002;1.282897E-09;0.9999999;ОС-1:;состояние1_k-5.sig;1 дополнительное:;состояние2_k-37.sig;0;-0.0002489866;5.50143;151;0.04341539;701;3.501959;5.54272;51;5.458014
62;60008;59002;51002;1.282897E-09;0.9999999;ОС-1:;состояние1_k-5.sig;1 дополнительное:;состояние2_k-38.sig;0;-9.795024E-05;5.50143;151;0.03804552;144;3.502805;5.538584;551;5.463384
62;60008;59002;51002;1.282897E-09;0.9999999;ОС-1:;состояние1_k-5.sig;1 дополнительное:;состояние2_k-39.sig;0;0.0002777804;5.50143;151;0.1056636;622;3.503077;5.601165;352;5.395766
62;60008;59002;51002;1.282897E-09;0.9999999;ОС-1:;состояние1_k-5.sig;1 дополнительное:;состояние2_k-40.sig;0;1.041219E-08;5.50143;151;0.1738576;2;3.503783;5.671289;52;5.327572
62;60008;59002;51002;1.282897E-09;0.9999999;ОС-1:;состояние1_k-6.sig;1 дополнительное:;состояние2_k-21.sig;0.06358435;0.00830718;6.18569;434;0.7868506;778;4.023938;6.967686;350;5.39884
62;60008;59002;51002;1.282897E-09;0.9999999;ОС-1:;состояние1_k-6.sig;1 дополнительное:;состояние2_k-22.sig;0.06358435;0.005519373;6.18569;434;0.4409739;144;4.018038;6.563806;187;5.744717
62;60008;59002;51002;1.282897E-09;0.9999999;ОС-1:;состояние1_k-6.sig;1 дополнительное:;состояние2_k-23.sig;0.06358435;0.0005295359;6.18569;434;0.197642;42;4.010766;6.372032;518;5.988049
62;60008;59002;51002;1.282897E-09;0.9999999;ОС-1:;состояние1_k-6.sig;1 дополнительное:;состояние2_k-24.sig;0.06358435;-0.0009794462;6.18569;434;0.105312;110;4.009842;6.21913;19;6.080379
62;60008;59002;51002;1.282897E-09;0.9999999;ОС-1:;состояние1_k-6.sig;1 дополнительное:;состояние2_k-25.sig;0.06358435;0;6.18569;434;0.1494922;15;4.013596;6.334867;434;6.036198
62;60008;59002;51002;1.282897E-09;0.9999999;ОС-1:;состояние1_k-6.sig;1 дополнительное:;состояние2_k-26.sig;0.06358435;0.0004176175;6.18569;434;0.1756908;430;4.014873;6.351982;102;6.01
62;60008;59002;51002;1.282897E-09;0.9999999;ОС-1:;состояние1_k-6.sig;1 дополнительное:;состояние2_k-27.sig;0.06358435;-0.0003134829;6.18569;434;0.1606723;482;4.012269;6.342392;518;6.025018
62;60008;59002;51002;1.282897E-09;0.9999999;ОС-1:;состояние1_k-6.sig;1 дополнительное:;состояние2_k-28.sig;0.06358435;-0.0007619427;6.18569;434;0.1145959;102;4.009379;6.298506;351;6.071095
62;60008;59002;51002;1.282897E-09;0.9999999;ОС-1:;состояние1_k-6.sig;1 дополнительное:;состояние2_k-29.sig;0.06358435;-0.00032766;6.18569;434;0.05098683;541;4.009953;6.233026;767;6.134704
62;60008;59002;51002;1.282897E-09;0.9999999;ОС-1:;состояние1_k-6.sig;1 дополнительное:;состояние2_k-30.sig;0.06358435;0;6.18569;434;0.01901451;37;4.010182;6.169507;184;6.166676
62;60008;59002;51002;1.282897E-09;0.9999999;ОС-1:;состояние1_k-6.sig;1 дополнительное:;состояние2_k-31.sig;0.06358435;-0.0005966789;6.18569;434;0.08047432;94;4.015173;6.264065;351;6.105216
62;60008;59002;51002;1.282897E-09;0.9999999;ОС-1:;состояние1_k-6.sig;1 дополнительное:;состояние2_k-32.sig;0.06358435;-0.001493929;6.18569;434;0.1276987;55;4.015428;6.31134;101;6.057992
62;60008;59002;51002;1.282897E-09;0.9999999;ОС-1:;состояние1_k-6.sig;1 дополнительное:;состояние2_k-33.sig;0.06358435;-0.001563641;6.18569;434;0.1543402;685;4.014324;6.338278;351;6.03135
62;60008;59002;51002;1.282897E-09;0.9999999;ОС-1:;состояние1_k-6.sig;1 дополнительное:;состояние2_k-34.sig;0.06358435;-0.0007387267;6.18569;434;0.1576335;278;4.013597;6.308872;16;6.028057
62;60008;59002;51002;1.282897E-09;0.9999999;ОС-1:;состояние1_k-6.sig;1 дополнительное:;состояние2_k-35.sig;0.06358435;0;6.18569;434;0.1377046;37;4.0133;6.322786;351;6.047986
62;60008;59002;51002;1.282897E-09;0.9999999;ОС-1:;состояние1_k-6.sig;1 дополнительное:;состояние2_k-36.sig;0.06358435;1.429091E-05;6.18569;434;0.09740385;226;4.013202;6.282864;101;6.088286
62;60008;59002;51002;1.282897E-09;0.9999999;ОС-1:;состояние1_k-6.sig;1 дополнительное:;состояние2_k-37.sig;0.06358435;-0.0002489866;6.18569;434;0.04341539;701;4.012287;6.22729;768;6.142275
62;60008;59002;51002;1.282897E-09;0.9999999;ОС-1:;состояние1_k-6.sig;1 дополнительное:;состояние2_k-38.sig;0.06358435;-9.795024E-05;6.18569;434;0.03804552;144;4.012037;6.210707;101;6.147645
62;60008;59002;51002;1.282897E-09;0.9999999;ОС-1:;состояние1_k-6.sig;1 дополнительное:;состояние2_k-39.sig;0.06358435;0.0002777804;6.18569;434;0.1056636;622;4.013362;6.283816;185;6.080027
62;60008;59002;51002;1.282897E-09;0.9999999;ОС-1:;состояние1_k-6.sig;1 дополнительное:;состояние2_k-40.sig;0.06358435;1.041219E-08;6.18569;434;0.1738576;2;4.015757;6.352767;352;6.011833
62;60008;59002;51002;1.282897E-09;0.9999999;ОС-1:;состояние1_k-7.sig;1 дополнительное:;состояние2_k-21.sig;0.1958669;0.00830718;6.676147;65;0.7868506;778;4.438733;6.006105;144;5.889296
62;60008;59002;51002;1.282897E-09;0.9999999;ОС-1:;состояние1_k-7.sig;1 дополнительное:;состояние2_k-22.sig;0.1958669;0.005519373;6.676147;65;0.4409739;144;4.260072;7.113464;280;6.235173
62;60008;59002;51002;1.282897E-09;0.9999999;ОС-1:;состояние1_k-7.sig;1 дополнительное:;состояние2_k-23.sig;0.1958669;0.0005295359;6.676147;65;0.197642;42;4.268841;6.870181;65;6.478505
62;60008;59002;51002;1.282897E-09;0.9999999;ОС-1:;состояние1_k-7.sig;1 дополнительное:;состояние2_k-24.sig;0.1958669;-0.0009794462;6.676147;65;0.105312;110;4.274652;6.773644;279;6.570835
62;60008;59002;51002;1.282897E-09;0.9999999;ОС-1:;состояние1_k-7.sig;1 дополнительное:;состояние2_k-25.sig;0.1958669;0;6.676147;65;0.1494922;15;4.276294;6.820922;136;6.526654
62;60008;59002;51002;1.282897E-09;0.9999999;ОС-1:;состояние1_k-7.sig;1 дополнительное:;состояние2_k-26.sig;0.1958669;0.0004176175;6.676147;65;0.1756908;430;4.275047;6.851457;65;6.500456
62;60008;59002;51002;1.282897E-09;0.9999999;ОС-1:;состояние1_k-7.sig;1 дополнительное:;состояние2_k-27.sig;0.1958669;-0.0003134829;6.676147;65;0.1606723;482;4.273081;6.832008;351;6.515474
62;60008;59002;51002;1.282897E-09;0.9999999;ОС-1:;состояние1_k-7.sig;1 дополнительное:;состояние2_k-28.sig;0.1958669;-0.0007619427;6.676147;65;0.1145959;102;4.272548;6.788606;708;6.561551
62;60008;59002;51002;1.282897E-09;0.9999999;ОС-1:;состояние1_k-7.sig;1 дополнительное:;состояние2_k-29.sig;0.1958669;-0.00032766;6.676147;65;0.05098683;541;4.272618;6.726613;351;6.62516
62;60008;59002;51002;1.282897E-09;0.9999999;ОС-1:;состояние1_k-7.sig;1 дополнительное:;состояние2_k-30.sig;0.1958669;0;6.676147;65;0.01901451;37;4.273012;6.693519;136;6.657132
62;60008;59002;51002;1.282897E-09;0.9999999;ОС-1:;состояние1_k-7.sig;1 дополнительное:;состояние2_k-31.sig;0.1958669;-0.0005966789;6.676147;65;0.08047432;94;4.273328;6.754863;208;6.595672
62;60008;59002;51002;1.282897E-09;0.9999999;ОС-1:;состояние1_k-7.sig;1 дополнительное:;состояние2_k-32.sig;0.1958669;-0.001493929;6.676147;65;0.1276987;55;4.274457;6.801608;351;6.548448
62;60008;59002;51002;1.282897E-09;0.9999999;ОС-1:;состояние1_k-7.sig;1 дополнительное:;состояние2_k-33.sig;0.1958669;-0.001563641;6.676147;65;0.1543402;685;4.276801;6.825727;65;6.521806
62;60008;59002;51002;1.282897E-09;0.9999999;ОС-1:;состояние1_k-7.sig;1 дополнительное:;состояние2_k-34.sig;0.1958669;-0.0007387267;6.676147;65;0.1576335;278;4.279322;6.832353;351;6.518513
62;60008;59002;51002;1.282897E-09;0.9999999;ОС-1:;состояние1_k-7.sig;1 дополнительное:;состояние2_k-35.sig;0.1958669;0;6.676147;65;0.1377046;37;4.257194;6.540864;493;6.538442
62;60008;59002;51002;1.282897E-09;0.9999999;ОС-1:;состояние1_k-7.sig;1 дополнительное:;состояние2_k-36.sig;0.1958669;1.429091E-05;6.676147;65;0.09740385;226;4.276909;6.773132;351;6.578743
62;60008;59002;51002;1.282897E-09;0.9999999;ОС-1:;состояние1_k-7.sig;1 дополнительное:;состояние2_k-37.sig;0.1958669;-0.0002489866;6.676147;65;0.04341539;701;4.273714;6.718687;65;6.632731
62;60008;59002;51002;1.282897E-09;0.9999999;ОС-1:;состояние1_k-7.sig;1 дополнительное:;состояние2_k-38.sig;0.1958669;-9.795024E-05;6.676147;65;0.03804552;144;4.27238;6.714188;565;6.638101
62;60008;59002;51002;1.282897E-09;0.9999999;ОС-1:;состояние1_k-7.sig;1 дополнительное:;состояние2_k-39.sig;0.1958669;0.0002777804;6.676147;65;0.1056636;622;4.273353;6.776165;136;6.570483
62;60008;59002;51002;1.282897E-09;0.9999999;ОС-1:;состояние1_k-7.sig;1 дополнительное:;состояние2_k-40.sig;0.1958669;1.041219E-08;6.676147;65;0.1738576;2;4.274897;6.850972;65;6.502289
62;60008;59002;51002;1.282897E-09;0.9999999;ОС-1:;состояние1_k-8.sig;1 дополнительное:;состояние2_k-21.sig;0.2541014;0.00830718;6.96511;38;0.7868506;778;4.429871;7.745347;350;6.17826
62;60008;59002;51002;1.282897E-09;0.9999999;ОС-1:;состояние1_k-8.sig;1 дополнительное:;состояние2_k-22.sig;0.2541014;0.005519373;6.96511;38;0.4409739;144;4.423108;7.393282;100;6.524137
62;60008;59002;51002;1.282897E-09;0.9999999;ОС-1:;состояние1_k-8.sig;1 дополнительное:;состояние2_k-23.sig;0.2541014;0.0005295359;6.96511;38;0.197642;42;4.42672;7.161529;476;6.767468
62;60008;59002;51002;1.282897E-09;0.9999999;ОС-1:;состояние1_k-8.sig;1 дополнительное:;состояние2_k-24.sig;0.2541014;-0.0009794462;6.96511;38;0.105312;110;4.431372;6.992405;39;6.859798
62;60008;59002;51002;1.282897E-09;0.9999999;ОС-1:;состояние1_k-8.sig;1 дополнительное:;состояние2_k-25.sig;0.2541014;0;6.96511;38;0.1494922;15;4.44405;7.093883;38;6.815618
62;60008;59002;51002;1.282897E-09;0.9999999;ОС-1:;состояние1_k-8.sig;1 дополнительное:;состояние2_k-26.sig;0.2541014;0.0004176175;6.96511;38;0.1756908;430;4.444748;7.130794;351;6.78942
62;60008;59002;51002;1.282897E-09;0.9999999;ОС-1:;состояние1_k-8.sig;1 дополнительное:;состояние2_k-27.sig;0.2541014;-0.0003134829;6.96511;38;0.1606723;482;4.440945;7.125349;538;6.804438
62;60008;59002;51002;1.282897E-09;0.9999999;ОС-1:;состояние1_k-8.sig;1 дополнительное:;состояние2_k-28.sig;0.2541014;-0.0007619427;6.96511;38;0.1145959;102;4.43673;7.077987;101;6.850514
62;60008;59002;51002;1.282897E-09;0.9999999;ОС-1:;состояние1_k-8.sig;1 дополнительное:;состояние2_k-29.sig;0.2541014;-0.00032766;6.96511;38;0.05098683;541;4.435296;7.014653;663;6.914124
62;60008;59002;51002;1.282897E-09;0.9999999;ОС-1:;состояние1_k-8.sig;1 дополнительное:;состояние2_k-30.sig;0.2541014;0;6.96511;38;0.01901451;37;4.435624;6.983743;288;6.946096
62;60008;59002;51002;1.282897E-09;0.9999999;ОС-1:;состояние1_k-8.sig;1 дополнительное:;состояние2_k-31.sig;0.2541014;-0.0005966789;6.96511;38;0.08047432;94;4.436232;7.045336;788;6.884636
62;60008;59002;51002;1.282897E-09;0.9999999;ОС-1:;состояние1_k-8.sig;1 дополнительное:;состояние2_k-32.sig;0.2541014;-0.001493929;6.96511;38;0.1276987;55;4.436658;7.088198;38;6.837411
62;60008;59002;51002;1.282897E-09;0.9999999;ОС-1:;состояние1_k-8.sig;1 дополнительное:;состояние2_k-33.sig;0.2541014;-0.001563641;6.96511;38;0.1543402;685;4.436265;7.117759;351;6.81077
62;60008;59002;51002;1.282897E-09;0.9999999;ОС-1:;состояние1_k-8.sig;1 дополнительное:;состояние2_k-34.sig;0.2541014;-0.0007387267;6.96511;38;0.1576335;278;4.436919;7.121566;101;6.807477
62;60008;59002;51002;1.282897E-09;0.9999999;ОС-1:;состояние1_k-8.sig;1 дополнительное:;состояние2_k-35.sig;0.2541014;0;6.96511;38;0.1377046;37;4.437588;7.102267;351;6.827406
62;60008;59002;51002;1.282897E-09;0.9999999;ОС-1:;состояние1_k-8.sig;1 дополнительное:;состояние2_k-36.sig;0.2541014;1.429091E-05;6.96511;38;0.09740385;226;4.437467;7.062345;226;6.867706
62;60008;59002;51002;1.282897E-09;0.9999999;ОС-1:;состояние1_k-8.sig;1 дополнительное:;состояние2_k-37.sig;0.2541014;-0.0002489866;6.96511;38;0.04341539;701;4.436407;7.007705;38;6.921695
62;60008;59002;51002;1.282897E-09;0.9999999;ОС-1:;состояние1_k-8.sig;1 дополнительное:;состояние2_k-38.sig;0.2541014;-9.795024E-05;6.96511;38;0.03804552;144;4.435309;7.002547;288;6.927065
62;60008;59002;51002;1.282897E-09;0.9999999;ОС-1:;состояние1_k-8.sig;1 дополнительное:;состояние2_k-39.sig;0.2541014;0.0002777804;6.96511;38;0.1056636;622;4.434262;7.069316;788;6.859447
62;60008;59002;51002;1.282897E-09;0.9999999;ОС-1:;состояние1_k-8.sig;1 дополнительное:;состояние2_k-40.sig;0.2541014;1.041219E-08;6.96511;38;0.1738576;2;4.457591;7.13052;39;6.791253
62;60008;59002;51002;1.282897E-09;0.9999999;ОС-1:;состояние1_k-9.sig;1 дополнительное:;состояние2_k-21.sig;0.1700929;0.00830718;7.055508;684;0.7868506;778;4.535038;7.657949;131;6.268658
62;60008;59002;51002;1.282897E-09;0.9999999;ОС-1:;состояние1_k-9.sig;1 дополнительное:;состояние2_k-22.sig;0.1700929;0.005519373;7.055508;684;0.4409739;144;4.536036;7.482172;350;6.614534
62;60008;59002;51002;1.282897E-09;0.9999999;ОС-1:;состояние1_k-9.sig;1 дополнительное:;состояние2_k-23.sig;0.1700929;0.0005295359;7.055508;684;0.197642;42;4.536359;7.24497;239;6.857866
62;60008;59002;51002;1.282897E-09;0.9999999;ОС-1:;состояние1_k-9.sig;1 дополнительное:;состояние2_k-24.sig;0.1700929;-0.0009794462;7.055508;684;0.105312;110;4.536013;7.155609;462;6.950196
62;60008;59002;51002;1.282897E-09;0.9999999;ОС-1:;состояние1_k-9.sig;1 дополнительное:;состояние2_k-25.sig;0.1700929;0;7.055508;684;0.1494922;15;4.539289;7.204741;295;6.906016
62;60008;59002;51002;1.282897E-09;0.9999999;ОС-1:;состояние1_k-9.sig;1 дополнительное:;состояние2_k-26.sig;0.1700929;0.0004176175;7.055508;684;0.1756908;430;4.544653;7.230626;795;6.879817
62;60008;59002;51002;1.282897E-09;0.9999999;ОС-1:;состояние1_k-9.sig;1 дополнительное:;состояние2_k-27.sig;0.1700929;-0.0003134829;7.055508;684;0.1606723;482;4.505582;7.210896;351;6.894836
62;60008;59002;51002;1.282897E-09;0.9999999;ОС-1:;состояние1_k-9.sig;1 дополнительное:;состояние2_k-28.sig;0.1700929;-0.0007619427;7.055508;684;0.1145959;102;4.543977;7.152373;796;6.940912
62;60008;59002;51002;1.282897E-09;0.9999999;ОС-1:;состояние1_k-9.sig;1 дополнительное:;состояние2_k-29.sig;0.1700929;-0.00032766;7.055508;684;0.05098683;541;4.539206;7.105501;351;7.004521
62;60008;59002;51002;1.282897E-09;0.9999999;ОС-1:;состояние1_k-9.sig;1 дополнительное:;состояние2_k-30.sig;0.1700929;0;7.055508;684;0.01901451;37;4.536711;7.072035;73;7.036494
62;60008;59002;51002;1.282897E-09;0.9999999;ОС-1:;состояние1_k-9.sig;1 дополнительное:;состояние2_k-31.sig;0.1700929;-0.0005966789;7.055508;684;0.08047432;94;4.537647;7.13328;240;6.975034
62;60008;59002;51002;1.282897E-09;0.9999999;ОС-1:;состояние1_k-9.sig;1 дополнительное:;состояние2_k-32.sig;0.1700929;-0.001493929;7.055508;684;0.1276987;55;4.539013;7.180496;351;6.927809
62;60008;59002;51002;1.282897E-09;0.9999999;ОС-1:;состояние1_k-9.sig;1 дополнительное:;состояние2_k-33.sig;0.1700929;-0.001563641;7.055508;684;0.1543402;685;4.538546;7.168213;461;6.901168
62;60008;59002;51002;1.282897E-09;0.9999999;ОС-1:;состояние1_k-9.sig;1 дополнительное:;состояние2_k-34.sig;0.1700929;-0.0007387267;7.055508;684;0.1576335;278;4.537052;7.211241;351;6.897875
62;60008;59002;51002;1.282897E-09;0.9999999;ОС-1:;состояние1_k-9.sig;1 дополнительное:;состояние2_k-35.sig;0.1700929;0;7.055508;684;0.1377046;37;4.536292;7.190834;295;6.917804
62;60008;59002;51002;1.282897E-09;0.9999999;ОС-1:;состояние1_k-9.sig;1 дополнительное:;состояние2_k-36.sig;0.1700929;1.429091E-05;7.055508;684;0.09740385;226;4.537367;7.152782;573;6.958104
62;60008;59002;51002;1.282897E-09;0.9999999;ОС-1:;состояние1_k-9.sig;1 дополнительное:;состояние2_k-37.sig;0.1700929;-0.0002489866;7.055508;684;0.04341539;701;4.537482;7.098249;295;7.012093
62;60008;59002;51002;1.282897E-09;0.9999999;ОС-1:;состояние1_k-9.sig;1 дополнительное:;состояние2_k-38.sig;0.1700929;-9.795024E-05;7.055508;684;0.03804552;144;4.536788;7.093269;684;7.017463
62;60008;59002;51002;1.282897E-09;0.9999999;ОС-1:;состояние1_k-9.sig;1 дополнительное:;состояние2_k-39.sig;0.1700929;0.0002777804;7.055508;684;0.1056636;622;4.536108;7.150373;351;6.949844
62;60008;59002;51002;1.282897E-09;0.9999999;ОС-1:;состояние1_k-9.sig;1 дополнительное:;состояние2_k-40.sig;0.1700929;1.041219E-08;7.055508;684;0.1738576;2;4.536919;7.228588;240;6.88165
62;60008;59002;51002;1.282897E-09;0.9999999;ОС-1:;состояние1_k-10.sig;1 дополнительное:;состояние2_k-21.sig;0;0.00830718;6.954676;1;0.7868506;778;4.42482;7.733772;350;6.167825
62;60008;59002;51002;1.282897E-09;0.9999999;ОС-1:;состояние1_k-10.sig;1 дополнительное:;состояние2_k-22.sig;0;0.005519373;6.954676;1;0.4409739;144;4.42311;7.376914;51;6.513702
62;60008;59002;51002;1.282897E-09;0.9999999;ОС-1:;состояние1_k-10.sig;1 дополнительное:;состояние2_k-23.sig;0;0.0005295359;6.954676;1;0.197642;42;4.428649;7.152045;651;6.757034
62;60008;59002;51002;1.282897E-09;0.9999999;ОС-1:;состояние1_k-10.sig;1 дополнительное:;состояние2_k-24.sig;0;-0.0009794462;6.954676;1;0.105312;110;4.430923;7.059667;151;6.849364
62;60008;59002;51002;1.282897E-09;0.9999999;ОС-1:;состояние1_k-10.sig;1 дополнительное:;состояние2_k-25.sig;0;0;6.954676;1;0.1494922;15;4.42882;7.081348;51;6.805183
62;60008;59002;51002;1.282897E-09;0.9999999;ОС-1:;состояние1_k-10.sig;1 дополнительное:;состояние2_k-26.sig;0;0.0004176175;6.954676;1;0.1756908;430;4.428419;7.120528;101;6.778985
62;60008;59002;51002;1.282897E-09;0.9999999;ОС-1:;состояние1_k-10.sig;1 дополнительное:;состояние2_k-27.sig;0;-0.0003134829;6.954676;1;0.1606723;482;4.430687;7.114837;501;6.794003
62;60008;59002;51002;1.282897E-09;0.9999999;ОС-1:;состояние1_k-10.sig;1 дополнительное:;состояние2_k-28.sig;0;-0.0007619427;6.954676;1;0.1145959;102;4.432643;7.067722;351;6.84008
62;60008;59002;51002;1.282897E-09;0.9999999;ОС-1:;состояние1_k-10.sig;1 дополнительное:;состояние2_k-29.sig;0;-0.00032766;6.954676;1;0.05098683;541;4.431365;6.997731;751;6.903689
62;60008;59002;51002;1.282897E-09;0.9999999;ОС-1:;состояние1_k-10.sig;1 дополнительное:;состояние2_k-30.sig;0;0;6.954676;1;0.01901451;37;4.43206;6.937897;1;6.935661
62;60008;59002;51002;1.282897E-09;0.9999999;ОС-1:;состояние1_k-10.sig;1 дополнительное:;состояние2_k-31.sig;0;-0.0005966789;6.954676;1;0.08047432;94;4.425398;7.034767;401;6.874201
62;60008;59002;51002;1.282897E-09;0.9999999;ОС-1:;состояние1_k-10.sig;1 дополнительное:;состояние2_k-32.sig;0;-0.001493929;6.954676;1;0.1276987;55;4.4256;7.080555;101;6.826977
62;60008;59002;51002;1.282897E-09;0.9999999;ОС-1:;состояние1_k-10.sig;1 дополнительное:;состояние2_k-33.sig;0;-0.001563641;6.954676;1;0.1543402;685;4.427383;7.107494;351;6.800335
62;60008;59002;51002;1.282897E-09;0.9999999;ОС-1:;состояние1_k-10.sig;1 дополнительное:;состояние2_k-34.sig;0;-0.0007387267;6.954676;1;0.1576335;278;4.428591;7.099828;0;6.797042
62;60008;59002;51002;1.282897E-09;0.9999999;ОС-1:;состояние1_k-10.sig;1 дополнительное:;состояние2_k-35.sig;0;0;6.954676;1;0.1377046;37;4.428689;7.092001;151;6.816971
62;60008;59002;51002;1.282897E-09;0.9999999;ОС-1:;состояние1_k-10.sig;1 дополнительное:;состояние2_k-36.sig;0;1.429091E-05;6.954676;1;0.09740385;226;4.428516;7.05208;101;6.857272
62;60008;59002;51002;1.282897E-09;0.9999999;ОС-1:;состояние1_k-10.sig;1 дополнительное:;состояние2_k-37.sig;0;-0.0002489866;6.954676;1;0.04341539;701;4.428571;6.998091;201;6.91126
62;60008;59002;51002;1.282897E-09;0.9999999;ОС-1:;состояние1_k-10.sig;1 дополнительное:;состояние2_k-38.sig;0;-9.795024E-05;6.954676;1;0.03804552;144;4.428778;6.989546;1;6.91663
62;60008;59002;51002;1.282897E-09;0.9999999;ОС-1:;состояние1_k-10.sig;1 дополнительное:;состояние2_k-39.sig;0;0.0002777804;6.954676;1;0.1056636;622;4.428824;7.05955;301;6.849012
62;60008;59002;51002;1.282897E-09;0.9999999;ОС-1:;состояние1_k-10.sig;1 дополнительное:;состояние2_k-40.sig;0;1.041219E-08;6.954676;1;0.1738576;2;4.429303;7.118431;51;6.780818
62;60008;59002;51002;1.282897E-09;0.9999999;ОС-1:;состояние1_k-11.sig;1 дополнительное:;состояние2_k-21.sig;-0.138299;0.00830718;6.684264;78;0.7868506;778;4.225883;7.463675;396;5.897414
62;60008;59002;51002;1.282897E-09;0.9999999;ОС-1:;состояние1_k-11.sig;1 дополнительное:;состояние2_k-22.sig;-0.138299;0.005519373;6.684264;78;0.4409739;144;4.217039;7.110597;623;6.24329
62;60008;59002;51002;1.282897E-09;0.9999999;ОС-1:;состояние1_k-11.sig;1 дополнительное:;состояние2_k-23.sig;-0.138299;0.0005295359;6.684264;78;0.197642;42;4.212836;6.873435;214;6.486622
62;60008;59002;51002;1.282897E-09;0.9999999;ОС-1:;состояние1_k-11.sig;1 дополнительное:;состояние2_k-24.sig;-0.138299;-0.0009794462;6.684264;78;0.105312;110;4.216289;6.788125;714;6.578952
62;60008;59002;51002;1.282897E-09;0.9999999;ОС-1:;состояние1_k-11.sig;1 дополнительное:;состояние2_k-25.sig;-0.138299;0;6.684264;78;0.1494922;15;4.216949;6.83197;214;6.534772
62;60008;59002;51002;1.282897E-09;0.9999999;ОС-1:;состояние1_k-11.sig;1 дополнительное:;состояние2_k-26.sig;-0.138299;0.0004176175;6.684264;78;0.1756908;430;4.216004;6.856272;123;6.508574
62;60008;59002;51002;1.282897E-09;0.9999999;ОС-1:;состояние1_k-11.sig;1 дополнительное:;состояние2_k-27.sig;-0.138299;-0.0003134829;6.684264;78;0.1606723;482;4.215204;6.838881;351;6.523592
62;60008;59002;51002;1.282897E-09;0.9999999;ОС-1:;состояние1_k-11.sig;1 дополнительное:;состояние2_k-28.sig;-0.138299;-0.0007619427;6.684264;78;0.1145959;102;4.214545;6.795053;442;6.569668
62;60008;59002;51002;1.282897E-09;0.9999999;ОС-1:;состояние1_k-11.sig;1 дополнительное:;состояние2_k-29.sig;-0.138299;-0.00032766;6.684264;78;0.05098683;541;4.21442;6.733486;351;6.633277
62;60008;59002;51002;1.282897E-09;0.9999999;ОС-1:;состояние1_k-11.sig;1 дополнительное:;состояние2_k-30.sig;-0.138299;0;6.684264;78;0.01901451;37;4.213729;6.702451;669;6.66525
62;60008;59002;51002;1.282897E-09;0.9999999;ОС-1:;состояние1_k-11.sig;1 дополнительное:;состояние2_k-31.sig;-0.138299;-0.0005966789;6.684264;78;0.08047432;94;4.212218;6.764731;78;6.60379
62;60008;59002;51002;1.282897E-09;0.9999999;ОС-1:;состояние1_k-11.sig;1 дополнительное:;состояние2_k-32.sig;-0.138299;-0.001493929;6.684264;78;0.1276987;55;4.210413;6.811254;305;6.556565
62;60008;59002;51002;1.282897E-09;0.9999999;ОС-1:;состояние1_k-11.sig;1 дополнительное:;состояние2_k-33.sig;-0.138299;-0.001563641;6.684264;78;0.1543402;685;4.248215;6.534153;305;6.529924
62;60008;59002;51002;1.282897E-09;0.9999999;ОС-1:;состояние1_k-11.sig;1 дополнительное:;состояние2_k-34.sig;-0.138299;-0.0007387267;6.684264;78;0.1576335;278;4.208283;6.841242;396;6.526631
62;60008;59002;51002;1.282897E-09;0.9999999;ОС-1:;состояние1_k-11.sig;1 дополнительное:;состояние2_k-35.sig;-0.138299;0;6.684264;78;0.1377046;37;4.209671;6.819304;123;6.54656
62;60008;59002;51002;1.282897E-09;0.9999999;ОС-1:;состояние1_k-11.sig;1 дополнительное:;состояние2_k-36.sig;-0.138299;1.429091E-05;6.684264;78;0.09740385;226;4.212248;6.780005;351;6.58686
62;60008;59002;51002;1.282897E-09;0.9999999;ОС-1:;состояние1_k-11.sig;1 дополнительное:;состояние2_k-37.sig;-0.138299;-0.0002489866;6.684264;78;0.04341539;701;4.213936;6.7259;214;6.640849
62;60008;59002;51002;1.282897E-09;0.9999999;ОС-1:;состояние1_k-11.sig;1 дополнительное:;состояние2_k-38.sig;-0.138299;-9.795024E-05;6.684264;78;0.03804552;144;4.214123;6.722255;78;6.646219
62;60008;59002;51002;1.282897E-09;0.9999999;ОС-1:;состояние1_k-11.sig;1 дополнительное:;состояние2_k-39.sig;-0.138299;0.0002777804;6.684264;78;0.1056636;622;4.213894;6.785907;32;6.5786
62;60008;59002;51002;1.282897E-09;0.9999999;ОС-1:;состояние1_k-11.sig;1 дополнительное:;состояние2_k-40.sig;-0.138299;1.041219E-08;6.684264;78;0.1738576;2;4.214526;6.8573;578;6.510406
62;60008;59002;51002;1.282897E-09;0.9999999;ОС-1:;состояние1_k-12.sig;1 дополнительное:;состояние2_k-21.sig;-0.1692704;0.00830718;6.264441;59;0.7868506;778;4.003899;7.04374;17;5.477591
62;60008;59002;51002;1.282897E-09;0.9999999;ОС-1:;состояние1_k-12.sig;1 дополнительное:;состояние2_k-22.sig;-0.1692704;0.005519373;6.264441;59;0.4409739;144;3.985535;6.692553;393;5.823467
62;60008;59002;51002;1.282897E-09;0.9999999;ОС-1:;состояние1_k-12.sig;1 дополнительное:;состояние2_k-23.sig;-0.1692704;0.0005295359;6.264441;59;0.197642;42;3.980124;6.460899;434;6.066799
62;60008;59002;51002;1.282897E-09;0.9999999;ОС-1:;состояние1_k-12.sig;1 дополнительное:;состояние2_k-24.sig;-0.1692704;-0.0009794462;6.264441;59;0.105312;110;3.980991;6.286582;101;6.159129
62;60008;59002;51002;1.282897E-09;0.9999999;ОС-1:;состояние1_k-12.sig;1 дополнительное:;состояние2_k-25.sig;-0.1692704;0;6.264441;59;0.1494922;15;3.982186;6.408326;476;6.114949
62;60008;59002;51002;1.282897E-09;0.9999999;ОС-1:;состояние1_k-12.sig;1 дополнительное:;состояние2_k-26.sig;-0.1692704;0.0004176175;6.264441;59;0.1756908;430;3.982109;6.437878;142;6.08875
62;60008;59002;51002;1.282897E-09;0.9999999;ОС-1:;состояние1_k-12.sig;1 дополнительное:;состояние2_k-27.sig;-0.1692704;-0.0003134829;6.264441;59;0.1606723;482;3.981887;6.418363;184;6.103769
62;60008;59002;51002;1.282897E-09;0.9999999;ОС-1:;состояние1_k-12.sig;1 дополнительное:;состояние2_k-28.sig;-0.1692704;-0.0007619427;6.264441;59;0.1145959;102;3.980589;6.375246;101;6.149845
62;60008;59002;51002;1.282897E-09;0.9999999;ОС-1:;состояние1_k-12.sig;1 дополнительное:;состояние2_k-29.sig;-0.1692704;-0.00032766;6.264441;59;0.05098683;541;3.980303;6.314943;559;6.213454
62;60008;59002;51002;1.282897E-09;0.9999999;ОС-1:;состояние1_k-12.sig;1 дополнительное:;состояние2_k-30.sig;-0.1692704;0;6.264441;59;0.01901451;37;3.979626;6.280625;434;6.245427
62;60008;59002;51002;1.282897E-09;0.9999999;ОС-1:;состояние1_k-12.sig;1 дополнительное:;состояние2_k-31.sig;-0.1692704;-0.0005966789;6.264441;59;0.08047432;94;3.979666;6.34292;142;6.183967
62;60008;59002;51002;1.282897E-09;0.9999999;ОС-1:;состояние1_k-12.sig;1 дополнительное:;состояние2_k-32.sig;-0.1692704;-0.001493929;6.264441;59;0.1276987;55;3.980457;6.388079;226;6.136742
62;60008;59002;51002;1.282897E-09;0.9999999;ОС-1:;состояние1_k-12.sig;1 дополнительное:;состояние2_k-33.sig;-0.1692704;-0.001563641;6.264441;59;0.1543402;685;3.979692;6.415401;684;6.110101
62;60008;59002;51002;1.282897E-09;0.9999999;ОС-1:;состояние1_k-12.sig;1 дополнительное:;состояние2_k-34.sig;-0.1692704;-0.0007387267;6.264441;59;0.1576335;278;3.977508;6.418825;101;6.106808
62;60008;59002;51002;1.282897E-09;0.9999999;ОС-1:;состояние1_k-12.sig;1 дополнительное:;состояние2_k-35.sig;-0.1692704;0;6.264441;59;0.1377046;37;3.975373;6.401274;309;6.126737
62;60008;59002;51002;1.282897E-09;0.9999999;ОС-1:;состояние1_k-12.sig;1 дополнительное:;состояние2_k-36.sig;-0.1692704;1.429091E-05;6.264441;59;0.09740385;226;4.001;6.167295;59;6.167037
62;60008;59002;51002;1.282897E-09;0.9999999;ОС-1:;состояние1_k-12.sig;1 дополнительное:;состояние2_k-37.sig;-0.1692704;-0.0002489866;6.264441;59;0.04341539;701;3.978066;6.307843;309;6.221025
62;60008;59002;51002;1.282897E-09;0.9999999;ОС-1:;состояние1_k-12.sig;1 дополнительное:;состояние2_k-38.sig;-0.1692704;-9.795024E-05;6.264441;59;0.03804552;144;3.981297;6.302202;434;6.226396
62;60008;59002;51002;1.282897E-09;0.9999999;ОС-1:;состояние1_k-12.sig;1 дополнительное:;состояние2_k-39.sig;-0.1692704;0.0002777804;6.264441;59;0.1056636;622;3.982658;6.366354;559;6.158777
62;60008;59002;51002;1.282897E-09;0.9999999;ОС-1:;состояние1_k-12.sig;1 дополнительное:;состояние2_k-40.sig;-0.1692704;1.041219E-08;6.264441;59;0.1738576;2;3.982742;6.425955;101;6.090583
62;60008;59002;51002;1.282897E-09;0.9999999;ОС-1:;состояние1_k-13.sig;1 дополнительное:;состояние2_k-21.sig;-0.1097921;0.00830718;5.724874;43;0.7868506;778;3.677802;6.50415;158;4.938023
62;60008;59002;51002;1.282897E-09;0.9999999;ОС-1:;состояние1_k-13.sig;1 дополнительное:;состояние2_k-22.sig;-0.1097921;0.005519373;5.724874;43;0.4409739;144;3.652161;6.164987;235;5.2839
62;60008;59002;51002;1.282897E-09;0.9999999;ОС-1:;состояние1_k-13.sig;1 дополнительное:;состояние2_k-23.sig;-0.1097921;0.0005295359;5.724874;43;0.197642;42;3.63938;5.92136;389;5.527232
62;60008;59002;51002;1.282897E-09;0.9999999;ОС-1:;состояние1_k-13.sig;1 дополнительное:;состояние2_k-24.sig;-0.1097921;-0.0009794462;5.724874;43;0.105312;110;3.639501;5.82934;235;5.619562
62;60008;59002;51002;1.282897E-09;0.9999999;ОС-1:;состояние1_k-13.sig;1 дополнительное:;состояние2_k-25.sig;-0.1097921;0;5.724874;43;0.1494922;15;3.643087;5.872313;274;5.575381
62;60008;59002;51002;1.282897E-09;0.9999999;ОС-1:;состояние1_k-13.sig;1 дополнительное:;состояние2_k-26.sig;-0.1097921;0.0004176175;5.724874;43;0.1756908;430;3.643372;5.888286;697;5.549183
62;60008;59002;51002;1.282897E-09;0.9999999;ОС-1:;состояние1_k-13.sig;1 дополнительное:;состояние2_k-27.sig;-0.1097921;-0.0003134829;5.724874;43;0.1606723;482;3.640632;5.879557;427;5.564201
62;60008;59002;51002;1.282897E-09;0.9999999;ОС-1:;состояние1_k-13.sig;1 дополнительное:;состояние2_k-28.sig;-0.1097921;-0.0007619427;5.724874;43;0.1145959;102;3.63842;5.839049;120;5.610278
62;60008;59002;51002;1.282897E-09;0.9999999;ОС-1:;состояние1_k-13.sig;1 дополнительное:;состояние2_k-29.sig;-0.1097921;-0.00032766;5.724874;43;0.05098683;541;3.638799;5.772989;351;5.673887
62;60008;59002;51002;1.282897E-09;0.9999999;ОС-1:;состояние1_k-13.sig;1 дополнительное:;состояние2_k-30.sig;-0.1097921;0;5.724874;43;0.01901451;37;3.638919;5.743513;120;5.705859
62;60008;59002;51002;1.282897E-09;0.9999999;ОС-1:;состояние1_k-13.sig;1 дополнительное:;состояние2_k-31.sig;-0.1097921;-0.0005966789;5.724874;43;0.08047432;94;3.637953;5.803251;158;5.644399
62;60008;59002;51002;1.282897E-09;0.9999999;ОС-1:;состояние1_k-13.sig;1 дополнительное:;состояние2_k-32.sig;-0.1097921;-0.001493929;5.724874;43;0.1276987;55;3.637442;5.85063;774;5.597175
62;60008;59002;51002;1.282897E-09;0.9999999;ОС-1:;состояние1_k-13.sig;1 дополнительное:;состояние2_k-33.sig;-0.1097921;-0.001563641;5.724874;43;0.1543402;685;3.639413;5.87413;428;5.570533
62;60008;59002;51002;1.282897E-09;0.9999999;ОС-1:;состояние1_k-13.sig;1 дополнительное:;состояние2_k-34.sig;-0.1097921;-0.0007387267;5.724874;43;0.1576335;278;3.640918;5.882197;543;5.56724
62;60008;59002;51002;1.282897E-09;0.9999999;ОС-1:;состояние1_k-13.sig;1 дополнительное:;состояние2_k-35.sig;-0.1097921;0;5.724874;43;0.1377046;37;3.640905;5.862256;466;5.587169
62;60008;59002;51002;1.282897E-09;0.9999999;ОС-1:;состояние1_k-13.sig;1 дополнительное:;состояние2_k-36.sig;-0.1097921;1.429091E-05;5.724874;43;0.09740385;226;3.638996;5.819508;351;5.62747
62;60008;59002;51002;1.282897E-09;0.9999999;ОС-1:;состояние1_k-13.sig;1 дополнительное:;состояние2_k-37.sig;-0.1097921;-0.0002489866;5.724874;43;0.04341539;701;3.637555;5.767929;120;5.681458
62;60008;59002;51002;1.282897E-09;0.9999999;ОС-1:;состояние1_k-13.sig;1 дополнительное:;состояние2_k-38.sig;-0.1097921;-9.795024E-05;5.724874;43;0.03804552;144;3.639493;5.761852;697;5.686828
62;60008;59002;51002;1.282897E-09;0.9999999;ОС-1:;состояние1_k-13.sig;1 дополнительное:;состояние2_k-39.sig;-0.1097921;0.0002777804;5.724874;43;0.1056636;622;3.620373;5.818034;274;5.61921
62;60008;59002;51002;1.282897E-09;0.9999999;ОС-1:;состояние1_k-13.sig;1 дополнительное:;состояние2_k-40.sig;-0.1097921;1.041219E-08;5.724874;43;0.1738576;2;3.649291;5.882364;4;5.551016
62;60008;59002;51002;1.282897E-09;0.9999999;ОС-1:;состояние1_k-14.sig;1 дополнительное:;состояние2_k-21.sig;-0.03381144;0.00830718;5.097732;172;0.7868506;778;3.260876;5.877755;636;4.310882
62;60008;59002;51002;1.282897E-09;0.9999999;ОС-1:;состояние1_k-14.sig;1 дополнительное:;состояние2_k-22.sig;-0.03381144;0.005519373;5.097732;172;0.4409739;144;3.242248;5.530217;29;4.656758
62;60008;59002;51002;1.282897E-09;0.9999999;ОС-1:;состояние1_k-14.sig;1 дополнительное:;состояние2_k-23.sig;-0.03381144;0.0005295359;5.097732;172;0.197642;42;3.228405;5.2951;672;4.90009
62;60008;59002;51002;1.282897E-09;0.9999999;ОС-1:;состояние1_k-14.sig;1 дополнительное:;состояние2_k-24.sig;-0.03381144;-0.0009794462;5.097732;172;0.105312;110;3.2245;5.202903;172;4.99242
62;60008;59002;51002;1.282897E-09;0.9999999;ОС-1:;состояние1_k-14.sig;1 дополнительное:;состояние2_k-25.sig;-0.03381144;0;5.097732;172;0.1494922;15;3.226883;5.246806;315;4.94824
62;60008;59002;51002;1.282897E-09;0.9999999;ОС-1:;состояние1_k-14.sig;1 дополнительное:;состояние2_k-26.sig;-0.03381144;0.0004176175;5.097732;172;0.1756908;430;3.229075;5.259914;101;4.922041
62;60008;59002;51002;1.282897E-09;0.9999999;ОС-1:;состояние1_k-14.sig;1 дополнительное:;состояние2_k-27.sig;-0.03381144;-0.0003134829;5.097732;172;0.1606723;482;3.22735;5.257711;315;4.93706
62;60008;59002;51002;1.282897E-09;0.9999999;ОС-1:;состояние1_k-14.sig;1 дополнительное:;состояние2_k-28.sig;-0.03381144;-0.0007619427;5.097732;172;0.1145959;102;3.225394;5.209271;65;4.983136
62;60008;59002;51002;1.282897E-09;0.9999999;ОС-1:;состояние1_k-14.sig;1 дополнительное:;состояние2_k-29.sig;-0.03381144;-0.00032766;5.097732;172;0.05098683;541;3.224184;5.147118;386;5.046745
62;60008;59002;51002;1.282897E-09;0.9999999;ОС-1:;состояние1_k-14.sig;1 дополнительное:;состояние2_k-30.sig;-0.03381144;0;5.097732;172;0.01901451;37;3.224677;5.114879;136;5.078718
62;60008;59002;51002;1.282897E-09;0.9999999;ОС-1:;состояние1_k-14.sig;1 дополнительное:;состояние2_k-31.sig;-0.03381144;-0.0005966789;5.097732;172;0.08047432;94;3.224905;5.177397;529;5.017258
62;60008;59002;51002;1.282897E-09;0.9999999;ОС-1:;состояние1_k-14.sig;1 дополнительное:;состояние2_k-32.sig;-0.03381144;-0.001493929;5.097732;172;0.1276987;55;3.223436;5.221128;493;4.970033
62;60008;59002;51002;1.282897E-09;0.9999999;ОС-1:;состояние1_k-14.sig;1 дополнительное:;состояние2_k-33.sig;-0.03381144;-0.001563641;5.097732;172;0.1543402;685;3.223549;5.250205;458;4.943392
62;60008;59002;51002;1.282897E-09;0.9999999;ОС-1:;состояние1_k-14.sig;1 дополнительное:;состояние2_k-34.sig;-0.03381144;-0.0007387267;5.097732;172;0.1576335;278;3.224961;5.251399;29;4.940099
62;60008;59002;51002;1.282897E-09;0.9999999;ОС-1:;состояние1_k-14.sig;1 дополнительное:;состояние2_k-35.sig;-0.03381144;0;5.097732;172;0.1377046;37;3.225222;5.233718;65;4.960028
62;60008;59002;51002;1.282897E-09;0.9999999;ОС-1:;состояние1_k-14.sig;1 дополнительное:;состояние2_k-36.sig;-0.03381144;1.429091E-05;5.097732;172;0.09740385;226;3.225577;5.191466;101;5.000328
62;60008;59002;51002;1.282897E-09;0.9999999;ОС-1:;состояние1_k-14.sig;1 дополнительное:;состояние2_k-37.sig;-0.03381144;-0.0002489866;5.097732;172;0.04341539;701;3.224701;5.139854;565;5.054317
62;60008;59002;51002;1.282897E-09;0.9999999;ОС-1:;состояние1_k-14.sig;1 дополнительное:;состояние2_k-38.sig;-0.03381144;-9.795024E-05;5.097732;172;0.03804552;144;3.224221;5.135355;65;5.059687
62;60008;59002;51002;1.282897E-09;0.9999999;ОС-1:;состояние1_k-14.sig;1 дополнительное:;состояние2_k-39.sig;-0.03381144;0.0002777804;5.097732;172;0.1056636;622;3.225791;5.198128;172;4.992068
62;60008;59002;51002;1.282897E-09;0.9999999;ОС-1:;состояние1_k-14.sig;1 дополнительное:;состояние2_k-40.sig;-0.03381144;1.041219E-08;5.097732;172;0.1738576;2;3.229563;5.272139;315;4.923874
62;60008;59002;51002;1.282897E-09;0.9999999;ОС-1:;состояние1_k-15.sig;1 дополнительное:;состояние2_k-21.sig;0;0.00830718;4.415278;84;0.7868506;778;2.838783;5.134963;418;3.628428
62;60008;59002;51002;1.282897E-09;0.9999999;ОС-1:;состояние1_k-15.sig;1 дополнительное:;состояние2_k-22.sig;0;0.005519373;4.415278;84;0.4409739;144;2.825401;4.852579;484;3.974304
62;60008;59002;51002;1.282897E-09;0.9999999;ОС-1:;состояние1_k-15.sig;1 дополнительное:;состояние2_k-23.sig;0;0.0005295359;4.415278;84;0.197642;42;2.816025;4.608502;151;4.217636
62;60008;59002;51002;1.282897E-09;0.9999999;ОС-1:;состояние1_k-15.sig;1 дополнительное:;состояние2_k-24.sig;0;-0.0009794462;4.415278;84;0.105312;110;2.811652;4.518675;317;4.309966
62;60008;59002;51002;1.282897E-09;0.9999999;ОС-1:;состояние1_k-15.sig;1 дополнительное:;состояние2_k-25.sig;0;0;4.415278;84;0.1494922;15;2.811572;4.537806;51;4.265786
62;60008;59002;51002;1.282897E-09;0.9999999;ОС-1:;состояние1_k-15.sig;1 дополнительное:;состояние2_k-26.sig;0;0.0004176175;4.415278;84;0.1756908;430;2.813175;4.590899;584;4.239587
62;60008;59002;51002;1.282897E-09;0.9999999;ОС-1:;состояние1_k-15.sig;1 дополнительное:;состояние2_k-27.sig;0;-0.0003134829;4.415278;84;0.1606723;482;2.813228;4.5692;184;4.254606
62;60008;59002;51002;1.282897E-09;0.9999999;ОС-1:;состояние1_k-15.sig;1 дополнительное:;состояние2_k-28.sig;0;-0.0007619427;4.415278;84;0.1145959;102;2.812158;4.529869;84;4.300682
62;60008;59002;51002;1.282897E-09;0.9999999;ОС-1:;состояние1_k-15.sig;1 дополнительное:;состояние2_k-29.sig;0;-0.00032766;4.415278;84;0.05098683;541;2.811331;4.464061;284;4.364291
62;60008;59002;51002;1.282897E-09;0.9999999;ОС-1:;состояние1_k-15.sig;1 дополнительное:;состояние2_k-30.sig;0;0;4.415278;84;0.01901451;37;2.811248;4.431462;84;4.396264
62;60008;59002;51002;1.282897E-09;0.9999999;ОС-1:;состояние1_k-15.sig;1 дополнительное:;состояние2_k-31.sig;0;-0.0005966789;4.415278;84;0.08047432;94;2.811298;4.495549;384;4.334804
62;60008;59002;51002;1.282897E-09;0.9999999;ОС-1:;состояние1_k-15.sig;1 дополнительное:;состояние2_k-32.sig;0;-0.001493929;4.415278;84;0.1276987;55;2.811748;4.542206;117;4.287579
62;60008;59002;51002;1.282897E-09;0.9999999;ОС-1:;состояние1_k-15.sig;1 дополнительное:;состояние2_k-33.sig;0;-0.001563641;4.415278;84;0.1543402;685;2.812103;4.560073;217;4.260938
62;60008;59002;51002;1.282897E-09;0.9999999;ОС-1:;состояние1_k-15.sig;1 дополнительное:;состояние2_k-34.sig;0;-0.0007387267;4.415278;84;0.1576335;278;2.8121;4.570601;617;4.257645
62;60008;59002;51002;1.282897E-09;0.9999999;ОС-1:;состояние1_k-15.sig;1 дополнительное:;состояние2_k-35.sig;0;0;4.415278;84;0.1377046;37;2.812779;4.508763;83;4.277574
62;60008;59002;51002;1.282897E-09;0.9999999;ОС-1:;состояние1_k-15.sig;1 дополнительное:;состояние2_k-36.sig;0;1.429091E-05;4.415278;84;0.09740385;226;2.810943;4.512424;684;4.317874
62;60008;59002;51002;1.282897E-09;0.9999999;ОС-1:;состояние1_k-15.sig;1 дополнительное:;состояние2_k-37.sig;0;-0.0002489866;4.415278;84;0.04341539;701;2.810997;4.458426;417;4.371862
62;60008;59002;51002;1.282897E-09;0.9999999;ОС-1:;состояние1_k-15.sig;1 дополнительное:;состояние2_k-38.sig;0;-9.795024E-05;4.415278;84;0.03804552;144;2.811627;4.453039;684;4.377233
62;60008;59002;51002;1.282897E-09;0.9999999;ОС-1:;состояние1_k-15.sig;1 дополнительное:;состояние2_k-39.sig;0;0.0002777804;4.415278;84;0.1056636;622;2.812097;4.507071;184;4.309614
62;60008;59002;51002;1.282897E-09;0.9999999;ОС-1:;состояние1_k-15.sig;1 дополнительное:;состояние2_k-40.sig;0;1.041219E-08;4.415278;84;0.1738576;2;2.812002;4.574889;51;4.24142
62;60008;59002;51002;1.282897E-09;0.9999999;ОС-1:;состояние1_k-16.sig;1 дополнительное:;состояние2_k-21.sig;-0.01177393;0.00830718;3.710858;69;0.7868506;778;2.40222;4.492278;350;2.924008
62;60008;59002;51002;1.282897E-09;0.9999999;ОС-1:;состояние1_k-16.sig;1 дополнительное:;состояние2_k-22.sig;-0.01177393;0.005519373;3.710858;69;0.4409739;144;2.39179;4.149051;257;3.269885
62;60008;59002;51002;1.282897E-09;0.9999999;ОС-1:;состояние1_k-16.sig;1 дополнительное:;состояние2_k-23.sig;-0.01177393;0.0005295359;3.710858;69;0.197642;42;2.387838;3.908484;194;3.513216
62;60008;59002;51002;1.282897E-09;0.9999999;ОС-1:;состояние1_k-16.sig;1 дополнительное:;состояние2_k-24.sig;-0.01177393;-0.0009794462;3.710858;69;0.105312;110;2.382045;3.813236;7;3.605546
62;60008;59002;51002;1.282897E-09;0.9999999;ОС-1:;состояние1_k-16.sig;1 дополнительное:;состояние2_k-25.sig;-0.01177393;0;3.710858;69;0.1494922;15;2.379734;3.860035;194;3.561366
62;60008;59002;51002;1.282897E-09;0.9999999;ОС-1:;состояние1_k-16.sig;1 дополнительное:;состояние2_k-26.sig;-0.01177393;0.0004176175;3.710858;69;0.1756908;430;2.38114;3.885588;257;3.535168
62;60008;59002;51002;1.282897E-09;0.9999999;ОС-1:;состояние1_k-16.sig;1 дополнительное:;состояние2_k-27.sig;-0.01177393;-0.0003134829;3.710858;69;0.1606723;482;2.383359;3.871799;38;3.550186
62;60008;59002;51002;1.282897E-09;0.9999999;ОС-1:;состояние1_k-16.sig;1 дополнительное:;состояние2_k-28.sig;-0.01177393;-0.0007619427;3.710858;69;0.1145959;102;2.383354;3.818979;101;3.596262
62;60008;59002;51002;1.282897E-09;0.9999999;ОС-1:;состояние1_k-16.sig;1 дополнительное:;состояние2_k-29.sig;-0.01177393;-0.00032766;3.710858;69;0.05098683;541;2.381171;3.761103;163;3.659872
62;60008;59002;51002;1.282897E-09;0.9999999;ОС-1:;состояние1_k-16.sig;1 дополнительное:;состояние2_k-30.sig;-0.01177393;0;3.710858;69;0.01901451;37;2.38035;3.730192;38;3.691844
62;60008;59002;51002;1.282897E-09;0.9999999;ОС-1:;состояние1_k-16.sig;1 дополнительное:;состояние2_k-31.sig;-0.01177393;-0.0005966789;3.710858;69;0.08047432;94;2.380915;3.791785;288;3.630384
62;60008;59002;51002;1.282897E-09;0.9999999;ОС-1:;состояние1_k-16.sig;1 дополнительное:;состояние2_k-32.sig;-0.01177393;-0.001493929;3.710858;69;0.1276987;55;2.381868;3.834559;7;3.58316
62;60008;59002;51002;1.282897E-09;0.9999999;ОС-1:;состояние1_k-16.sig;1 дополнительное:;состояние2_k-33.sig;-0.01177393;-0.001563641;3.710858;69;0.1543402;685;2.380853;3.864203;413;3.556518
62;60008;59002;51002;1.282897E-09;0.9999999;ОС-1:;состояние1_k-16.sig;1 дополнительное:;состояние2_k-34.sig;-0.01177393;-0.0007387267;3.710858;69;0.1576335;278;2.38015;3.863539;382;3.553225
62;60008;59002;51002;1.282897E-09;0.9999999;ОС-1:;состояние1_k-16.sig;1 дополнительное:;состояние2_k-35.sig;-0.01177393;0;3.710858;69;0.1377046;37;2.380271;3.848441;194;3.573154
62;60008;59002;51002;1.282897E-09;0.9999999;ОС-1:;состояние1_k-16.sig;1 дополнительное:;состояние2_k-36.sig;-0.01177393;1.429091E-05;3.710858;69;0.09740385;226;2.381226;3.803336;226;3.613455
62;60008;59002;51002;1.282897E-09;0.9999999;ОС-1:;состояние1_k-16.sig;1 дополнительное:;состояние2_k-37.sig;-0.01177393;-0.0002489866;3.710858;69;0.04341539;701;2.380882;3.754205;444;3.667443
62;60008;59002;51002;1.282897E-09;0.9999999;ОС-1:;состояние1_k-16.sig;1 дополнительное:;состояние2_k-38.sig;-0.01177393;-9.795024E-05;3.710858;69;0.03804552;144;2.380182;3.748996;38;3.672813
62;60008;59002;51002;1.282897E-09;0.9999999;ОС-1:;состояние1_k-16.sig;1 дополнительное:;состояние2_k-39.sig;-0.01177393;0.0002777804;3.710858;69;0.1056636;622;2.380309;3.815766;288;3.605195
62;60008;59002;51002;1.282897E-09;0.9999999;ОС-1:;состояние1_k-16.sig;1 дополнительное:;состояние2_k-40.sig;-0.01177393;1.041219E-08;3.710858;69;0.1738576;2;2.381518;3.869688;101;3.537001
62;60008;59002;51002;1.282897E-09;0.9999999;ОС-1:;состояние1_k-17.sig;1 дополнительное:;состояние2_k-21.sig;-0.03430836;0.00830718;3.01595;468;0.7868506;778;1.961079;3.801373;468;2.229099
62;60008;59002;51002;1.282897E-09;0.9999999;ОС-1:;состояние1_k-17.sig;1 дополнительное:;состояние2_k-22.sig;-0.03430836;0.005519373;3.01595;468;0.4409739;144;1.932853;3.452948;144;2.574976
62;60008;59002;51002;1.282897E-09;0.9999999;ОС-1:;состояние1_k-17.sig;1 дополнительное:;состояние2_k-23.sig;-0.03430836;0.0005295359;3.01595;468;0.197642;42;1.930444;3.210872;86;2.818308
62;60008;59002;51002;1.282897E-09;0.9999999;ОС-1:;состояние1_k-17.sig;1 дополнительное:;состояние2_k-24.sig;-0.03430836;-0.0009794462;3.01595;468;0.105312;110;1.928449;3.12055;27;2.910638
62;60008;59002;51002;1.282897E-09;0.9999999;ОС-1:;состояние1_k-17.sig;1 дополнительное:;состояние2_k-25.sig;-0.03430836;0;3.01595;468;0.1494922;15;1.924417;3.165363;115;2.866457
62;60008;59002;51002;1.282897E-09;0.9999999;ОС-1:;состояние1_k-17.sig;1 дополнительное:;состояние2_k-26.sig;-0.03430836;0.0004176175;3.01595;468;0.1756908;430;1.923533;3.189417;527;2.840259
62;60008;59002;51002;1.282897E-09;0.9999999;ОС-1:;состояние1_k-17.sig;1 дополнительное:;состояние2_k-27.sig;-0.03430836;-0.0003134829;3.01595;468;0.1606723;482;1.92581;3.17557;56;2.855278
62;60008;59002;51002;1.282897E-09;0.9999999;ОС-1:;состояние1_k-17.sig;1 дополнительное:;состояние2_k-28.sig;-0.03430836;-0.0007619427;3.01595;468;0.1145959;102;1.927161;3.129644;674;2.901354
62;60008;59002;51002;1.282897E-09;0.9999999;ОС-1:;состояние1_k-17.sig;1 дополнительное:;состояние2_k-29.sig;-0.03430836;-0.00032766;3.01595;468;0.05098683;541;1.926024;3.063143;350;2.964963
62;60008;59002;51002;1.282897E-09;0.9999999;ОС-1:;состояние1_k-17.sig;1 дополнительное:;состояние2_k-30.sig;-0.03430836;0;3.01595;468;0.01901451;37;1.924207;3.033253;203;2.996935
62;60008;59002;51002;1.282897E-09;0.9999999;ОС-1:;состояние1_k-17.sig;1 дополнительное:;состояние2_k-31.sig;-0.03430836;-0.0005966789;3.01595;468;0.08047432;94;1.924931;3.095505;174;2.935475
62;60008;59002;51002;1.282897E-09;0.9999999;ОС-1:;состояние1_k-17.sig;1 дополнительное:;состояние2_k-32.sig;-0.03430836;-0.001493929;3.01595;468;0.1276987;55;1.925847;3.141512;86;2.888251
62;60008;59002;51002;1.282897E-09;0.9999999;ОС-1:;состояние1_k-17.sig;1 дополнительное:;состояние2_k-33.sig;-0.03430836;-0.001563641;3.01595;468;0.1543402;685;1.925825;3.169786;321;2.861609
62;60008;59002;51002;1.282897E-09;0.9999999;ОС-1:;состояние1_k-17.sig;1 дополнительное:;состояние2_k-34.sig;-0.03430836;-0.0007387267;3.01595;468;0.1576335;278;1.926467;3.169524;527;2.858316
62;60008;59002;51002;1.282897E-09;0.9999999;ОС-1:;состояние1_k-17.sig;1 дополнительное:;состояние2_k-35.sig;-0.03430836;0;3.01595;468;0.1377046;37;1.924043;3.152771;380;2.878245
62;60008;59002;51002;1.282897E-09;0.9999999;ОС-1:;состояние1_k-17.sig;1 дополнительное:;состояние2_k-36.sig;-0.03430836;1.429091E-05;3.01595;468;0.09740385;226;1.924065;3.113237;615;2.918546
62;60008;59002;51002;1.282897E-09;0.9999999;ОС-1:;состояние1_k-17.sig;1 дополнительное:;состояние2_k-37.sig;-0.03430836;-0.0002489866;3.01595;468;0.04341539;701;1.925031;3.059168;174;2.972534
62;60008;59002;51002;1.282897E-09;0.9999999;ОС-1:;состояние1_k-17.sig;1 дополнительное:;состояние2_k-38.sig;-0.03430836;-9.795024E-05;3.01595;468;0.03804552;144;1.92451;3.053512;762;2.977904
62;60008;59002;51002;1.282897E-09;0.9999999;ОС-1:;состояние1_k-17.sig;1 дополнительное:;состояние2_k-39.sig;-0.03430836;0.0002777804;3.01595;468;0.1056636;622;1.923576;3.11984;174;2.910286
62;60008;59002;51002;1.282897E-09;0.9999999;ОС-1:;состояние1_k-17.sig;1 дополнительное:;состояние2_k-40.sig;-0.03430836;1.041219E-08;3.01595;468;0.1738576;2;1.92369;3.190696;115;2.842092
62;60008;59002;51002;1.282897E-09;0.9999999;ОС-1:;состояние1_k-18.sig;1 дополнительное:;состояние2_k-21.sig;-0.03749124;0.00830718;2.355819;378;0.7868506;778;1.572719;3.13938;350;1.568969
62;60008;59002;51002;1.282897E-09;0.9999999;ОС-1:;состояние1_k-18.sig;1 дополнительное:;состояние2_k-22.sig;-0.03749124;0.005519373;2.355819;378;0.4409739;144;1.515574;2.790402;212;1.914846
62;60008;59002;51002;1.282897E-09;0.9999999;ОС-1:;состояние1_k-18.sig;1 дополнительное:;состояние2_k-23.sig;-0.03749124;0.0005295359;2.355819;378;0.197642;42;1.503135;2.551831;128;2.158177
62;60008;59002;51002;1.282897E-09;0.9999999;ОС-1:;состояние1_k-18.sig;1 дополнительное:;состояние2_k-24.sig;-0.03749124;-0.0009794462;2.355819;378;0.105312;110;1.502528;2.453078;45;2.250507
62;60008;59002;51002;1.282897E-09;0.9999999;ОС-1:;состояние1_k-18.sig;1 дополнительное:;состояние2_k-25.sig;-0.03749124;0;2.355819;378;0.1494922;15;1.500979;2.503879;295;2.206327
62;60008;59002;51002;1.282897E-09;0.9999999;ОС-1:;состояние1_k-18.sig;1 дополнительное:;состояние2_k-26.sig;-0.03749124;0.0004176175;2.355819;378;0.1756908;430;1.499274;2.527135;239;2.180129
62;60008;59002;51002;1.282897E-09;0.9999999;ОС-1:;состояние1_k-18.sig;1 дополнительное:;состояние2_k-27.sig;-0.03749124;-0.0003134829;2.355819;378;0.1606723;482;1.499946;2.507412;295;2.195147
62;60008;59002;51002;1.282897E-09;0.9999999;ОС-1:;состояние1_k-18.sig;1 дополнительное:;состояние2_k-28.sig;-0.03749124;-0.0007619427;2.355819;378;0.1145959;102;1.500745;2.469412;156;2.241224
62;60008;59002;51002;1.282897E-09;0.9999999;ОС-1:;состояние1_k-18.sig;1 дополнительное:;состояние2_k-29.sig;-0.03749124;-0.00032766;2.355819;378;0.05098683;541;1.500522;2.406474;489;2.304833
62;60008;59002;51002;1.282897E-09;0.9999999;ОС-1:;состояние1_k-18.sig;1 дополнительное:;состояние2_k-30.sig;-0.03749124;0;2.355819;378;0.01901451;37;1.499245;2.373142;239;2.336805
62;60008;59002;51002;1.282897E-09;0.9999999;ОС-1:;состояние1_k-18.sig;1 дополнительное:;состояние2_k-31.sig;-0.03749124;-0.0005966789;2.355819;378;0.08047432;94;1.498859;2.435965;739;2.275345
62;60008;59002;51002;1.282897E-09;0.9999999;ОС-1:;состояние1_k-18.sig;1 дополнительное:;состояние2_k-32.sig;-0.03749124;-0.001493929;2.355819;378;0.1276987;55;1.499246;2.481484;461;2.228121
62;60008;59002;51002;1.282897E-09;0.9999999;ОС-1:;состояние1_k-18.sig;1 дополнительное:;состояние2_k-33.sig;-0.03749124;-0.001563641;2.355819;378;0.1543402;685;1.500432;2.506855;489;2.201479
62;60008;59002;51002;1.282897E-09;0.9999999;ОС-1:;состояние1_k-18.sig;1 дополнительное:;состояние2_k-34.sig;-0.03749124;-0.0007387267;2.355819;378;0.1576335;278;1.500798;2.510106;72;2.198186
62;60008;59002;51002;1.282897E-09;0.9999999;ОС-1:;состояние1_k-18.sig;1 дополнительное:;состояние2_k-35.sig;-0.03749124;0;2.355819;378;0.1377046;37;1.499994;2.489972;295;2.218115
62;60008;59002;51002;1.282897E-09;0.9999999;ОС-1:;состояние1_k-18.sig;1 дополнительное:;состояние2_k-36.sig;-0.03749124;1.429091E-05;2.355819;378;0.09740385;226;1.500283;2.45205;267;2.258416
62;60008;59002;51002;1.282897E-09;0.9999999;ОС-1:;состояние1_k-18.sig;1 дополнительное:;состояние2_k-37.sig;-0.03749124;-0.0002489866;2.355819;378;0.04341539;701;1.499453;2.398185;350;2.312404
62;60008;59002;51002;1.282897E-09;0.9999999;ОС-1:;состояние1_k-18.sig;1 дополнительное:;состояние2_k-38.sig;-0.03749124;-9.795024E-05;2.355819;378;0.03804552;144;1.499487;2.391803;156;2.317774
62;60008;59002;51002;1.282897E-09;0.9999999;ОС-1:;состояние1_k-18.sig;1 дополнительное:;состояние2_k-39.sig;-0.03749124;0.0002777804;2.355819;378;0.1056636;622;1.499456;2.460918;378;2.250156
62;60008;59002;51002;1.282897E-09;0.9999999;ОС-1:;состояние1_k-18.sig;1 дополнительное:;состояние2_k-40.sig;-0.03749124;1.041219E-08;2.355819;378;0.1738576;2;1.500076;2.528855;128;2.181962
62;60008;59002;51002;1.282897E-09;0.9999999;ОС-1:;состояние1_k-19.sig;1 дополнительное:;состояние2_k-21.sig;-0.0200307;0.00830718;1.753713;508;0.7868506;778;1.249089;2.538755;87;0.9668621
62;60008;59002;51002;1.282897E-09;0.9999999;ОС-1:;состояние1_k-19.sig;1 дополнительное:;состояние2_k-22.sig;-0.0200307;0.005519373;1.753713;508;0.4409739;144;1.155879;2.194208;8;1.312739
62;60008;59002;51002;1.282897E-09;0.9999999;ОС-1:;состояние1_k-19.sig;1 дополнительное:;состояние2_k-23.sig;-0.0200307;0.0005295359;1.753713;508;0.197642;42;1.124612;1.949892;455;1.556071
62;60008;59002;51002;1.282897E-09;0.9999999;ОС-1:;состояние1_k-19.sig;1 дополнительное:;состояние2_k-24.sig;-0.0200307;-0.0009794462;1.753713;508;0.105312;110;1.122488;1.856898;692;1.648401
62;60008;59002;51002;1.282897E-09;0.9999999;ОС-1:;состояние1_k-19.sig;1 дополнительное:;состояние2_k-25.sig;-0.0200307;0;1.753713;508;0.1494922;15;1.124909;1.901838;34;1.604221
62;60008;59002;51002;1.282897E-09;0.9999999;ОС-1:;состояние1_k-19.sig;1 дополнительное:;состояние2_k-26.sig;-0.0200307;0.0004176175;1.753713;508;0.1756908;430;1.123709;1.927148;429;1.578022
62;60008;59002;51002;1.282897E-09;0.9999999;ОС-1:;состояние1_k-19.sig;1 дополнительное:;состояние2_k-27.sig;-0.0200307;-0.0003134829;1.753713;508;0.1606723;482;1.121831;1.912945;482;1.59304
62;60008;59002;51002;1.282897E-09;0.9999999;ОС-1:;состояние1_k-19.sig;1 дополнительное:;состояние2_k-28.sig;-0.0200307;-0.0007619427;1.753713;508;0.1145959;102;1.121544;1.867832;745;1.639117
62;60008;59002;51002;1.282897E-09;0.9999999;ОС-1:;состояние1_k-19.sig;1 дополнительное:;состояние2_k-29.sig;-0.0200307;-0.00032766;1.753713;508;0.05098683;541;1.122001;1.803194;455;1.702726
62;60008;59002;51002;1.282897E-09;0.9999999;ОС-1:;состояние1_k-19.sig;1 дополнительное:;состояние2_k-30.sig;-0.0200307;0;1.753713;508;0.01901451;37;1.121518;1.77266;87;1.734698
62;60008;59002;51002;1.282897E-09;0.9999999;ОС-1:;состояние1_k-19.sig;1 дополнительное:;состояние2_k-31.sig;-0.0200307;-0.0005966789;1.753713;508;0.08047432;94;1.120919;1.831628;482;1.673238
62;60008;59002;51002;1.282897E-09;0.9999999;ОС-1:;состояние1_k-19.sig;1 дополнительное:;состояние2_k-32.sig;-0.0200307;-0.001493929;1.753713;508;0.1276987;55;1.121056;1.881393;508;1.626014
62;60008;59002;51002;1.282897E-09;0.9999999;ОС-1:;состояние1_k-19.sig;1 дополнительное:;состояние2_k-33.sig;-0.0200307;-0.001563641;1.753713;508;0.1543402;685;1.122338;1.906382;245;1.599372
62;60008;59002;51002;1.282897E-09;0.9999999;ОС-1:;состояние1_k-19.sig;1 дополнительное:;состояние2_k-34.sig;-0.0200307;-0.0007387267;1.753713;508;0.1576335;278;1.123201;1.911167;87;1.596079
62;60008;59002;51002;1.282897E-09;0.9999999;ОС-1:;состояние1_k-19.sig;1 дополнительное:;состояние2_k-35.sig;-0.0200307;0;1.753713;508;0.1377046;37;1.122767;1.890646;8;1.616008
62;60008;59002;51002;1.282897E-09;0.9999999;ОС-1:;состояние1_k-19.sig;1 дополнительное:;состояние2_k-36.sig;-0.0200307;1.429091E-05;1.753713;508;0.09740385;226;1.122048;1.851025;587;1.656309
62;60008;59002;51002;1.282897E-09;0.9999999;ОС-1:;состояние1_k-19.sig;1 дополнительное:;состояние2_k-37.sig;-0.0200307;-0.0002489866;1.753713;508;0.04341539;701;1.121392;1.794637;376;1.710297
62;60008;59002;51002;1.282897E-09;0.9999999;ОС-1:;состояние1_k-19.sig;1 дополнительное:;состояние2_k-38.sig;-0.0200307;-9.795024E-05;1.753713;508;0.03804552;144;1.121757;1.773356;482;1.715667
62;60008;59002;51002;1.282897E-09;0.9999999;ОС-1:;состояние1_k-19.sig;1 дополнительное:;состояние2_k-39.sig;-0.0200307;0.0002777804;1.753713;508;0.1056636;622;1.122321;1.857529;455;1.648049
62;60008;59002;51002;1.282897E-09;0.9999999;ОС-1:;состояние1_k-19.sig;1 дополнительное:;состояние2_k-40.sig;-0.0200307;1.041219E-08;1.753713;508;0.1738576;2;1.122679;1.926064;140;1.579855
62;60008;59002;51002;1.282897E-09;0.9999999;ОС-1:;состояние1_k-20.sig;1 дополнительное:;состояние2_k-21.sig;0;0.00830718;1.226541;25;0.7868506;778;0.9811983;2.011007;350;0.4396901
62;60008;59002;51002;1.282897E-09;0.9999999;ОС-1:;состояние1_k-20.sig;1 дополнительное:;состояние2_k-22.sig;0;0.005519373;1.226541;25;0.4409739;144;0.8450973;1.664521;75;0.7855668
62;60008;59002;51002;1.282897E-09;0.9999999;ОС-1:;состояние1_k-20.sig;1 дополнительное:;состояние2_k-23.sig;0;0.0005295359;1.226541;25;0.197642;42;0.7884346;1.423762;325;1.028899
62;60008;59002;51002;1.282897E-09;0.9999999;ОС-1:;состояние1_k-20.sig;1 дополнительное:;состояние2_k-24.sig;0;-0.0009794462;1.226541;25;0.105312;110;0.7780764;1.329067;150;1.121229
62;60008;59002;51002;1.282897E-09;0.9999999;ОС-1:;состояние1_k-20.sig;1 дополнительное:;состояние2_k-25.sig;0;0;1.226541;25;0.1494922;15;0.78391;1.376033;75;1.077049
62;60008;59002;51002;1.282897E-09;0.9999999;ОС-1:;состояние1_k-20.sig;1 дополнительное:;состояние2_k-26.sig;0;0.0004176175;1.226541;25;0.1756908;430;0.7861345;1.400779;200;1.05085
62;60008;59002;51002;1.282897E-09;0.9999999;ОС-1:;состояние1_k-20.sig;1 дополнительное:;состояние2_k-27.sig;0;-0.0003134829;1.226541;25;0.1606723;482;0.7832335;1.38685;575;1.065868
62;60008;59002;51002;1.282897E-09;0.9999999;ОС-1:;состояние1_k-20.sig;1 дополнительное:;состояние2_k-28.sig;0;-0.0007619427;1.226541;25;0.1145959;102;0.7802011;1.334548;100;1.111945
62;60008;59002;51002;1.282897E-09;0.9999999;ОС-1:;состояние1_k-20.sig;1 дополнительное:;состояние2_k-29.sig;0;-0.00032766;1.226541;25;0.05098683;541;0.780489;1.277407;300;1.175554
62;60008;59002;51002;1.282897E-09;0.9999999;ОС-1:;состояние1_k-20.sig;1 дополнительное:;состояние2_k-30.sig;0;0;1.226541;25;0.01901451;37;0.781354;1.241346;0;1.207526
62;60008;59002;51002;1.282897E-09;0.9999999;ОС-1:;состояние1_k-20.sig;1 дополнительное:;состояние2_k-31.sig;0;-0.0005966789;1.226541;25;0.08047432;94;0.7804316;1.306872;175;1.146066
62;60008;59002;51002;1.282897E-09;0.9999999;ОС-1:;состояние1_k-20.sig;1 дополнительное:;состояние2_k-32.sig;0;-0.001493929;1.226541;25;0.1276987;55;0.7798586;1.350011;150;1.098842
62;60008;59002;51002;1.282897E-09;0.9999999;ОС-1:;состояние1_k-20.sig;1 дополнительное:;состояние2_k-33.sig;0;-0.001563641;1.226541;25;0.1543402;685;0.7808346;1.380794;200;1.0722
62;60008;59002;51002;1.282897E-09;0.9999999;ОС-1:;состояние1_k-20.sig;1 дополнительное:;состояние2_k-34.sig;0;-0.0007387267;1.226541;25;0.1576335;278;0.7827392;1.384162;175;1.068907
62;60008;59002;51002;1.282897E-09;0.9999999;ОС-1:;состояние1_k-20.sig;1 дополнительное:;состояние2_k-35.sig;0;0;1.226541;25;0.1377046;37;0.7835903;1.358301;150;1.088836
62;60008;59002;51002;1.282897E-09;0.9999999;ОС-1:;состояние1_k-20.sig;1 дополнительное:;состояние2_k-36.sig;0;1.429091E-05;1.226541;25;0.09740385;226;0.7820057;1.316076;75;1.129137
62;60008;59002;51002;1.282897E-09;0.9999999;ОС-1:;состояние1_k-20.sig;1 дополнительное:;состояние2_k-37.sig;0;-0.0002489866;1.226541;25;0.04341539;701;0.7808066;1.269833;525;1.183125
62;60008;59002;51002;1.282897E-09;0.9999999;ОС-1:;состояние1_k-20.sig;1 дополнительное:;состояние2_k-38.sig;0;-9.795024E-05;1.226541;25;0.03804552;144;0.7812018;1.264206;25;1.188495
62;60008;59002;51002;1.282897E-09;0.9999999;ОС-1:;состояние1_k-20.sig;1 дополнительное:;состояние2_k-39.sig;0;0.0002777804;1.226541;25;0.1056636;622;0.7830735;1.332055;750;1.120877
62;60008;59002;51002;1.282897E-09;0.9999999;ОС-1:;состояние1_k-20.sig;1 дополнительное:;состояние2_k-40.sig;0;1.041219E-08;1.226541;25;0.1738576;2;0.7865713;1.37734;1;1.052683
62;57006;55001;52002;1.425506E-09;0.9999999;ОС-1:;состояние1_k-1.sig;1 дополнительное:;состояние2_k-21.sig;0.2824906;0.008330147;1.266796;351;0.7884501;778;0.8336715;2.042531;373;0.4783455
62;57006;55001;52002;1.425506E-09;0.9999999;ОС-1:;состояние1_k-1.sig;1 дополнительное:;состояние2_k-22.sig;0.2824906;0.00559364;1.266796;351;0.4442092;235;0.7625211;1.710309;349;0.8225863
62;57006;55001;52002;1.425506E-09;0.9999999;ОС-1:;состояние1_k-1.sig;1 дополнительное:;состояние2_k-23.sig;0.2824906;0.0006234767;1.266796;351;0.2012949;303;0.7328988;1.460591;368;1.065501
62;57006;55001;52002;1.425506E-09;0.9999999;ОС-1:;состояние1_k-1.sig;1 дополнительное:;состояние2_k-24.sig;0.2824906;-0.0009249533;1.266796;351;0.1020665;27;0.7259964;1.365687;340;1.164729
62;57006;55001;52002;1.425506E-09;0.9999999;ОС-1:;состояние1_k-1.sig;1 дополнительное:;состояние2_k-25.sig;0.2824906;0;1.266796;351;0.1407878;15;0.7298492;1.407137;355;1.126008
62;57006;55001;52002;1.425506E-09;0.9999999;ОС-1:;состояние1_k-1.sig;1 дополнительное:;состояние2_k-26.sig;0.2824906;0.0004137554;1.266796;351;0.1649447;7;0.7301041;1.424701;334;1.101851
62;57006;55001;52002;1.425506E-09;0.9999999;ОС-1:;состояние1_k-1.sig;1 дополнительное:;состояние2_k-27.sig;0.2824906;-0.0002621125;1.266796;351;0.1489027;371;0.7282722;1.415205;352;1.117893
62;57006;55001;52002;1.425506E-09;0.9999999;ОС-1:;состояние1_k-1.sig;1 дополнительное:;состояние2_k-28.sig;0.2824906;-0.0006586598;1.266796;351;0.1022801;102;0.7267318;1.362;334;1.164515
62;57006;55001;52002;1.425506E-09;0.9999999;ОС-1:;состояние1_k-1.sig;1 дополнительное:;состояние2_k-29.sig;0.2824906;-0.0002418316;1.266796;351;0.03845636;748;0.7264001;1.305095;351;1.228339
62;57006;55001;52002;1.425506E-09;0.9999999;ОС-1:;состояние1_k-1.sig;1 дополнительное:;состояние2_k-30.sig;0.2824906;0;1.266796;351;0.03023688;69;0.7258297;1.296893;352;1.236559
62;57006;55001;52002;1.425506E-09;0.9999999;ОС-1:;состояние1_k-1.sig;1 дополнительное:;состояние2_k-31.sig;0.2824906;-0.0006855652;1.266796;351;0.09181292;739;0.727253;1.353068;336;1.174983
62;57006;55001;52002;1.425506E-09;0.9999999;ОС-1:;состояние1_k-1.sig;1 дополнительное:;состояние2_k-32.sig;0.2824906;-0.001611885;1.266796;351;0.1383373;86;0.7268565;1.404902;352;1.128458
62;57006;55001;52002;1.425506E-09;0.9999999;ОС-1:;состояние1_k-1.sig;1 дополнительное:;состояние2_k-33.sig;0.2824906;-0.001646123;1.266796;351;0.1641937;594;0.7284747;1.425122;337;1.102602
62;57006;55001;52002;1.425506E-09;0.9999999;ОС-1:;состояние1_k-1.sig;1 дополнительное:;состояние2_k-34.sig;0.2824906;-0.0007666966;1.266796;351;0.1666841;425;0.7292525;1.432711;351;1.100111
62;57006;55001;52002;1.425506E-09;0.9999999;ОС-1:;состояние1_k-1.sig;1 дополнительное:;состояние2_k-35.sig;0.2824906;0;1.266796;351;0.1460824;37;0.728909;1.40814;337;1.120713
62;57006;55001;52002;1.425506E-09;0.9999999;ОС-1:;состояние1_k-1.sig;1 дополнительное:;состояние2_k-36.sig;0.2824906;5.933802E-06;1.266796;351;0.1052957;87;0.7272146;1.372081;351;1.1615
62;57006;55001;52002;1.425506E-09;0.9999999;ОС-1:;состояние1_k-1.sig;1 дополнительное:;состояние2_k-37.sig;0.2824906;-0.0002811784;1.266796;351;0.05089628;593;0.7246708;1.313857;363;1.215899
62;57006;55001;52002;1.425506E-09;0.9999999;ОС-1:;состояние1_k-1.sig;1 дополнительное:;состояние2_k-38.sig;0.2824906;-0.0001437591;1.266796;351;0.03416757;250;0.7255851;1.299029;342;1.232628
62;57006;55001;52002;1.425506E-09;0.9999999;ОС-1:;состояние1_k-1.sig;1 дополнительное:;состояние2_k-39.sig;0.2824906;0.0002426225;1.266796;351;0.09898428;776;0.7270518;1.365635;353;1.167811
62;57006;55001;52002;1.425506E-09;0.9999999;ОС-1:;состояние1_k-1.sig;1 дополнительное:;состояние2_k-40.sig;0.2824906;-1.575798E-08;1.266796;351;0.1661554;2;0.730047;1.431259;340;1.10064
62;57006;55001;52002;1.425506E-09;0.9999999;ОС-1:;состояние1_k-2.sig;1 дополнительное:;состояние2_k-21.sig;0.3855255;0.008330147;2.490051;101;0.7884501;778;1.606255;3.276653;349;1.701601
62;57006;55001;52002;1.425506E-09;0.9999999;ОС-1:;состояние1_k-2.sig;1 дополнительное:;состояние2_k-22.sig;0.3855255;0.00559364;2.490051;101;0.4442092;235;1.596209;2.854254;120;2.045842
62;57006;55001;52002;1.425506E-09;0.9999999;ОС-1:;состояние1_k-2.sig;1 дополнительное:;состояние2_k-23.sig;0.3855255;0.0006234767;2.490051;101;0.2012949;303;1.576349;2.687956;347;2.288756
62;57006;55001;52002;1.425506E-09;0.9999999;ОС-1:;состояние1_k-2.sig;1 дополнительное:;состояние2_k-24.sig;0.3855255;-0.0009249533;2.490051;101;0.1020665;27;1.576358;2.576723;359;2.387984
62;57006;55001;52002;1.425506E-09;0.9999999;ОС-1:;состояние1_k-2.sig;1 дополнительное:;состояние2_k-25.sig;0.3855255;0;2.490051;101;0.1407878;15;1.573085;2.62431;595;2.349263
62;57006;55001;52002;1.425506E-09;0.9999999;ОС-1:;состояние1_k-2.sig;1 дополнительное:;состояние2_k-26.sig;0.3855255;0.0004137554;2.490051;101;0.1649447;7;1.57943;2.653977;103;2.325106
62;57006;55001;52002;1.425506E-09;0.9999999;ОС-1:;состояние1_k-2.sig;1 дополнительное:;состояние2_k-27.sig;0.3855255;-0.0002621125;2.490051;101;0.1489027;371;1.573304;2.628604;94;2.341148
62;57006;55001;52002;1.425506E-09;0.9999999;ОС-1:;состояние1_k-2.sig;1 дополнительное:;состояние2_k-28.sig;0.3855255;-0.0006586598;2.490051;101;0.1022801;102;1.575349;2.592044;352;2.387771
62;57006;55001;52002;1.425506E-09;0.9999999;ОС-1:;состояние1_k-2.sig;1 дополнительное:;состояние2_k-29.sig;0.3855255;-0.0002418316;2.490051;101;0.03845636;748;1.574809;2.519141;595;2.451594
62;57006;55001;52002;1.425506E-09;0.9999999;ОС-1:;состояние1_k-2.sig;1 дополнительное:;состояние2_k-30.sig;0.3855255;0;2.490051;101;0.03023688;69;1.57506;2.488491;90;2.459814
62;57006;55001;52002;1.425506E-09;0.9999999;ОС-1:;состояние1_k-2.sig;1 дополнительное:;состояние2_k-31.sig;0.3855255;-0.0006855652;2.490051;101;0.09181292;739;1.573648;2.58156;352;2.398238
62;57006;55001;52002;1.425506E-09;0.9999999;ОС-1:;состояние1_k-2.sig;1 дополнительное:;состояние2_k-32.sig;0.3855255;-0.001611885;2.490051;101;0.1383373;86;1.57586;2.627907;102;2.351713
62;57006;55001;52002;1.425506E-09;0.9999999;ОС-1:;состояние1_k-2.sig;1 дополнительное:;состояние2_k-33.sig;0.3855255;-0.001646123;2.490051;101;0.1641937;594;1.576369;2.653352;352;2.325857
62;57006;55001;52002;1.425506E-09;0.9999999;ОС-1:;состояние1_k-2.sig;1 дополнительное:;состояние2_k-34.sig;0.3855255;-0.0007666966;2.490051;101;0.1666841;425;1.567985;2.619319;87;2.323367
62;57006;55001;52002;1.425506E-09;0.9999999;ОС-1:;состояние1_k-2.sig;1 дополнительное:;состояние2_k-35.sig;0.3855255;0;2.490051;101;0.1460824;37;1.575134;2.635879;351;2.343968
62;57006;55001;52002;1.425506E-09;0.9999999;ОС-1:;состояние1_k-2.sig;1 дополнительное:;состояние2_k-36.sig;0.3855255;5.933802E-06;2.490051;101;0.1052957;87;1.57437;2.595336;101;2.384755
62;57006;55001;52002;1.425506E-09;0.9999999;ОС-1:;состояние1_k-2.sig;1 дополнительное:;состояние2_k-37.sig;0.3855255;-0.0002811784;2.490051;101;0.05089628;593;1.573729;2.540759;350;2.439155
62;57006;55001;52002;1.425506E-09;0.9999999;ОС-1:;состояние1_k-2.sig;1 дополнительное:;состояние2_k-38.sig;0.3855255;-0.0001437591;2.490051;101;0.03416757;250;1.573654;2.520638;105;2.455883
62;57006;55001;52002;1.425506E-09;0.9999999;ОС-1:;состояние1_k-2.sig;1 дополнительное:;состояние2_k-39.sig;0.3855255;0.0002426225;2.490051;101;0.09898428;776;1.575019;2.585524;97;2.391067
62;57006;55001;52002;1.425506E-09;0.9999999;ОС-1:;состояние1_k-2.sig;1 дополнительное:;состояние2_k-40.sig;0.3855255;-1.575798E-08;2.490051;101;0.1661554;2;1.575694;2.655919;352;2.323895
62;57006;55001;52002;1.425506E-09;0.9999999;ОС-1:;состояние1_k-3.sig;1 дополнительное:;состояние2_k-21.sig;0.277769;0.008330147;3.628358;684;0.7884501;778;2.358309;4.122813;38;2.839908
62;57006;55001;52002;1.425506E-09;0.9999999;ОС-1:;состояние1_k-3.sig;1 дополнительное:;состояние2_k-22.sig;0.277769;0.00559364;3.628358;684;0.4442092;235;2.290399;4.069946;349;3.184149
62;57006;55001;52002;1.425506E-09;0.9999999;ОС-1:;состояние1_k-3.sig;1 дополнительное:;состояние2_k-23.sig;0.277769;0.0006234767;3.628358;684;0.2012949;303;2.290991;3.825114;20;3.427063
62;57006;55001;52002;1.425506E-09;0.9999999;ОС-1:;состояние1_k-3.sig;1 дополнительное:;состояние2_k-24.sig;0.277769;-0.0009249533;3.628358;684;0.1020665;27;2.290136;3.692692;190;3.526292
62;57006;55001;52002;1.425506E-09;0.9999999;ОС-1:;состояние1_k-3.sig;1 дополнительное:;состояние2_k-25.sig;0.277769;0;3.628358;684;0.1407878;15;2.287429;3.761506;354;3.487571
62;57006;55001;52002;1.425506E-09;0.9999999;ОС-1:;состояние1_k-3.sig;1 дополнительное:;состояние2_k-26.sig;0.277769;0.0004137554;3.628358;684;0.1649447;7;2.285661;3.785239;681;3.463414
62;57006;55001;52002;1.425506E-09;0.9999999;ОС-1:;состояние1_k-3.sig;1 дополнительное:;состояние2_k-27.sig;0.277769;-0.0002621125;3.628358;684;0.1489027;371;2.297905;3.775827;352;3.479456
62;57006;55001;52002;1.425506E-09;0.9999999;ОС-1:;состояние1_k-3.sig;1 дополнительное:;состояние2_k-28.sig;0.277769;-0.0006586598;3.628358;684;0.1022801;102;2.287526;3.720604;14;3.526078
62;57006;55001;52002;1.425506E-09;0.9999999;ОС-1:;состояние1_k-3.sig;1 дополнительное:;состояние2_k-29.sig;0.277769;-0.0002418316;3.628358;684;0.03845636;748;2.287945;3.666627;351;3.589902
62;57006;55001;52002;1.425506E-09;0.9999999;ОС-1:;состояние1_k-3.sig;1 дополнительное:;состояние2_k-30.sig;0.277769;0;3.628358;684;0.03023688;69;2.287924;3.657753;685;3.598121
62;57006;55001;52002;1.425506E-09;0.9999999;ОС-1:;состояние1_k-3.sig;1 дополнительное:;состояние2_k-31.sig;0.277769;-0.0006855652;3.628358;684;0.09181292;739;2.28776;3.711456;14;3.536546
62;57006;55001;52002;1.425506E-09;0.9999999;ОС-1:;состояние1_k-3.sig;1 дополнительное:;состояние2_k-32.sig;0.277769;-0.001611885;3.628358;684;0.1383373;86;2.28766;3.765524;352;3.490021
62;57006;55001;52002;1.425506E-09;0.9999999;ОС-1:;состояние1_k-3.sig;1 дополнительное:;состояние2_k-33.sig;0.277769;-0.001646123;3.628358;684;0.1641937;594;2.297433;3.681337;172;3.464165
62;57006;55001;52002;1.425506E-09;0.9999999;ОС-1:;состояние1_k-3.sig;1 дополнительное:;состояние2_k-34.sig;0.277769;-0.0007666966;3.628358;684;0.1666841;425;2.286446;3.794244;351;3.461674
62;57006;55001;52002;1.425506E-09;0.9999999;ОС-1:;состояние1_k-3.sig;1 дополнительное:;состояние2_k-35.sig;0.277769;0;3.628358;684;0.1460824;37;2.286128;3.763537;180;3.482276
62;57006;55001;52002;1.425506E-09;0.9999999;ОС-1:;состояние1_k-3.sig;1 дополнительное:;состояние2_k-36.sig;0.277769;5.933802E-06;3.628358;684;0.1052957;87;2.287925;3.733613;351;3.523063
62;57006;55001;52002;1.425506E-09;0.9999999;ОС-1:;состояние1_k-3.sig;1 дополнительное:;состояние2_k-37.sig;0.277769;-0.0002811784;3.628358;684;0.05089628;593;2.288316;3.673483;186;3.577462
62;57006;55001;52002;1.425506E-09;0.9999999;ОС-1:;состояние1_k-3.sig;1 дополнительное:;состояние2_k-38.sig;0.277769;-0.0001437591;3.628358;684;0.03416757;250;2.2879;3.66248;684;3.594191
62;57006;55001;52002;1.425506E-09;0.9999999;ОС-1:;состояние1_k-3.sig;1 дополнительное:;состояние2_k-39.sig;0.277769;0.0002426225;3.628358;684;0.09898428;776;2.291716;3.724835;186;3.529374
62;57006;55001;52002;1.425506E-09;0.9999999;ОС-1:;состояние1_k-3.sig;1 дополнительное:;состояние2_k-40.sig;0.277769;-1.575798E-08;3.628358;684;0.1661554;2;2.286635;3.791915;15;3.462203
62;57006;55001;52002;1.425506E-09;0.9999999;ОС-1:;состояние1_k-4.sig;1 дополнительное:;состояние2_k-21.sig;0.09204829;0.008330147;4.644271;226;0.7884501;778;2.913489;5.429698;350;3.855821
62;57006;55001;52002;1.425506E-09;0.9999999;ОС-1:;состояние1_k-4.sig;1 дополнительное:;состояние2_k-22.sig;0.09204829;0.00559364;4.644271;226;0.4442092;235;2.891114;5.083404;99;4.200062
62;57006;55001;52002;1.425506E-09;0.9999999;ОС-1:;состояние1_k-4.sig;1 дополнительное:;состояние2_k-23.sig;0.09204829;0.0006234767;4.644271;226;0.2012949;303;2.883787;4.82953;348;4.442976
62;57006;55001;52002;1.425506E-09;0.9999999;ОС-1:;состояние1_k-4.sig;1 дополнительное:;состояние2_k-24.sig;0.09204829;-0.0009249533;4.644271;226;0.1020665;27;2.881106;4.68867;105;4.542205
62;57006;55001;52002;1.425506E-09;0.9999999;ОС-1:;состояние1_k-4.sig;1 дополнительное:;состояние2_k-25.sig;0.09204829;0;4.644271;226;0.1407878;15;2.880853;4.784297;475;4.503484
62;57006;55001;52002;1.425506E-09;0.9999999;ОС-1:;состояние1_k-4.sig;1 дополнительное:;состояние2_k-26.sig;0.09204829;0.0004137554;4.644271;226;0.1649447;7;2.882137;4.804138;352;4.479327
62;57006;55001;52002;1.425506E-09;0.9999999;ОС-1:;состояние1_k-4.sig;1 дополнительное:;состояние2_k-27.sig;0.09204829;-0.0002621125;4.644271;226;0.1489027;371;2.884106;4.785807;724;4.495368
62;57006;55001;52002;1.425506E-09;0.9999999;ОС-1:;состояние1_k-4.sig;1 дополнительное:;состояние2_k-28.sig;0.09204829;-0.0006586598;4.644271;226;0.1022801;102;2.872648;4.744853;101;4.541991
62;57006;55001;52002;1.425506E-09;0.9999999;ОС-1:;состояние1_k-4.sig;1 дополнительное:;состояние2_k-29.sig;0.09204829;-0.0002418316;4.644271;226;0.03845636;748;2.883067;4.671663;727;4.605815
62;57006;55001;52002;1.425506E-09;0.9999999;ОС-1:;состояние1_k-4.sig;1 дополнительное:;состояние2_k-30.sig;0.09204829;0;4.644271;226;0.03023688;69;2.881708;4.673389;101;4.614035
62;57006;55001;52002;1.425506E-09;0.9999999;ОС-1:;состояние1_k-4.sig;1 дополнительное:;состояние2_k-31.sig;0.09204829;-0.0006855652;4.644271;226;0.09181292;739;2.88171;4.734669;351;4.552458
62;57006;55001;52002;1.425506E-09;0.9999999;ОС-1:;состояние1_k-4.sig;1 дополнительное:;состояние2_k-32.sig;0.09204829;-0.001611885;4.644271;226;0.1383373;86;2.883416;4.781187;226;4.505934
62;57006;55001;52002;1.425506E-09;0.9999999;ОС-1:;состояние1_k-4.sig;1 дополнительное:;состояние2_k-33.sig;0.09204829;-0.001646123;4.644271;226;0.1641937;594;2.88325;4.807257;351;4.480078
62;57006;55001;52002;1.425506E-09;0.9999999;ОС-1:;состояние1_k-4.sig;1 дополнительное:;состояние2_k-34.sig;0.09204829;-0.0007666966;4.644271;226;0.1666841;425;2.883251;4.810187;101;4.477587
62;57006;55001;52002;1.425506E-09;0.9999999;ОС-1:;состояние1_k-4.sig;1 дополнительное:;состояние2_k-35.sig;0.09204829;0;4.644271;226;0.1460824;37;2.882989;4.790099;351;4.498189
62;57006;55001;52002;1.425506E-09;0.9999999;ОС-1:;состояние1_k-4.sig;1 дополнительное:;состояние2_k-36.sig;0.09204829;5.933802E-06;4.644271;226;0.1052957;87;2.873164;4.579528;93;4.538976
62;57006;55001;52002;1.425506E-09;0.9999999;ОС-1:;состояние1_k-4.sig;1 дополнительное:;состояние2_k-37.sig;0.09204829;-0.0002811784;4.644271;226;0.05089628;593;2.882634;4.694323;350;4.593375
62;57006;55001;52002;1.425506E-09;0.9999999;ОС-1:;состояние1_k-4.sig;1 дополнительное:;состояние2_k-38.sig;0.09204829;-0.0001437591;4.644271;226;0.03416757;250;2.88183;4.676022;475;4.610104
62;57006;55001;52002;1.425506E-09;0.9999999;ОС-1:;состояние1_k-4.sig;1 дополнительное:;состояние2_k-39.sig;0.09204829;0.0002426225;4.644271;226;0.09898428;776;2.881083;4.742243;225;4.545287
62;57006;55001;52002;1.425506E-09;0.9999999;ОС-1:;состояние1_k-4.sig;1 дополнительное:;состояние2_k-40.sig;0.09204829;-1.575798E-08;4.644271;226;0.1661554;2;2.882164;4.808256;102;4.478116
62;57006;55001;52002;1.425506E-09;0.9999999;ОС-1:;состояние1_k-5.sig;1 дополнительное:;состояние2_k-21.sig;0;0.008330147;5.506355;151;0.7884501;778;3.519715;6.271594;253;4.717905
62;57006;55001;52002;1.425506E-09;0.9999999;ОС-1:;состояние1_k-5.sig;1 дополнительное:;состояние2_k-22.sig;0;0.00559364;5.506355;151;0.4442092;235;3.514047;5.941764;349;5.062146
62;57006;55001;52002;1.425506E-09;0.9999999;ОС-1:;состояние1_k-5.sig;1 дополнительное:;состояние2_k-23.sig;0;0.0006234767;5.506355;151;0.2012949;303;3.510743;5.707574;151;5.30506
62;57006;55001;52002;1.425506E-09;0.9999999;ОС-1:;состояние1_k-5.sig;1 дополнительное:;состояние2_k-24.sig;0;-0.0009249533;5.506355;151;0.1020665;27;3.506324;5.607234;651;5.404288
62;57006;55001;52002;1.425506E-09;0.9999999;ОС-1:;состояние1_k-5.sig;1 дополнительное:;состояние2_k-25.sig;0;0;5.506355;151;0.1407878;15;3.520393;5.630152;52;5.365567
62;57006;55001;52002;1.425506E-09;0.9999999;ОС-1:;состояние1_k-5.sig;1 дополнительное:;состояние2_k-26.sig;0;0.0004137554;5.506355;151;0.1649447;7;3.501627;5.636874;48;5.34141
62;57006;55001;52002;1.425506E-09;0.9999999;ОС-1:;состояние1_k-5.sig;1 дополнительное:;состояние2_k-27.sig;0;-0.0002621125;5.506355;151;0.1489027;371;3.503181;5.650742;352;5.357452
62;57006;55001;52002;1.425506E-09;0.9999999;ОС-1:;состояние1_k-5.sig;1 дополнительное:;состояние2_k-28.sig;0;-0.0006586598;5.506355;151;0.1022801;102;3.504833;5.603562;550;5.404075
62;57006;55001;52002;1.425506E-09;0.9999999;ОС-1:;состояние1_k-5.sig;1 дополнительное:;состояние2_k-29.sig;0;-0.0002418316;5.506355;151;0.03845636;748;3.505514;5.544654;351;5.467898
62;57006;55001;52002;1.425506E-09;0.9999999;ОС-1:;состояние1_k-5.sig;1 дополнительное:;состояние2_k-30.sig;0;0;5.506355;151;0.03023688;69;3.505594;5.535473;151;5.476118
62;57006;55001;52002;1.425506E-09;0.9999999;ОС-1:;состояние1_k-5.sig;1 дополнительное:;состояние2_k-31.sig;0;-0.0006855652;5.506355;151;0.09181292;739;3.505697;5.593759;450;5.414542
62;57006;55001;52002;1.425506E-09;0.9999999;ОС-1:;состояние1_k-5.sig;1 дополнительное:;состояние2_k-32.sig;0;-0.001611885;5.506355;151;0.1383373;86;3.505669;5.64327;351;5.368018
62;57006;55001;52002;1.425506E-09;0.9999999;ОС-1:;состояние1_k-5.sig;1 дополнительное:;состояние2_k-33.sig;0;-0.001646123;5.506355;151;0.1641937;594;3.504985;5.661861;50;5.342161
62;57006;55001;52002;1.425506E-09;0.9999999;ОС-1:;состояние1_k-5.sig;1 дополнительное:;состояние2_k-34.sig;0;-0.0007666966;5.506355;151;0.1666841;425;3.503626;5.672271;351;5.339671
62;57006;55001;52002;1.425506E-09;0.9999999;ОС-1:;состояние1_k-5.sig;1 дополнительное:;состояние2_k-35.sig;0;0;5.506355;151;0.1460824;37;3.518716;5.38893;45;5.360272
62;57006;55001;52002;1.425506E-09;0.9999999;ОС-1:;состояние1_k-5.sig;1 дополнительное:;состояние2_k-36.sig;0;5.933802E-06;5.506355;151;0.1052957;87;3.503748;5.61164;351;5.401059
62;57006;55001;52002;1.425506E-09;0.9999999;ОС-1:;состояние1_k-5.sig;1 дополнительное:;состояние2_k-37.sig;0;-0.0002811784;5.506355;151;0.05089628;593;3.505041;5.554359;51;5.455459
62;57006;55001;52002;1.425506E-09;0.9999999;ОС-1:;состояние1_k-5.sig;1 дополнительное:;состояние2_k-38.sig;0;-0.0001437591;5.506355;151;0.03416757;250;3.505914;5.539566;251;5.472187
62;57006;55001;52002;1.425506E-09;0.9999999;ОС-1:;состояние1_k-5.sig;1 дополнительное:;состояние2_k-39.sig;0;0.0002426225;5.506355;151;0.09898428;776;3.506166;5.598806;352;5.407371
62;57006;55001;52002;1.425506E-09;0.9999999;ОС-1:;состояние1_k-5.sig;1 дополнительное:;состояние2_k-40.sig;0;-1.575798E-08;5.506355;151;0.1661554;2;3.506782;5.668451;52;5.340199
62;57006;55001;52002;1.425506E-09;0.9999999;ОС-1:;состояние1_k-6.sig;1 дополнительное:;состояние2_k-21.sig;0.06372634;0.008330147;6.190555;434;0.7884501;778;4.02703;6.974332;350;5.402105
62;57006;55001;52002;1.425506E-09;0.9999999;ОС-1:;состояние1_k-6.sig;1 дополнительное:;состояние2_k-22.sig;0.06372634;0.00559364;6.190555;434;0.4442092;235;4.021211;6.570439;187;5.746346
62;57006;55001;52002;1.425506E-09;0.9999999;ОС-1:;состояние1_k-6.sig;1 дополнительное:;состояние2_k-23.sig;0.06372634;0.0006234767;6.190555;434;0.2012949;303;4.013948;6.378614;518;5.98926
62;57006;55001;52002;1.425506E-09;0.9999999;ОС-1:;состояние1_k-6.sig;1 дополнительное:;состояние2_k-24.sig;0.06372634;-0.0009249533;6.190555;434;0.1020665;27;4.012905;6.215677;19;6.088489
62;57006;55001;52002;1.425506E-09;0.9999999;ОС-1:;состояние1_k-6.sig;1 дополнительное:;состояние2_k-25.sig;0.06372634;0;6.190555;434;0.1407878;15;4.016504;6.330441;434;6.049767
62;57006;55001;52002;1.425506E-09;0.9999999;ОС-1:;состояние1_k-6.sig;1 дополнительное:;состояние2_k-26.sig;0.06372634;0.0004137554;6.190555;434;0.1649447;7;4.017726;6.345683;102;6.02561
62;57006;55001;52002;1.425506E-09;0.9999999;ОС-1:;состояние1_k-6.sig;1 дополнительное:;состояние2_k-27.sig;0.06372634;-0.0002621125;6.190555;434;0.1489027;371;4.015364;6.335235;518;6.041652
62;57006;55001;52002;1.425506E-09;0.9999999;ОС-1:;состояние1_k-6.sig;1 дополнительное:;состояние2_k-28.sig;0.06372634;-0.0006586598;6.190555;434;0.1022801;102;4.012771;6.290874;351;6.088275
62;57006;55001;52002;1.425506E-09;0.9999999;ОС-1:;состояние1_k-6.sig;1 дополнительное:;состояние2_k-29.sig;0.06372634;-0.0002418316;6.190555;434;0.03845636;748;4.01356;6.226447;767;6.152099
62;57006;55001;52002;1.425506E-09;0.9999999;ОС-1:;состояние1_k-6.sig;1 дополнительное:;состояние2_k-30.sig;0.06372634;0;6.190555;434;0.03023688;69;4.011854;6.162008;184;6.160318
62;57006;55001;52002;1.425506E-09;0.9999999;ОС-1:;состояние1_k-6.sig;1 дополнительное:;состояние2_k-31.sig;0.06372634;-0.0006855652;6.190555;434;0.09181292;739;4.018719;6.280691;351;6.098742
62;57006;55001;52002;1.425506E-09;0.9999999;ОС-1:;состояние1_k-6.sig;1 дополнительное:;состояние2_k-32.sig;0.06372634;-0.001611885;6.190555;434;0.1383373;86;4.018796;6.327209;101;6.052218
62;57006;55001;52002;1.425506E-09;0.9999999;ОС-1:;состояние1_k-6.sig;1 дополнительное:;состояние2_k-33.sig;0.06372634;-0.001646123;6.190555;434;0.1641937;594;4.017613;6.353279;351;6.026361
62;57006;55001;52002;1.425506E-09;0.9999999;ОС-1:;состояние1_k-6.sig;1 дополнительное:;состояние2_k-34.sig;0.06372634;-0.0007666966;6.190555;434;0.1666841;425;4.016885;6.319865;16;6.023871
62;57006;55001;52002;1.425506E-09;0.9999999;ОС-1:;состояние1_k-6.sig;1 дополнительное:;состояние2_k-35.sig;0.06372634;0;6.190555;434;0.1460824;37;4.01655;6.336121;351;6.044473
62;57006;55001;52002;1.425506E-09;0.9999999;ОС-1:;состояние1_k-6.sig;1 дополнительное:;состояние2_k-36.sig;0.06372634;5.933802E-06;6.190555;434;0.1052957;87;4.016492;6.295672;434;6.085259
62;57006;55001;52002;1.425506E-09;0.9999999;ОС-1:;состояние1_k-6.sig;1 дополнительное:;состояние2_k-37.sig;0.06372634;-0.0002811784;6.190555;434;0.05089628;593;4.015445;6.239329;768;6.139659
62;57006;55001;52002;1.425506E-09;0.9999999;ОС-1:;состояние1_k-6.sig;1 дополнительное:;состояние2_k-38.sig;0.06372634;-0.0001437591;6.190555;434;0.03416757;250;4.015112;6.210651;17;6.156387
62;57006;55001;52002;1.425506E-09;0.9999999;ОС-1:;состояние1_k-6.sig;1 дополнительное:;состояние2_k-39.sig;0.06372634;0.0002426225;6.190555;434;0.09898428;776;4.016357;6.281233;185;6.091571
62;57006;55001;52002;1.425506E-09;0.9999999;ОС-1:;состояние1_k-6.sig;1 дополнительное:;состояние2_k-40.sig;0.06372634;-1.575798E-08;6.190555;434;0.1661554;2;4.018659;6.349801;352;6.0244
62;57006;55001;52002;1.425506E-09;0.9999999;ОС-1:;состояние1_k-7.sig;1 дополнительное:;состояние2_k-21.sig;0.1961323;0.008330147;6.680506;65;0.7884501;778;4.441881;6.007036;144;5.892056
62;57006;55001;52002;1.425506E-09;0.9999999;ОС-1:;состояние1_k-7.sig;1 дополнительное:;состояние2_k-22.sig;0.1961323;0.00559364;6.680506;65;0.4442092;235;4.262695;7.12079;280;6.236297
62;57006;55001;52002;1.425506E-09;0.9999999;ОС-1:;состояние1_k-7.sig;1 дополнительное:;состояние2_k-23.sig;0.1961323;0.0006234767;6.680506;65;0.2012949;303;4.271343;6.879043;65;6.479211
62;57006;55001;52002;1.425506E-09;0.9999999;ОС-1:;состояние1_k-7.sig;1 дополнительное:;состояние2_k-24.sig;0.1961323;-0.0009249533;6.680506;65;0.1020665;27;4.277137;6.777421;279;6.57844
62;57006;55001;52002;1.425506E-09;0.9999999;ОС-1:;состояние1_k-7.sig;1 дополнительное:;состояние2_k-25.sig;0.1961323;0;6.680506;65;0.1407878;15;4.27879;6.817432;136;6.539719
62;57006;55001;52002;1.425506E-09;0.9999999;ОС-1:;состояние1_k-7.sig;1 дополнительное:;состояние2_k-26.sig;0.1961323;0.0004137554;6.680506;65;0.1649447;7;4.277628;6.845239;65;6.515562
62;57006;55001;52002;1.425506E-09;0.9999999;ОС-1:;состояние1_k-7.sig;1 дополнительное:;состояние2_k-27.sig;0.1961323;-0.0002621125;6.680506;65;0.1489027;371;4.275743;6.824392;351;6.531603
62;57006;55001;52002;1.425506E-09;0.9999999;ОС-1:;состояние1_k-7.sig;1 дополнительное:;состояние2_k-28.sig;0.1961323;-0.0006586598;6.680506;65;0.1022801;102;4.275231;6.780491;708;6.578226
62;57006;55001;52002;1.425506E-09;0.9999999;ОС-1:;состояние1_k-7.sig;1 дополнительное:;состояние2_k-29.sig;0.1961323;-0.0002418316;6.680506;65;0.03845636;748;4.275408;6.718346;351;6.64205
62;57006;55001;52002;1.425506E-09;0.9999999;ОС-1:;состояние1_k-7.sig;1 дополнительное:;состояние2_k-30.sig;0.1961323;0;6.680506;65;0.03023688;69;4.27581;6.709429;136;6.65027
62;57006;55001;52002;1.425506E-09;0.9999999;ОС-1:;состояние1_k-7.sig;1 дополнительное:;состояние2_k-31.sig;0.1961323;-0.0006855652;6.680506;65;0.09181292;739;4.276201;6.769475;208;6.588693
62;57006;55001;52002;1.425506E-09;0.9999999;ОС-1:;состояние1_k-7.sig;1 дополнительное:;состояние2_k-32.sig;0.1961323;-0.001611885;6.680506;65;0.1383373;86;4.277421;6.816962;351;6.542169
62;57006;55001;52002;1.425506E-09;0.9999999;ОС-1:;состояние1_k-7.sig;1 дополнительное:;состояние2_k-33.sig;0.1961323;-0.001646123;6.680506;65;0.1641937;594;4.279953;6.838832;65;6.516313
62;57006;55001;52002;1.425506E-09;0.9999999;ОС-1:;состояние1_k-7.sig;1 дополнительное:;состояние2_k-34.sig;0.1961323;-0.0007666966;6.680506;65;0.1666841;425;4.282548;6.845963;351;6.513822
62;57006;55001;52002;1.425506E-09;0.9999999;ОС-1:;состояние1_k-7.sig;1 дополнительное:;состояние2_k-35.sig;0.1961323;0;6.680506;65;0.1460824;37;4.258978;6.536624;493;6.534424
62;57006;55001;52002;1.425506E-09;0.9999999;ОС-1:;состояние1_k-7.sig;1 дополнительное:;состояние2_k-36.sig;0.1961323;5.933802E-06;6.680506;65;0.1052957;87;4.28001;6.785332;351;6.575211
62;57006;55001;52002;1.425506E-09;0.9999999;ОС-1:;состояние1_k-7.sig;1 дополнительное:;состояние2_k-37.sig;0.1961323;-0.0002811784;6.680506;65;0.05089628;593;4.276663;6.730113;65;6.62961
62;57006;55001;52002;1.425506E-09;0.9999999;ОС-1:;состояние1_k-7.sig;1 дополнительное:;состояние2_k-38.sig;0.1961323;-0.0001437591;6.680506;65;0.03416757;250;4.275206;6.714059;565;6.646338
62;57006;55001;52002;1.425506E-09;0.9999999;ОС-1:;состояние1_k-7.sig;1 дополнительное:;состояние2_k-39.sig;0.1961323;0.0002426225;6.680506;65;0.09898428;776;4.276073;6.775032;136;6.581522
62;57006;55001;52002;1.425506E-09;0.9999999;ОС-1:;состояние1_k-7.sig;1 дополнительное:;состояние2_k-40.sig;0.1961323;-1.575798E-08;6.680506;65;0.1661554;2;4.277569;6.847868;65;6.514351
62;57006;55001;52002;1.425506E-09;0.9999999;ОС-1:;состояние1_k-8.sig;1 дополнительное:;состояние2_k-21.sig;0.2543349;0.008330147;6.968626;38;0.7884501;778;4.432145;7.750674;350;6.180176
62;57006;55001;52002;1.425506E-09;0.9999999;ОС-1:;состояние1_k-8.sig;1 дополнительное:;состояние2_k-22.sig;0.2543349;0.00559364;6.968626;38;0.4442092;235;4.425323;7.400612;100;6.524417
62;57006;55001;52002;1.425506E-09;0.9999999;ОС-1:;состояние1_k-8.sig;1 дополнительное:;состояние2_k-23.sig;0.2543349;0.0006234767;6.968626;38;0.2012949;303;4.428733;7.167978;476;6.767332
62;57006;55001;52002;1.425506E-09;0.9999999;ОС-1:;состояние1_k-8.sig;1 дополнительное:;состояние2_k-24.sig;0.2543349;-0.0009249533;6.968626;38;0.1020665;27;4.43526;6.987661;39;6.86656
62;57006;55001;52002;1.425506E-09;0.9999999;ОС-1:;состояние1_k-8.sig;1 дополнительное:;состояние2_k-25.sig;0.2543349;0;6.968626;38;0.1407878;15;4.445654;7.091656;38;6.827839
62;57006;55001;52002;1.425506E-09;0.9999999;ОС-1:;состояние1_k-8.sig;1 дополнительное:;состояние2_k-26.sig;0.2543349;0.0004137554;6.968626;38;0.1649447;7;4.446424;7.12344;413;6.803682
62;57006;55001;52002;1.425506E-09;0.9999999;ОС-1:;состояние1_k-8.sig;1 дополнительное:;состояние2_k-27.sig;0.2543349;-0.0002621125;6.968626;38;0.1489027;371;4.442805;7.117264;538;6.819724
62;57006;55001;52002;1.425506E-09;0.9999999;ОС-1:;состояние1_k-8.sig;1 дополнительное:;состояние2_k-28.sig;0.2543349;-0.0006586598;6.968626;38;0.1022801;102;4.438827;7.06895;101;6.866346
62;57006;55001;52002;1.425506E-09;0.9999999;ОС-1:;состояние1_k-8.sig;1 дополнительное:;состояние2_k-29.sig;0.2543349;-0.0002418316;6.968626;38;0.03845636;748;4.437552;7.006233;663;6.93017
62;57006;55001;52002;1.425506E-09;0.9999999;ОС-1:;состояние1_k-8.sig;1 дополнительное:;состояние2_k-30.sig;0.2543349;0;6.968626;38;0.03023688;69;4.438;6.997487;101;6.93839
62;57006;55001;52002;1.425506E-09;0.9999999;ОС-1:;состояние1_k-8.sig;1 дополнительное:;состояние2_k-31.sig;0.2543349;-0.0006855652;6.968626;38;0.09181292;739;4.438545;7.059784;788;6.876813
62;57006;55001;52002;1.425506E-09;0.9999999;ОС-1:;состояние1_k-8.sig;1 дополнительное:;состояние2_k-32.sig;0.2543349;-0.001611885;6.968626;38;0.1383373;86;4.439009;7.102847;38;6.830289
62;57006;55001;52002;1.425506E-09;0.9999999;ОС-1:;состояние1_k-8.sig;1 дополнительное:;состояние2_k-33.sig;0.2543349;-0.001646123;6.968626;38;0.1641937;594;4.438564;7.131354;351;6.804433
62;57006;55001;52002;1.425506E-09;0.9999999;ОС-1:;состояние1_k-8.sig;1 дополнительное:;состояние2_k-34.sig;0.2543349;-0.0007666966;6.968626;38;0.1666841;425;4.43928;7.134284;101;6.801942
62;57006;55001;52002;1.425506E-09;0.9999999;ОС-1:;состояние1_k-8.sig;1 дополнительное:;состояние2_k-35.sig;0.2543349;0;6.968626;38;0.1460824;37;4.439995;7.114196;351;6.822544
62;57006;55001;52002;1.425506E-09;0.9999999;ОС-1:;состояние1_k-8.sig;1 дополнительное:;состояние2_k-36.sig;0.2543349;5.933802E-06;6.968626;38;0.1052957;87;4.439899;7.073654;226;6.863331
62;57006;55001;52002;1.425506E-09;0.9999999;ОС-1:;состояние1_k-8.sig;1 дополнительное:;состояние2_k-37.sig;0.2543349;-0.0002811784;6.968626;38;0.05089628;593;4.438849;7.018303;38;6.91773
62;57006;55001;52002;1.425506E-09;0.9999999;ОС-1:;состояние1_k-8.sig;1 дополнительное:;состояние2_k-38.sig;0.2543349;-0.0001437591;6.968626;38;0.03416757;250;4.437712;7.000682;288;6.934459
62;57006;55001;52002;1.425506E-09;0.9999999;ОС-1:;состояние1_k-8.sig;1 дополнительное:;состояние2_k-39.sig;0.2543349;0.0002426225;6.968626;38;0.09898428;776;4.436657;7.065659;788;6.869642
62;57006;55001;52002;1.425506E-09;0.9999999;ОС-1:;состояние1_k-8.sig;1 дополнительное:;состояние2_k-40.sig;0.2543349;-1.575798E-08;6.968626;38;0.1661554;2;4.458768;7.126038;39;6.802471
62;57006;55001;52002;1.425506E-09;0.9999999;ОС-1:;состояние1_k-9.sig;1 дополнительное:;состояние2_k-21.sig;0.1701866;0.008330147;7.05782;684;0.7884501;778;4.536511;7.66015;131;6.26937
62;57006;55001;52002;1.425506E-09;0.9999999;ОС-1:;состояние1_k-9.sig;1 дополнительное:;состояние2_k-22.sig;0.1701866;0.00559364;7.05782;684;0.4442092;235;4.537518;7.488358;350;6.613611
62;57006;55001;52002;1.425506E-09;0.9999999;ОС-1:;состояние1_k-9.sig;1 дополнительное:;состояние2_k-23.sig;0.1701866;0.0006234767;7.05782;684;0.2012949;303;4.537818;7.251962;239;6.856525
62;57006;55001;52002;1.425506E-09;0.9999999;ОС-1:;состояние1_k-9.sig;1 дополнительное:;состояние2_k-24.sig;0.1701866;-0.0009249533;7.05782;684;0.1020665;27;4.537369;7.152282;462;6.955753
62;57006;55001;52002;1.425506E-09;0.9999999;ОС-1:;состояние1_k-9.sig;1 дополнительное:;состояние2_k-25.sig;0.1701866;0;7.05782;684;0.1407878;15;4.540467;7.198373;295;6.917032
62;57006;55001;52002;1.425506E-09;0.9999999;ОС-1:;состояние1_k-9.sig;1 дополнительное:;состояние2_k-26.sig;0.1701866;0.0004137554;7.05782;684;0.1649447;7;4.5455;7.222067;795;6.892875
62;57006;55001;52002;1.425506E-09;0.9999999;ОС-1:;состояние1_k-9.sig;1 дополнительное:;состояние2_k-27.sig;0.1701866;-0.0002621125;7.05782;684;0.1489027;371;4.509506;7.201199;351;6.908917
62;57006;55001;52002;1.425506E-09;0.9999999;ОС-1:;состояние1_k-9.sig;1 дополнительное:;состояние2_k-28.sig;0.1701866;-0.0006586598;7.05782;684;0.1022801;102;4.544678;7.142474;796;6.95554
62;57006;55001;52002;1.425506E-09;0.9999999;ОС-1:;состояние1_k-9.sig;1 дополнительное:;состояние2_k-29.sig;0.1701866;-0.0002418316;7.05782;684;0.03845636;748;4.540214;7.095153;351;7.019363
62;57006;55001;52002;1.425506E-09;0.9999999;ОС-1:;состояние1_k-9.sig;1 дополнительное:;состояние2_k-30.sig;0.1701866;0;7.05782;684;0.03023688;69;4.538107;7.086367;684;7.027583
62;57006;55001;52002;1.425506E-09;0.9999999;ОС-1:;состояние1_k-9.sig;1 дополнительное:;состояние2_k-31.sig;0.1701866;-0.0006855652;7.05782;684;0.09181292;739;4.539283;7.146049;240;6.966007
62;57006;55001;52002;1.425506E-09;0.9999999;ОС-1:;состояние1_k-9.sig;1 дополнительное:;состояние2_k-32.sig;0.1701866;-0.001611885;7.05782;684;0.1383373;86;4.540681;7.193769;351;6.919483
62;57006;55001;52002;1.425506E-09;0.9999999;ОС-1:;состояние1_k-9.sig;1 дополнительное:;состояние2_k-33.sig;0.1701866;-0.001646123;7.05782;684;0.1641937;594;4.540153;7.176391;461;6.893626
62;57006;55001;52002;1.425506E-09;0.9999999;ОС-1:;состояние1_k-9.sig;1 дополнительное:;состояние2_k-34.sig;0.1701866;-0.0007666966;7.05782;684;0.1666841;425;4.538565;7.22277;351;6.891136
62;57006;55001;52002;1.425506E-09;0.9999999;ОС-1:;состояние1_k-9.sig;1 дополнительное:;состояние2_k-35.sig;0.1701866;0;7.05782;684;0.1460824;37;4.537754;7.20098;295;6.911737
62;57006;55001;52002;1.425506E-09;0.9999999;ОС-1:;состояние1_k-9.sig;1 дополнительное:;состояние2_k-36.sig;0.1701866;5.933802E-06;7.05782;684;0.1052957;87;4.538961;7.163019;573;6.952524
62;57006;55001;52002;1.425506E-09;0.9999999;ОС-1:;состояние1_k-9.sig;1 дополнительное:;состояние2_k-37.sig;0.1701866;-0.0002811784;7.05782;684;0.05089628;593;4.539074;7.107809;295;7.006924
62;57006;55001;52002;1.425506E-09;0.9999999;ОС-1:;состояние1_k-9.sig;1 дополнительное:;состояние2_k-38.sig;0.1701866;-0.0001437591;7.05782;684;0.03416757;250;4.538415;7.091941;684;7.023652
62;57006;55001;52002;1.425506E-09;0.9999999;ОС-1:;состояние1_k-9.sig;1 дополнительное:;состояние2_k-39.sig;0.1701866;0.0002426225;7.05782;684;0.09898428;776;4.537656;7.145145;351;6.958836
62;57006;55001;52002;1.425506E-09;0.9999999;ОС-1:;состояние1_k-9.sig;1 дополнительное:;состояние2_k-40.sig;0.1701866;-1.575798E-08;7.05782;684;0.1661554;2;4.538351;7.223337;240;6.891665
62;57006;55001;52002;1.425506E-09;0.9999999;ОС-1:;состояние1_k-10.sig;1 дополнительное:;состояние2_k-21.sig;0;0.008330147;6.955533;1;0.7884501;778;4.425404;7.736616;350;6.167082
62;57006;55001;52002;1.425506E-09;0.9999999;ОС-1:;состояние1_k-10.sig;1 дополнительное:;состояние2_k-22.sig;0;0.00559364;6.955533;1;0.4442092;235;4.423608;7.380032;51;6.511323
62;57006;55001;52002;1.425506E-09;0.9999999;ОС-1:;состояние1_k-10.sig;1 дополнительное:;состояние2_k-23.sig;0;0.0006234767;6.955533;1;0.2012949;303;4.42907;7.156752;651;6.754238
62;57006;55001;52002;1.425506E-09;0.9999999;ОС-1:;состояние1_k-10.sig;1 дополнительное:;состояние2_k-24.sig;0;-0.0009249533;6.955533;1;0.1020665;27;4.431441;7.056412;151;6.853466
62;57006;55001;52002;1.425506E-09;0.9999999;ОС-1:;состояние1_k-10.sig;1 дополнительное:;состояние2_k-25.sig;0;0;6.955533;1;0.1407878;15;4.429327;7.072557;51;6.814745
62;57006;55001;52002;1.425506E-09;0.9999999;ОС-1:;состояние1_k-10.sig;1 дополнительное:;состояние2_k-26.sig;0;0.0004137554;6.955533;1;0.1649447;7;4.42888;7.110397;101;6.790588
62;57006;55001;52002;1.425506E-09;0.9999999;ОС-1:;состояние1_k-10.sig;1 дополнительное:;состояние2_k-27.sig;0;-0.0002621125;6.955533;1;0.1489027;371;4.430967;7.104111;501;6.80663
62;57006;55001;52002;1.425506E-09;0.9999999;ОС-1:;состояние1_k-10.sig;1 дополнительное:;состояние2_k-28.sig;0;-0.0006586598;6.955533;1;0.1022801;102;4.432764;7.056114;351;6.853252
62;57006;55001;52002;1.425506E-09;0.9999999;ОС-1:;состояние1_k-10.sig;1 дополнительное:;состояние2_k-29.sig;0;-0.0002418316;6.955533;1;0.03845636;748;4.431305;6.988568;751;6.917076
62;57006;55001;52002;1.425506E-09;0.9999999;ОС-1:;состояние1_k-10.sig;1 дополнительное:;состояние2_k-30.sig;0;0;6.955533;1;0.03023688;69;4.435315;6.926414;1;6.925296
62;57006;55001;52002;1.425506E-09;0.9999999;ОС-1:;состояние1_k-10.sig;1 дополнительное:;состояние2_k-31.sig;0;-0.0006855652;6.955533;1;0.09181292;739;4.425572;7.046468;401;6.863719
62;57006;55001;52002;1.425506E-09;0.9999999;ОС-1:;состояние1_k-10.sig;1 дополнительное:;состояние2_k-32.sig;0;-0.001611885;6.955533;1;0.1383373;86;4.42601;7.092448;101;6.817195
62;57006;55001;52002;1.425506E-09;0.9999999;ОС-1:;состояние1_k-10.sig;1 дополнительное:;состояние2_k-33.sig;0;-0.001646123;6.955533;1;0.1641937;594;4.427994;7.118518;351;6.791339
62;57006;55001;52002;1.425506E-09;0.9999999;ОС-1:;состояние1_k-10.sig;1 дополнительное:;состояние2_k-34.sig;0;-0.0007666966;6.955533;1;0.1666841;425;4.429274;7.108727;0;6.788848
62;57006;55001;52002;1.425506E-09;0.9999999;ОС-1:;состояние1_k-10.sig;1 дополнительное:;состояние2_k-35.sig;0;0;6.955533;1;0.1460824;37;4.429317;7.10136;151;6.80945
62;57006;55001;52002;1.425506E-09;0.9999999;ОС-1:;состояние1_k-10.sig;1 дополнительное:;состояние2_k-36.sig;0;5.933802E-06;6.955533;1;0.1052957;87;4.429129;7.060818;101;6.850237
62;57006;55001;52002;1.425506E-09;0.9999999;ОС-1:;состояние1_k-10.sig;1 дополнительное:;состояние2_k-37.sig;0;-0.0002811784;6.955533;1;0.05089628;593;4.429178;7.006413;201;6.904636
62;57006;55001;52002;1.425506E-09;0.9999999;ОС-1:;состояние1_k-10.sig;1 дополнительное:;состояние2_k-38.sig;0;-0.0001437591;6.955533;1;0.03416757;250;4.429391;6.988743;1;6.921365
62;57006;55001;52002;1.425506E-09;0.9999999;ОС-1:;состояние1_k-10.sig;1 дополнительное:;состояние2_k-39.sig;0;0.0002426225;6.955533;1;0.09898428;776;4.429447;7.053331;301;6.856548
62;57006;55001;52002;1.425506E-09;0.9999999;ОС-1:;состояние1_k-10.sig;1 дополнительное:;состояние2_k-40.sig;0;-1.575798E-08;6.955533;1;0.1661554;2;4.429691;7.111474;51;6.789377
62;57006;55001;52002;1.425506E-09;0.9999999;ОС-1:;состояние1_k-11.sig;1 дополнительное:;состояние2_k-21.sig;-0.1382678;0.008330147;6.683751;78;0.7884501;778;4.225645;7.464565;396;5.8953
62;57006;55001;52002;1.425506E-09;0.9999999;ОС-1:;состояние1_k-11.sig;1 дополнительное:;состояние2_k-22.sig;-0.1382678;0.00559364;6.683751;78;0.4442092;235;4.216831;7.114023;623;6.239542
62;57006;55001;52002;1.425506E-09;0.9999999;ОС-1:;состояние1_k-11.sig;1 дополнительное:;состояние2_k-23.sig;-0.1382678;0.0006234767;6.683751;78;0.2012949;303;4.21246;6.875928;305;6.482456
62;57006;55001;52002;1.425506E-09;0.9999999;ОС-1:;состояние1_k-11.sig;1 дополнительное:;состояние2_k-24.sig;-0.1382678;-0.0009249533;6.683751;78;0.1020665;27;4.215793;6.784145;714;6.581684
62;57006;55001;52002;1.425506E-09;0.9999999;ОС-1:;состояние1_k-11.sig;1 дополнительное:;состояние2_k-25.sig;-0.1382678;0;6.683751;78;0.1407878;15;4.216466;6.82227;214;6.542963
62;57006;55001;52002;1.425506E-09;0.9999999;ОС-1:;состояние1_k-11.sig;1 дополнительное:;состояние2_k-26.sig;-0.1382678;0.0004137554;6.683751;78;0.1649447;7;4.215526;6.84549;123;6.518806
62;57006;55001;52002;1.425506E-09;0.9999999;ОС-1:;состояние1_k-11.sig;1 дополнительное:;состояние2_k-27.sig;-0.1382678;-0.0002621125;6.683751;78;0.1489027;371;4.214758;6.826349;351;6.534848
62;57006;55001;52002;1.425506E-09;0.9999999;ОС-1:;состояние1_k-11.sig;1 дополнительное:;состояние2_k-28.sig;-0.1382678;-0.0006586598;6.683751;78;0.1022801;102;4.214102;6.782455;442;6.58147
62;57006;55001;52002;1.425506E-09;0.9999999;ОС-1:;состояние1_k-11.sig;1 дополнительное:;состояние2_k-29.sig;-0.1382678;-0.0002418316;6.683751;78;0.03845636;748;4.213946;6.720304;351;6.645294
62;57006;55001;52002;1.425506E-09;0.9999999;ОС-1:;состояние1_k-11.sig;1 дополнительное:;состояние2_k-30.sig;-0.1382678;0;6.683751;78;0.03023688;69;4.213208;6.71367;669;6.653514
62;57006;55001;52002;1.425506E-09;0.9999999;ОС-1:;состояние1_k-11.sig;1 дополнительное:;состояние2_k-31.sig;-0.1382678;-0.0006855652;6.683751;78;0.09181292;739;4.211689;6.775415;78;6.591938
62;57006;55001;52002;1.425506E-09;0.9999999;ОС-1:;состояние1_k-11.sig;1 дополнительное:;состояние2_k-32.sig;-0.1382678;-0.001611885;6.683751;78;0.1383373;86;4.209829;6.821417;305;6.545413
62;57006;55001;52002;1.425506E-09;0.9999999;ОС-1:;состояние1_k-11.sig;1 дополнительное:;состояние2_k-33.sig;-0.1382678;-0.001646123;6.683751;78;0.1641937;594;4.25021;6.523431;214;6.519557
62;57006;55001;52002;1.425506E-09;0.9999999;ОС-1:;состояние1_k-11.sig;1 дополнительное:;состояние2_k-34.sig;-0.1382678;-0.0007666966;6.683751;78;0.1666841;425;4.207738;6.849572;396;6.517066
62;57006;55001;52002;1.425506E-09;0.9999999;ОС-1:;состояние1_k-11.sig;1 дополнительное:;состояние2_k-35.sig;-0.1382678;0;6.683751;78;0.1460824;37;4.209165;6.827146;123;6.537668
62;57006;55001;52002;1.425506E-09;0.9999999;ОС-1:;состояние1_k-11.sig;1 дополнительное:;состояние2_k-36.sig;-0.1382678;5.933802E-06;6.683751;78;0.1052957;87;4.211896;6.787289;351;6.578455
62;57006;55001;52002;1.425506E-09;0.9999999;ОС-1:;состояние1_k-11.sig;1 дополнительное:;состояние2_k-37.sig;-0.1382678;-0.0002811784;6.683751;78;0.05089628;593;4.213626;6.732754;214;6.632854
62;57006;55001;52002;1.425506E-09;0.9999999;ОС-1:;состояние1_k-11.sig;1 дополнительное:;состояние2_k-38.sig;-0.1382678;-0.0001437591;6.683751;78;0.03416757;250;4.213844;6.71795;487;6.649583
62;57006;55001;52002;1.425506E-09;0.9999999;ОС-1:;состояние1_k-11.sig;1 дополнительное:;состояние2_k-39.sig;-0.1382678;0.0002426225;6.683751;78;0.09898428;776;4.213573;6.778624;32;6.584766
62;57006;55001;52002;1.425506E-09;0.9999999;ОС-1:;состояние1_k-11.sig;1 дополнительное:;состояние2_k-40.sig;-0.1382678;-1.575798E-08;6.683751;78;0.1661554;2;4.214143;6.84968;578;6.517595
62;57006;55001;52002;1.425506E-09;0.9999999;ОС-1:;состояние1_k-12.sig;1 дополнительное:;состояние2_k-21.sig;-0.1691523;0.008330147;6.262565;59;0.7884501;778;4.002834;7.043761;17;5.474115
62;57006;55001;52002;1.425506E-09;0.9999999;ОС-1:;состояние1_k-12.sig;1 дополнительное:;состояние2_k-22.sig;-0.1691523;0.00559364;6.262565;59;0.4442092;235;3.984444;6.693259;393;5.818356
62;57006;55001;52002;1.425506E-09;0.9999999;ОС-1:;состояние1_k-12.sig;1 дополнительное:;состояние2_k-23.sig;-0.1691523;0.0006234767;6.262565;59;0.2012949;303;3.978924;6.46315;434;6.06127
62;57006;55001;52002;1.425506E-09;0.9999999;ОС-1:;состояние1_k-12.sig;1 дополнительное:;состояние2_k-24.sig;-0.1691523;-0.0009249533;6.262565;59;0.1020665;27;3.979724;6.276628;101;6.160499
62;57006;55001;52002;1.425506E-09;0.9999999;ОС-1:;состояние1_k-12.sig;1 дополнительное:;состояние2_k-25.sig;-0.1691523;0;6.262565;59;0.1407878;15;3.980838;6.39844;476;6.121778
62;57006;55001;52002;1.425506E-09;0.9999999;ОС-1:;состояние1_k-12.sig;1 дополнительное:;состояние2_k-26.sig;-0.1691523;0.0004137554;6.262565;59;0.1649447;7;3.980741;6.42557;142;6.09762
62;57006;55001;52002;1.425506E-09;0.9999999;ОС-1:;состояние1_k-12.sig;1 дополнительное:;состояние2_k-27.sig;-0.1691523;-0.0002621125;6.262565;59;0.1489027;371;3.980507;6.404613;184;6.113662
62;57006;55001;52002;1.425506E-09;0.9999999;ОС-1:;состояние1_k-12.sig;1 дополнительное:;состояние2_k-28.sig;-0.1691523;-0.0006586598;6.262565;59;0.1022801;102;3.979344;6.360799;101;6.160285
62;57006;55001;52002;1.425506E-09;0.9999999;ОС-1:;состояние1_k-12.sig;1 дополнительное:;состояние2_k-29.sig;-0.1691523;-0.0002418316;6.262565;59;0.03845636;748;3.978995;6.30079;559;6.224109
62;57006;55001;52002;1.425506E-09;0.9999999;ОС-1:;состояние1_k-12.sig;1 дополнительное:;состояние2_k-30.sig;-0.1691523;0;6.262565;59;0.03023688;69;3.978365;6.291112;434;6.232328
62;57006;55001;52002;1.425506E-09;0.9999999;ОС-1:;состояние1_k-12.sig;1 дополнительное:;состояние2_k-31.sig;-0.1691523;-0.0006855652;6.262565;59;0.09181292;739;3.978522;6.35268;142;6.170752
62;57006;55001;52002;1.425506E-09;0.9999999;ОС-1:;состояние1_k-12.sig;1 дополнительное:;состояние2_k-32.sig;-0.1691523;-0.001611885;6.262565;59;0.1383373;86;3.979414;6.397133;226;6.124228
62;57006;55001;52002;1.425506E-09;0.9999999;ОС-1:;состояние1_k-12.sig;1 дополнительное:;состояние2_k-33.sig;-0.1691523;-0.001646123;6.262565;59;0.1641937;594;3.978515;6.423788;684;6.098372
62;57006;55001;52002;1.425506E-09;0.9999999;ОС-1:;состояние1_k-12.sig;1 дополнительное:;состояние2_k-34.sig;-0.1691523;-0.0007666966;6.262565;59;0.1666841;425;3.976225;6.426134;101;6.095881
62;57006;55001;52002;1.425506E-09;0.9999999;ОС-1:;состояние1_k-12.sig;1 дополнительное:;состояние2_k-35.sig;-0.1691523;0;6.262565;59;0.1460824;37;3.973966;6.407429;309;6.116483
62;57006;55001;52002;1.425506E-09;0.9999999;ОС-1:;состояние1_k-12.sig;1 дополнительное:;состояние2_k-36.sig;-0.1691523;5.933802E-06;6.262565;59;0.1052957;87;4.001586;6.157448;59;6.157269
62;57006;55001;52002;1.425506E-09;0.9999999;ОС-1:;состояние1_k-12.sig;1 дополнительное:;состояние2_k-37.sig;-0.1691523;-0.0002811784;6.262565;59;0.05089628;593;3.97659;6.313399;309;6.211669
62;57006;55001;52002;1.425506E-09;0.9999999;ОС-1:;состояние1_k-12.sig;1 дополнительное:;состояние2_k-38.sig;-0.1691523;-0.0001437591;6.262565;59;0.03416757;250;3.979918;6.296687;434;6.228397
62;57006;55001;52002;1.425506E-09;0.9999999;ОС-1:;состояние1_k-12.sig;1 дополнительное:;состояние2_k-39.sig;-0.1691523;0.0002426225;6.262565;59;0.09898428;776;3.981376;6.358838;559;6.163581
62;57006;55001;52002;1.425506E-09;0.9999999;ОС-1:;состояние1_k-12.sig;1 дополнительное:;состояние2_k-40.sig;-0.1691523;-1.575798E-08;6.262565;59;0.1661554;2;3.981444;6.416159;101;6.09641
62;57006;55001;52002;1.425506E-09;0.9999999;ОС-1:;состояние1_k-13.sig;1 дополнительное:;состояние2_k-21.sig;-0.1096487;0.008330147;5.721801;43;0.7884501;778;3.675932;6.502571;158;4.933351
62;57006;55001;52002;1.425506E-09;0.9999999;ОС-1:;состояние1_k-13.sig;1 дополнительное:;состояние2_k-22.sig;-0.1096487;0.00559364;5.721801;43;0.4442092;235;3.650339;6.165262;235;5.277592
62;57006;55001;52002;1.425506E-09;0.9999999;ОС-1:;состояние1_k-13.sig;1 дополнительное:;состояние2_k-23.sig;-0.1096487;0.0006234767;5.721801;43;0.2012949;303;3.637448;5.921321;389;5.520506
62;57006;55001;52002;1.425506E-09;0.9999999;ОС-1:;состояние1_k-13.sig;1 дополнительное:;состояние2_k-24.sig;-0.1096487;-0.0009249533;5.721801;43;0.1020665;27;3.637418;5.82298;235;5.619734
62;57006;55001;52002;1.425506E-09;0.9999999;ОС-1:;состояние1_k-13.sig;1 дополнительное:;состояние2_k-25.sig;-0.1096487;0;5.721801;43;0.1407878;15;3.64086;5.859876;274;5.581013
62;57006;55001;52002;1.425506E-09;0.9999999;ОС-1:;состояние1_k-13.sig;1 дополнительное:;состояние2_k-26.sig;-0.1096487;0.0004137554;5.721801;43;0.1649447;7;3.641032;5.874209;697;5.556856
62;57006;55001;52002;1.425506E-09;0.9999999;ОС-1:;состояние1_k-13.sig;1 дополнительное:;состояние2_k-27.sig;-0.1096487;-0.0002621125;5.721801;43;0.1489027;371;3.638579;5.865135;427;5.572898
62;57006;55001;52002;1.425506E-09;0.9999999;ОС-1:;состояние1_k-13.sig;1 дополнительное:;состояние2_k-28.sig;-0.1096487;-0.0006586598;5.721801;43;0.1022801;102;3.636448;5.823687;120;5.619521
62;57006;55001;52002;1.425506E-09;0.9999999;ОС-1:;состояние1_k-13.sig;1 дополнительное:;состояние2_k-29.sig;-0.1096487;-0.0002418316;5.721801;43;0.03845636;748;3.636827;5.758103;43;5.683344
62;57006;55001;52002;1.425506E-09;0.9999999;ОС-1:;состояние1_k-13.sig;1 дополнительное:;состояние2_k-30.sig;-0.1096487;0;5.721801;43;0.03023688;69;3.636883;5.75125;120;5.691564
62;57006;55001;52002;1.425506E-09;0.9999999;ОС-1:;состояние1_k-13.sig;1 дополнительное:;состояние2_k-31.sig;-0.1096487;-0.0006855652;5.721801;43;0.09181292;739;3.635919;5.811897;158;5.629988
62;57006;55001;52002;1.425506E-09;0.9999999;ОС-1:;состояние1_k-13.sig;1 дополнительное:;состояние2_k-32.sig;-0.1096487;-0.001611885;5.721801;43;0.1383373;86;3.635372;5.857893;774;5.583464
62;57006;55001;52002;1.425506E-09;0.9999999;ОС-1:;состояние1_k-13.sig;1 дополнительное:;состояние2_k-33.sig;-0.1096487;-0.001646123;5.721801;43;0.1641937;594;3.637564;5.880471;427;5.557607
62;57006;55001;52002;1.425506E-09;0.9999999;ОС-1:;состояние1_k-13.sig;1 дополнительное:;состояние2_k-34.sig;-0.1096487;-0.0007666966;5.721801;43;0.1666841;425;3.639123;5.887957;543;5.555117
62;57006;55001;52002;1.425506E-09;0.9999999;ОС-1:;состояние1_k-13.sig;1 дополнительное:;состояние2_k-35.sig;-0.1096487;0;5.721801;43;0.1460824;37;3.639079;5.867338;466;5.575718
62;57006;55001;52002;1.425506E-09;0.9999999;ОС-1:;состояние1_k-13.sig;1 дополнительное:;состояние2_k-36.sig;-0.1096487;5.933802E-06;5.721801;43;0.1052957;87;3.63704;5.824221;351;5.616505
62;57006;55001;52002;1.425506E-09;0.9999999;ОС-1:;состояние1_k-13.sig;1 дополнительное:;состояние2_k-37.sig;-0.1096487;-0.0002811784;5.721801;43;0.05089628;593;3.635399;5.772317;120;5.670905
62;57006;55001;52002;1.425506E-09;0.9999999;ОС-1:;состояние1_k-13.sig;1 дополнительное:;состояние2_k-38.sig;-0.1096487;-0.0001437591;5.721801;43;0.03416757;250;3.637184;5.754851;697;5.687633
62;57006;55001;52002;1.425506E-09;0.9999999;ОС-1:;состояние1_k-13.sig;1 дополнительное:;состояние2_k-39.sig;-0.1096487;0.0002426225;5.721801;43;0.09898428;776;3.61999;5.807422;274;5.622817
62;57006;55001;52002;1.425506E-09;0.9999999;ОС-1:;состояние1_k-13.sig;1 дополнительное:;состояние2_k-40.sig;-0.1096487;-1.575798E-08;5.721801;43;0.1661554;2;3.646882;5.873399;4;5.555645
62;57006;55001;52002;1.425506E-09;0.9999999;ОС-1:;состояние1_k-14.sig;1 дополнительное:;состояние2_k-21.sig;-0.03373276;0.008330147;5.093809;172;0.7884501;778;3.258435;5.875702;636;4.305358
62;57006;55001;52002;1.425506E-09;0.9999999;ОС-1:;состояние1_k-14.sig;1 дополнительное:;состояние2_k-22.sig;-0.03373276;0.00559364;5.093809;172;0.4442092;235;3.2399;5.528955;29;4.6496
62;57006;55001;52002;1.425506E-09;0.9999999;ОС-1:;состояние1_k-14.sig;1 дополнительное:;состояние2_k-23.sig;-0.03373276;0.0006234767;5.093809;172;0.2012949;303;3.226041;5.294473;672;4.892514
62;57006;55001;52002;1.425506E-09;0.9999999;ОС-1:;состояние1_k-14.sig;1 дополнительное:;состояние2_k-24.sig;-0.03373276;-0.0009249533;5.093809;172;0.1020665;27;3.22195;5.195046;172;4.991742
62;57006;55001;52002;1.425506E-09;0.9999999;ОС-1:;состояние1_k-14.sig;1 дополнительное:;состояние2_k-25.sig;-0.03373276;0;5.093809;172;0.1407878;15;3.224155;5.234135;315;4.953021
62;57006;55001;52002;1.425506E-09;0.9999999;ОС-1:;состояние1_k-14.sig;1 дополнительное:;состояние2_k-26.sig;-0.03373276;0.0004137554;5.093809;172;0.1649447;7;3.226207;5.244875;101;4.928864
62;57006;55001;52002;1.425506E-09;0.9999999;ОС-1:;состояние1_k-14.sig;1 дополнительное:;состояние2_k-27.sig;-0.03373276;-0.0002621125;5.093809;172;0.1489027;371;3.224592;5.241864;315;4.944906
62;57006;55001;52002;1.425506E-09;0.9999999;ОС-1:;состояние1_k-14.sig;1 дополнительное:;состояние2_k-28.sig;-0.03373276;-0.0006586598;5.093809;172;0.1022801;102;3.22273;5.192869;65;4.991529
62;57006;55001;52002;1.425506E-09;0.9999999;ОС-1:;состояние1_k-14.sig;1 дополнительное:;состояние2_k-29.sig;-0.03373276;-0.0002418316;5.093809;172;0.03845636;748;3.221753;5.130777;386;5.055352
62;57006;55001;52002;1.425506E-09;0.9999999;ОС-1:;состояние1_k-14.sig;1 дополнительное:;состояние2_k-30.sig;-0.03373276;0;5.093809;172;0.03023688;69;3.222247;5.122539;136;5.063572
62;57006;55001;52002;1.425506E-09;0.9999999;ОС-1:;состояние1_k-14.sig;1 дополнительное:;состояние2_k-31.sig;-0.03373276;-0.0006855652;5.093809;172;0.09181292;739;3.222422;5.185098;529;5.001996
62;57006;55001;52002;1.425506E-09;0.9999999;ОС-1:;состояние1_k-14.sig;1 дополнительное:;состояние2_k-32.sig;-0.03373276;-0.001611885;5.093809;172;0.1383373;86;3.220814;5.227532;493;4.955472
62;57006;55001;52002;1.425506E-09;0.9999999;ОС-1:;состояние1_k-14.sig;1 дополнительное:;состояние2_k-33.sig;-0.03373276;-0.001646123;5.093809;172;0.1641937;594;3.221016;5.255832;458;4.929615
62;57006;55001;52002;1.425506E-09;0.9999999;ОС-1:;состояние1_k-14.sig;1 дополнительное:;состояние2_k-34.sig;-0.03373276;-0.0007666966;5.093809;172;0.1666841;425;3.222519;5.25574;29;4.927125
62;57006;55001;52002;1.425506E-09;0.9999999;ОС-1:;состояние1_k-14.sig;1 дополнительное:;состояние2_k-35.sig;-0.03373276;0;5.093809;172;0.1460824;37;3.222817;5.238346;65;4.947726
62;57006;55001;52002;1.425506E-09;0.9999999;ОС-1:;состояние1_k-14.sig;1 дополнительное:;состояние2_k-36.sig;-0.03373276;5.933802E-06;5.093809;172;0.1052957;87;3.223197;5.195295;101;4.988513
62;57006;55001;52002;1.425506E-09;0.9999999;ОС-1:;состояние1_k-14.sig;1 дополнительное:;состояние2_k-37.sig;-0.03373276;-0.0002811784;5.093809;172;0.05089628;593;3.222225;5.142954;565;5.042912
62;57006;55001;52002;1.425506E-09;0.9999999;ОС-1:;состояние1_k-14.sig;1 дополнительное:;состояние2_k-38.sig;-0.03373276;-0.0001437591;5.093809;172;0.03416757;250;3.221602;5.1269;65;5.059641
62;57006;55001;52002;1.425506E-09;0.9999999;ОС-1:;состояние1_k-14.sig;1 дополнительное:;состояние2_k-39.sig;-0.03373276;0.0002426225;5.093809;172;0.09898428;776;3.22308;5.188142;136;4.994824
62;57006;55001;52002;1.425506E-09;0.9999999;ОС-1:;состояние1_k-14.sig;1 дополнительное:;состояние2_k-40.sig;-0.03373276;-1.575798E-08;5.093809;172;0.1661554;2;3.226728;5.26071;315;4.927653
62;57006;55001;52002;1.425506E-09;0.9999999;ОС-1:;состояние1_k-15.sig;1 дополнительное:;состояние2_k-21.sig;0;0.008330147;4.410833;84;0.7884501;778;2.836058;5.13121;418;3.622383
62;57006;55001;52002;1.425506E-09;0.9999999;ОС-1:;состояние1_k-15.sig;1 дополнительное:;состояние2_k-22.sig;0;0.00559364;4.410833;84;0.4442092;235;2.822717;4.850963;484;3.966624
62;57006;55001;52002;1.425506E-09;0.9999999;ОС-1:;состояние1_k-15.sig;1 дополнительное:;состояние2_k-23.sig;0;0.0006234767;4.410833;84;0.2012949;303;2.813333;4.607821;151;4.209538
62;57006;55001;52002;1.425506E-09;0.9999999;ОС-1:;состояние1_k-15.sig;1 дополнительное:;состояние2_k-24.sig;0;-0.0009249533;4.410833;84;0.1020665;27;2.808868;4.509522;317;4.308766
62;57006;55001;52002;1.425506E-09;0.9999999;ОС-1:;состояние1_k-15.sig;1 дополнительное:;состояние2_k-25.sig;0;0;4.410833;84;0.1407878;15;2.80864;4.523627;51;4.270045
62;57006;55001;52002;1.425506E-09;0.9999999;ОС-1:;состояние1_k-15.sig;1 дополнительное:;состояние2_k-26.sig;0;0.0004137554;4.410833;84;0.1649447;7;2.810232;4.575764;584;4.245888
62;57006;55001;52002;1.425506E-09;0.9999999;ОС-1:;состояние1_k-15.sig;1 дополнительное:;состояние2_k-27.sig;0;-0.0002621125;4.410833;84;0.1489027;371;2.810256;4.552881;184;4.26193
62;57006;55001;52002;1.425506E-09;0.9999999;ОС-1:;состояние1_k-15.sig;1 дополнительное:;состояние2_k-28.sig;0;-0.0006586598;4.410833;84;0.1022801;102;2.809196;4.513063;84;4.308553
62;57006;55001;52002;1.425506E-09;0.9999999;ОС-1:;состояние1_k-15.sig;1 дополнительное:;состояние2_k-29.sig;0;-0.0002418316;4.410833;84;0.03845636;748;2.808512;4.447925;284;4.372376
62;57006;55001;52002;1.425506E-09;0.9999999;ОС-1:;состояние1_k-15.sig;1 дополнительное:;состояние2_k-30.sig;0;0;4.410833;84;0.03023688;69;2.808446;4.43938;84;4.380596
62;57006;55001;52002;1.425506E-09;0.9999999;ОС-1:;состояние1_k-15.sig;1 дополнительное:;состояние2_k-31.sig;0;-0.0006855652;4.410833;84;0.09181292;739;2.808536;4.502601;384;4.31902
62;57006;55001;52002;1.425506E-09;0.9999999;ОС-1:;состояние1_k-15.sig;1 дополнительное:;состояние2_k-32.sig;0;-0.001611885;4.410833;84;0.1383373;86;2.809077;4.54874;117;4.272496
62;57006;55001;52002;1.425506E-09;0.9999999;ОС-1:;состояние1_k-15.sig;1 дополнительное:;состояние2_k-33.sig;0;-0.001646123;4.410833;84;0.1641937;594;2.809454;4.563871;217;4.246639
62;57006;55001;52002;1.425506E-09;0.9999999;ОС-1:;состояние1_k-15.sig;1 дополнительное:;состояние2_k-34.sig;0;-0.0007666966;4.410833;84;0.1666841;425;2.809417;4.574694;617;4.244149
62;57006;55001;52002;1.425506E-09;0.9999999;ОС-1:;состояние1_k-15.sig;1 дополнительное:;состояние2_k-35.sig;0;0;4.410833;84;0.1460824;37;2.810076;4.509624;83;4.26475
62;57006;55001;52002;1.425506E-09;0.9999999;ОС-1:;состояние1_k-15.sig;1 дополнительное:;состояние2_k-36.sig;0;5.933802E-06;4.410833;84;0.1052957;87;2.808189;4.51595;684;4.305537
62;57006;55001;52002;1.425506E-09;0.9999999;ОС-1:;состояние1_k-15.sig;1 дополнительное:;состояние2_k-37.sig;0;-0.0002811784;4.410833;84;0.05089628;593;2.808145;4.461464;417;4.359937
62;57006;55001;52002;1.425506E-09;0.9999999;ОС-1:;состояние1_k-15.sig;1 дополнительное:;состояние2_k-38.sig;0;-0.0001437591;4.410833;84;0.03416757;250;2.808783;4.444954;684;4.376665
62;57006;55001;52002;1.425506E-09;0.9999999;ОС-1:;состояние1_k-15.sig;1 дополнительное:;состояние2_k-39.sig;0;0.0002426225;4.410833;84;0.09898428;776;2.809218;4.495178;184;4.311849
62;57006;55001;52002;1.425506E-09;0.9999999;ОС-1:;состояние1_k-15.sig;1 дополнительное:;состояние2_k-40.sig;0;-1.575798E-08;4.410833;84;0.1661554;2;2.809177;4.562543;51;4.244678
62;57006;55001;52002;1.425506E-09;0.9999999;ОС-1:;состояние1_k-16.sig;1 дополнительное:;состояние2_k-21.sig;-0.01179114;0.008330147;3.706469;69;0.7884501;778;2.399473;4.489673;350;2.918019
62;57006;55001;52002;1.425506E-09;0.9999999;ОС-1:;состояние1_k-16.sig;1 дополнительное:;состояние2_k-22.sig;-0.01179114;0.00559364;3.706469;69;0.4442092;235;2.389007;4.147502;257;3.26226
62;57006;55001;52002;1.425506E-09;0.9999999;ОС-1:;состояние1_k-16.sig;1 дополнительное:;состояние2_k-23.sig;-0.01179114;0.0006234767;3.706469;69;0.2012949;303;2.38508;3.907591;194;3.505174
62;57006;55001;52002;1.425506E-09;0.9999999;ОС-1:;состояние1_k-16.sig;1 дополнительное:;состояние2_k-24.sig;-0.01179114;-0.0009249533;3.706469;69;0.1020665;27;2.379278;3.806706;7;3.604403
62;57006;55001;52002;1.425506E-09;0.9999999;ОС-1:;состояние1_k-16.sig;1 дополнительное:;состояние2_k-25.sig;-0.01179114;0;3.706469;69;0.1407878;15;2.376941;3.846355;194;3.565681
62;57006;55001;52002;1.425506E-09;0.9999999;ОС-1:;состояние1_k-16.sig;1 дополнительное:;состояние2_k-26.sig;-0.01179114;0.0004137554;3.706469;69;0.1649447;7;2.378158;3.870366;257;3.541524
62;57006;55001;52002;1.425506E-09;0.9999999;ОС-1:;состояние1_k-16.sig;1 дополнительное:;состояние2_k-27.sig;-0.01179114;-0.0002621125;3.706469;69;0.1489027;371;2.380221;3.855754;38;3.557566
62;57006;55001;52002;1.425506E-09;0.9999999;ОС-1:;состояние1_k-16.sig;1 дополнительное:;состояние2_k-28.sig;-0.01179114;-0.0006586598;3.706469;69;0.1022801;102;2.380112;3.801967;101;3.604189
62;57006;55001;52002;1.425506E-09;0.9999999;ОС-1:;состояние1_k-16.sig;1 дополнительное:;состояние2_k-29.sig;-0.01179114;-0.0002418316;3.706469;69;0.03845636;748;2.378143;3.744723;163;3.668013
62;57006;55001;52002;1.425506E-09;0.9999999;ОС-1:;состояние1_k-16.sig;1 дополнительное:;состояние2_k-30.sig;-0.01179114;0;3.706469;69;0.03023688;69;2.37746;3.736706;319;3.676232
62;57006;55001;52002;1.425506E-09;0.9999999;ОС-1:;состояние1_k-16.sig;1 дополнительное:;состояние2_k-31.sig;-0.01179114;-0.0006855652;3.706469;69;0.09181292;739;2.378209;3.798274;288;3.614656
62;57006;55001;52002;1.425506E-09;0.9999999;ОС-1:;состояние1_k-16.sig;1 дополнительное:;состояние2_k-32.sig;-0.01179114;-0.001611885;3.706469;69;0.1383373;86;2.379319;3.84116;7;3.568132
62;57006;55001;52002;1.425506E-09;0.9999999;ОС-1:;состояние1_k-16.sig;1 дополнительное:;состояние2_k-33.sig;-0.01179114;-0.001646123;3.706469;69;0.1641937;594;2.378033;3.869009;413;3.542275
62;57006;55001;52002;1.425506E-09;0.9999999;ОС-1:;состояние1_k-16.sig;1 дополнительное:;состояние2_k-34.sig;-0.01179114;-0.0007666966;3.706469;69;0.1666841;425;2.377304;3.867302;101;3.539785
62;57006;55001;52002;1.425506E-09;0.9999999;ОС-1:;состояние1_k-16.sig;1 дополнительное:;состояние2_k-35.sig;-0.01179114;0;3.706469;69;0.1460824;37;2.37745;3.852496;194;3.560387
62;57006;55001;52002;1.425506E-09;0.9999999;ОС-1:;состояние1_k-16.sig;1 дополнительное:;состояние2_k-36.sig;-0.01179114;5.933802E-06;3.706469;69;0.1052957;87;2.378493;3.806671;226;3.601173
62;57006;55001;52002;1.425506E-09;0.9999999;ОС-1:;состояние1_k-16.sig;1 дополнительное:;состояние2_k-37.sig;-0.01179114;-0.0002811784;3.706469;69;0.05089628;593;2.378139;3.757198;444;3.655573
62;57006;55001;52002;1.425506E-09;0.9999999;ОС-1:;состояние1_k-16.sig;1 дополнительное:;состояние2_k-38.sig;-0.01179114;-0.0001437591;3.706469;69;0.03416757;250;2.377367;3.739422;132;3.672302
62;57006;55001;52002;1.425506E-09;0.9999999;ОС-1:;состояние1_k-16.sig;1 дополнительное:;состояние2_k-39.sig;-0.01179114;0.0002426225;3.706469;69;0.09898428;776;2.377415;3.804235;507;3.607485
62;57006;55001;52002;1.425506E-09;0.9999999;ОС-1:;состояние1_k-16.sig;1 дополнительное:;состояние2_k-40.sig;-0.01179114;-1.575798E-08;3.706469;69;0.1661554;2;2.3786;3.857327;101;3.540314
62;57006;55001;52002;1.425506E-09;0.9999999;ОС-1:;состояние1_k-17.sig;1 дополнительное:;состояние2_k-21.sig;-0.03429081;0.008330147;3.011965;468;0.7884501;778;1.958788;3.798878;468;2.223515
62;57006;55001;52002;1.425506E-09;0.9999999;ОС-1:;состояние1_k-17.sig;1 дополнительное:;состояние2_k-22.sig;-0.03429081;0.00559364;3.011965;468;0.4442092;235;1.930473;3.452257;144;2.567756
62;57006;55001;52002;1.425506E-09;0.9999999;ОС-1:;состояние1_k-17.sig;1 дополнительное:;состояние2_k-23.sig;-0.03429081;0.0006234767;3.011965;468;0.2012949;303;1.927948;3.210841;86;2.81067
62;57006;55001;52002;1.425506E-09;0.9999999;ОС-1:;состояние1_k-17.sig;1 дополнительное:;состояние2_k-24.sig;-0.03429081;-0.0009249533;3.011965;468;0.1020665;27;1.925985;3.113532;27;2.909899
62;57006;55001;52002;1.425506E-09;0.9999999;ОС-1:;состояние1_k-17.sig;1 дополнительное:;состояние2_k-25.sig;-0.03429081;0;3.011965;468;0.1407878;15;1.92197;3.152681;115;2.871177
62;57006;55001;52002;1.425506E-09;0.9999999;ОС-1:;состояние1_k-17.sig;1 дополнительное:;состояние2_k-26.sig;-0.03429081;0.0004137554;3.011965;468;0.1649447;7;1.921012;3.1751;527;2.847021
62;57006;55001;52002;1.425506E-09;0.9999999;ОС-1:;состояние1_k-17.sig;1 дополнительное:;состояние2_k-27.sig;-0.03429081;-0.0002621125;3.011965;468;0.1489027;371;1.92309;3.159811;56;2.863063
62;57006;55001;52002;1.425506E-09;0.9999999;ОС-1:;состояние1_k-17.sig;1 дополнительное:;состояние2_k-28.sig;-0.03429081;-0.0006586598;3.011965;468;0.1022801;102;1.924289;3.113584;674;2.909685
62;57006;55001;52002;1.425506E-09;0.9999999;ОС-1:;состояние1_k-17.sig;1 дополнительное:;состояние2_k-29.sig;-0.03429081;-0.0002418316;3.011965;468;0.03845636;748;1.923095;3.046788;350;2.973509
62;57006;55001;52002;1.425506E-09;0.9999999;ОС-1:;состояние1_k-17.sig;1 дополнительное:;состояние2_k-30.sig;-0.03429081;0;3.011965;468;0.03023688;69;1.921502;3.040504;203;2.981728
62;57006;55001;52002;1.425506E-09;0.9999999;ОС-1:;состояние1_k-17.sig;1 дополнительное:;состояние2_k-31.sig;-0.03429081;-0.0006855652;3.011965;468;0.09181292;739;1.922472;3.103158;174;2.920152
62;57006;55001;52002;1.425506E-09;0.9999999;ОС-1:;состояние1_k-17.sig;1 дополнительное:;состояние2_k-32.sig;-0.03429081;-0.001611885;3.011965;468;0.1383373;86;1.923535;3.148233;86;2.873628
62;57006;55001;52002;1.425506E-09;0.9999999;ОС-1:;состояние1_k-17.sig;1 дополнительное:;состояние2_k-33.sig;-0.03429081;-0.001646123;3.011965;468;0.1641937;594;1.923371;3.17583;321;2.847772
62;57006;55001;52002;1.425506E-09;0.9999999;ОС-1:;состояние1_k-17.sig;1 дополнительное:;состояние2_k-34.sig;-0.03429081;-0.0007666966;3.011965;468;0.1666841;425;1.924142;3.174938;527;2.845281
62;57006;55001;52002;1.425506E-09;0.9999999;ОС-1:;состояние1_k-17.sig;1 дополнительное:;состояние2_k-35.sig;-0.03429081;0;3.011965;468;0.1460824;37;1.921469;3.157055;380;2.865883
62;57006;55001;52002;1.425506E-09;0.9999999;ОС-1:;состояние1_k-17.sig;1 дополнительное:;состояние2_k-36.sig;-0.03429081;5.933802E-06;3.011965;468;0.1052957;87;1.921498;3.117102;615;2.90667
62;57006;55001;52002;1.425506E-09;0.9999999;ОС-1:;состояние1_k-17.sig;1 дополнительное:;состояние2_k-37.sig;-0.03429081;-0.0002811784;3.011965;468;0.05089628;593;1.922549;3.062639;174;2.961069
62;57006;55001;52002;1.425506E-09;0.9999999;ОС-1:;состояние1_k-17.sig;1 дополнительное:;состояние2_k-38.sig;-0.03429081;-0.0001437591;3.011965;468;0.03416757;250;1.922004;3.045187;527;2.977798
62;57006;55001;52002;1.425506E-09;0.9999999;ОС-1:;состояние1_k-17.sig;1 дополнительное:;состояние2_k-39.sig;-0.03429081;0.0002426225;3.011965;468;0.09898428;776;1.921092;3.109762;174;2.912981
62;57006;55001;52002;1.425506E-09;0.9999999;ОС-1:;состояние1_k-17.sig;1 дополнительное:;состояние2_k-40.sig;-0.03429081;-1.575798E-08;3.011965;468;0.1661554;2;1.921116;3.179256;115;2.84581
62;57006;55001;52002;1.425506E-09;0.9999999;ОС-1:;состояние1_k-18.sig;1 дополнительное:;состояние2_k-21.sig;-0.03745165;0.008330147;2.352739;378;0.7884501;778;1.571176;3.138041;350;1.564289
62;57006;55001;52002;1.425506E-09;0.9999999;ОС-1:;состояние1_k-18.sig;1 дополнительное:;состояние2_k-22.sig;-0.03745165;0.00559364;2.352739;378;0.4442092;235;1.513941;2.790421;212;1.90853
62;57006;55001;52002;1.425506E-09;0.9999999;ОС-1:;состояние1_k-18.sig;1 дополнительное:;состояние2_k-23.sig;-0.03745165;0.0006234767;2.352739;378;0.2012949;303;1.501308;2.551633;128;2.151444
62;57006;55001;52002;1.425506E-09;0.9999999;ОС-1:;состояние1_k-18.sig;1 дополнительное:;состояние2_k-24.sig;-0.03745165;-0.0009249533;2.352739;378;0.1020665;27;1.500577;2.444094;45;2.250673
62;57006;55001;52002;1.425506E-09;0.9999999;ОС-1:;состояние1_k-18.sig;1 дополнительное:;состояние2_k-25.sig;-0.03745165;0;2.352739;378;0.1407878;15;1.498984;2.49207;295;2.211951
62;57006;55001;52002;1.425506E-09;0.9999999;ОС-1:;состояние1_k-18.sig;1 дополнительное:;состояние2_k-26.sig;-0.03745165;0.0004137554;2.352739;378;0.1649447;7;1.497332;2.514089;239;2.187795
62;57006;55001;52002;1.425506E-09;0.9999999;ОС-1:;состояние1_k-18.sig;1 дополнительное:;состояние2_k-27.sig;-0.03745165;-0.0002621125;2.352739;378;0.1489027;371;1.497864;2.492464;295;2.203837
62;57006;55001;52002;1.425506E-09;0.9999999;ОС-1:;состояние1_k-18.sig;1 дополнительное:;состояние2_k-28.sig;-0.03745165;-0.0006586598;2.352739;378;0.1022801;102;1.498535;2.45418;156;2.250459
62;57006;55001;52002;1.425506E-09;0.9999999;ОС-1:;состояние1_k-18.sig;1 дополнительное:;состояние2_k-29.sig;-0.03745165;-0.0002418316;2.352739;378;0.03845636;748;1.498316;2.390937;128;2.314283
62;57006;55001;52002;1.425506E-09;0.9999999;ОС-1:;состояние1_k-18.sig;1 дополнительное:;состояние2_k-30.sig;-0.03745165;0;2.352739;378;0.03023688;69;1.497153;2.377343;239;2.322502
62;57006;55001;52002;1.425506E-09;0.9999999;ОС-1:;состояние1_k-18.sig;1 дополнительное:;состояние2_k-31.sig;-0.03745165;-0.0006855652;2.352739;378;0.09181292;739;1.4969;2.444295;739;2.260926
62;57006;55001;52002;1.425506E-09;0.9999999;ОС-1:;состояние1_k-18.sig;1 дополнительное:;состояние2_k-32.sig;-0.03745165;-0.001611885;2.352739;378;0.1383373;86;1.497426;2.489189;461;2.214402
62;57006;55001;52002;1.425506E-09;0.9999999;ОС-1:;состояние1_k-18.sig;1 дополнительное:;состояние2_k-33.sig;-0.03745165;-0.001646123;2.352739;378;0.1641937;594;1.498618;2.512794;489;2.188546
62;57006;55001;52002;1.425506E-09;0.9999999;ОС-1:;состояние1_k-18.sig;1 дополнительное:;состояние2_k-34.sig;-0.03745165;-0.0007666966;2.352739;378;0.1666841;425;1.498962;2.516162;72;2.186055
62;57006;55001;52002;1.425506E-09;0.9999999;ОС-1:;состояние1_k-18.sig;1 дополнительное:;состояние2_k-35.sig;-0.03745165;0;2.352739;378;0.1460824;37;1.498076;2.494677;295;2.206657
62;57006;55001;52002;1.425506E-09;0.9999999;ОС-1:;состояние1_k-18.sig;1 дополнительное:;состояние2_k-36.sig;-0.03745165;5.933802E-06;2.352739;378;0.1052957;87;1.498483;2.456977;267;2.247444
62;57006;55001;52002;1.425506E-09;0.9999999;ОС-1:;состояние1_k-18.sig;1 дополнительное:;состояние2_k-37.sig;-0.03745165;-0.0002811784;2.352739;378;0.05089628;593;1.497512;2.402666;350;2.301843
62;57006;55001;52002;1.425506E-09;0.9999999;ОС-1:;состояние1_k-18.sig;1 дополнительное:;состояние2_k-38.sig;-0.03745165;-0.0001437591;2.352739;378;0.03416757;250;1.497525;2.384807;211;2.318572
62;57006;55001;52002;1.425506E-09;0.9999999;ОС-1:;состояние1_k-18.sig;1 дополнительное:;состояние2_k-39.sig;-0.03745165;0.0002426225;2.352739;378;0.09898428;776;1.497488;2.450808;378;2.253755
62;57006;55001;52002;1.425506E-09;0.9999999;ОС-1:;состояние1_k-18.sig;1 дополнительное:;состояние2_k-40.sig;-0.03745165;-1.575798E-08;2.352739;378;0.1661554;2;1.498067;2.518669;128;2.186584
62;57006;55001;52002;1.425506E-09;0.9999999;ОС-1:;состояние1_k-19.sig;1 дополнительное:;состояние2_k-21.sig;-0.02001001;0.008330147;1.751936;508;0.7884501;778;1.248508;2.538458;87;0.963486
62;57006;55001;52002;1.425506E-09;0.9999999;ОС-1:;состояние1_k-19.sig;1 дополнительное:;состояние2_k-22.sig;-0.02001001;0.00559364;1.751936;508;0.4442092;235;1.155332;2.195787;8;1.307727
62;57006;55001;52002;1.425506E-09;0.9999999;ОС-1:;состояние1_k-19.sig;1 дополнительное:;состояние2_k-23.sig;-0.02001001;0.0006234767;1.751936;508;0.2012949;303;1.12381;1.951709;455;1.550641
62;57006;55001;52002;1.425506E-09;0.9999999;ОС-1:;состояние1_k-19.sig;1 дополнительное:;состояние2_k-24.sig;-0.02001001;-0.0009249533;1.751936;508;0.1020665;27;1.121331;1.850659;297;1.64987
62;57006;55001;52002;1.425506E-09;0.9999999;ОС-1:;состояние1_k-19.sig;1 дополнительное:;состояние2_k-25.sig;-0.02001001;0;1.751936;508;0.1407878;15;1.123652;1.890768;34;1.611148
62;57006;55001;52002;1.425506E-09;0.9999999;ОС-1:;состояние1_k-19.sig;1 дополнительное:;состояние2_k-26.sig;-0.02001001;0.0004137554;1.751936;508;0.1649447;7;1.122424;1.914673;8;1.586991
62;57006;55001;52002;1.425506E-09;0.9999999;ОС-1:;состояние1_k-19.sig;1 дополнительное:;состояние2_k-27.sig;-0.02001001;-0.0002621125;1.751936;508;0.1489027;371;1.120584;1.899386;482;1.603033
62;57006;55001;52002;1.425506E-09;0.9999999;ОС-1:;состояние1_k-19.sig;1 дополнительное:;состояние2_k-28.sig;-0.02001001;-0.0006586598;1.751936;508;0.1022801;102;1.120324;1.853794;745;1.649656
62;57006;55001;52002;1.425506E-09;0.9999999;ОС-1:;состояние1_k-19.sig;1 дополнительное:;состояние2_k-29.sig;-0.02001001;-0.0002418316;1.751936;508;0.03845636;748;1.120776;1.788921;455;1.71348
62;57006;55001;52002;1.425506E-09;0.9999999;ОС-1:;состояние1_k-19.sig;1 дополнительное:;состояние2_k-30.sig;-0.02001001;0;1.751936;508;0.03023688;69;1.120253;1.781326;87;1.721699
62;57006;55001;52002;1.425506E-09;0.9999999;ОС-1:;состояние1_k-19.sig;1 дополнительное:;состояние2_k-31.sig;-0.02001001;-0.0006855652;1.751936;508;0.09181292;739;1.119702;1.841247;61;1.660123
62;57006;55001;52002;1.425506E-09;0.9999999;ОС-1:;состояние1_k-19.sig;1 дополнительное:;состояние2_k-32.sig;-0.02001001;-0.001611885;1.751936;508;0.1383373;86;1.119981;1.890296;508;1.613599
62;57006;55001;52002;1.425506E-09;0.9999999;ОС-1:;состояние1_k-19.sig;1 дополнительное:;состояние2_k-33.sig;-0.02001001;-0.001646123;1.751936;508;0.1641937;594;1.12141;1.914752;245;1.587742
62;57006;55001;52002;1.425506E-09;0.9999999;ОС-1:;состояние1_k-19.sig;1 дополнительное:;состояние2_k-34.sig;-0.02001001;-0.0007666966;1.751936;508;0.1666841;425;1.122264;1.918307;87;1.585252
62;57006;55001;52002;1.425506E-09;0.9999999;ОС-1:;состояние1_k-19.sig;1 дополнительное:;состояние2_k-35.sig;-0.02001001;0;1.751936;508;0.1460824;37;1.121738;1.897421;8;1.605854
62;57006;55001;52002;1.425506E-09;0.9999999;ОС-1:;состояние1_k-19.sig;1 дополнительное:;состояние2_k-36.sig;-0.02001001;5.933802E-06;1.751936;508;0.1052957;87;1.120991;1.857166;587;1.64664
62;57006;55001;52002;1.425506E-09;0.9999999;ОС-1:;состояние1_k-19.sig;1 дополнительное:;состояние2_k-37.sig;-0.02001001;-0.0002811784;1.751936;508;0.05089628;593;1.120241;1.800038;376;1.70104
62;57006;55001;52002;1.425506E-09;0.9999999;ОС-1:;состояние1_k-19.sig;1 дополнительное:;состояние2_k-38.sig;-0.02001001;-0.0001437591;1.751936;508;0.03416757;250;1.120531;1.764218;482;1.717769
62;57006;55001;52002;1.425506E-09;0.9999999;ОС-1:;состояние1_k-19.sig;1 дополнительное:;состояние2_k-39.sig;-0.02001001;0.0002426225;1.751936;508;0.09898428;776;1.121098;1.84877;455;1.652952
62;57006;55001;52002;1.425506E-09;0.9999999;ОС-1:;состояние1_k-19.sig;1 дополнительное:;состояние2_k-40.sig;-0.02001001;-1.575798E-08;1.751936;508;0.1661554;2;1.121395;1.916832;140;1.585781
62;57006;55001;52002;1.425506E-09;0.9999999;ОС-1:;состояние1_k-20.sig;1 дополнительное:;состояние2_k-21.sig;0;0.008330147;1.226392;25;0.7884501;778;0.9817778;2.012581;350;0.4379418
62;57006;55001;52002;1.425506E-09;0.9999999;ОС-1:;состояние1_k-20.sig;1 дополнительное:;состояние2_k-22.sig;0;0.00559364;1.226392;25;0.4442092;235;0.8459151;1.667242;75;0.7821827
62;57006;55001;52002;1.425506E-09;0.9999999;ОС-1:;состояние1_k-20.sig;1 дополнительное:;состояние2_k-23.sig;0;0.0006234767;1.226392;25;0.2012949;303;0.7889899;1.427526;325;1.025097
62;57006;55001;52002;1.425506E-09;0.9999999;ОС-1:;состояние1_k-20.sig;1 дополнительное:;состояние2_k-24.sig;0;-0.0009249533;1.226392;25;0.1020665;27;0.7780931;1.323794;150;1.124325
62;57006;55001;52002;1.425506E-09;0.9999999;ОС-1:;состояние1_k-20.sig;1 дополнительное:;состояние2_k-25.sig;0;0;1.226392;25;0.1407878;15;0.7834405;1.36718;75;1.085604
62;57006;55001;52002;1.425506E-09;0.9999999;ОС-1:;состояние1_k-20.sig;1 дополнительное:;состояние2_k-26.sig;0;0.0004137554;1.226392;25;0.1649447;7;0.7855766;1.390275;200;1.061447
62;57006;55001;52002;1.425506E-09;0.9999999;ОС-1:;состояние1_k-20.sig;1 дополнительное:;состояние2_k-27.sig;0;-0.0002621125;1.226392;25;0.1489027;371;0.7827965;1.375082;575;1.077489
62;57006;55001;52002;1.425506E-09;0.9999999;ОС-1:;состояние1_k-20.sig;1 дополнительное:;состояние2_k-28.sig;0;-0.0006586598;1.226392;25;0.1022801;102;0.7801717;1.322169;100;1.124112
62;57006;55001;52002;1.425506E-09;0.9999999;ОС-1:;состояние1_k-20.sig;1 дополнительное:;состояние2_k-29.sig;0;-0.0002418316;1.226392;25;0.03845636;748;0.7806194;1.264817;300;1.187936
62;57006;55001;52002;1.425506E-09;0.9999999;ОС-1:;состояние1_k-20.sig;1 дополнительное:;состояние2_k-30.sig;0;0;1.226392;25;0.03023688;69;0.7812594;1.253462;0;1.196155
62;57006;55001;52002;1.425506E-09;0.9999999;ОС-1:;состояние1_k-20.sig;1 дополнительное:;состояние2_k-31.sig;0;-0.0006855652;1.226392;25;0.09181292;739;0.7803448;1.31774;175;1.134579
62;57006;55001;52002;1.425506E-09;0.9999999;ОС-1:;состояние1_k-20.sig;1 дополнительное:;состояние2_k-32.sig;0;-0.001611885;1.226392;25;0.1383373;86;0.7799399;1.35927;150;1.088055
62;57006;55001;52002;1.425506E-09;0.9999999;ОС-1:;состояние1_k-20.sig;1 дополнительное:;состояние2_k-33.sig;0;-0.001646123;1.226392;25;0.1641937;594;0.781003;1.390568;200;1.062198
62;57006;55001;52002;1.425506E-09;0.9999999;ОС-1:;состояние1_k-20.sig;1 дополнительное:;состояние2_k-34.sig;0;-0.0007666966;1.226392;25;0.1666841;425;0.7829816;1.393076;175;1.059708
62;57006;55001;52002;1.425506E-09;0.9999999;ОС-1:;состояние1_k-20.sig;1 дополнительное:;состояние2_k-35.sig;0;0;1.226392;25;0.1460824;37;0.7838494;1.366824;150;1.08031
62;57006;55001;52002;1.425506E-09;0.9999999;ОС-1:;состояние1_k-20.sig;1 дополнительное:;состояние2_k-36.sig;0;5.933802E-06;1.226392;25;0.1052957;87;0.7819937;1.323253;74;1.121096
62;57006;55001;52002;1.425506E-09;0.9999999;ОС-1:;состояние1_k-20.sig;1 дополнительное:;состояние2_k-37.sig;0;-0.0002811784;1.226392;25;0.05089628;593;0.7806385;1.277205;350;1.175496
62;57006;55001;52002;1.425506E-09;0.9999999;ОС-1:;состояние1_k-20.sig;1 дополнительное:;состояние2_k-38.sig;0;-0.0001437591;1.226392;25;0.03416757;250;0.7810084;1.260559;250;1.192224
62;57006;55001;52002;1.425506E-09;0.9999999;ОС-1:;состояние1_k-20.sig;1 дополнительное:;состояние2_k-39.sig;0;0.0002426225;1.226392;25;0.09898428;776;0.7827211;1.325125;225;1.127408
62;57006;55001;52002;1.425506E-09;0.9999999;ОС-1:;состояние1_k-20.sig;1 дополнительное:;состояние2_k-40.sig;0;-1.575798E-08;1.226392;25;0.1661554;2;0.7858874;1.369487;1;1.060236
62;59007;55001;57006;1.602748E-09;0.9999998;ОС-1:;состояние1_k-1.sig;1 дополнительное:;состояние2_k-21.sig;0.2824999;0.008312883;1.266824;351;0.7867885;778;0.8332627;2.0409;373;0.4800355
62;59007;55001;57006;1.602748E-09;0.9999998;ОС-1:;состояние1_k-1.sig;1 дополнительное:;состояние2_k-22.sig;0.2824999;0.005568013;1.266824;351;0.4424888;235;0.762256;1.708601;349;0.8243352
62;59007;55001;57006;1.602748E-09;0.9999998;ОС-1:;состояние1_k-1.sig;1 дополнительное:;состояние2_k-23.sig;0.2824999;0.0006019263;1.266824;351;0.1997794;216;0.7328324;1.459137;368;1.067045
62;59007;55001;57006;1.602748E-09;0.9999998;ОС-1:;состояние1_k-1.sig;1 дополнительное:;состояние2_k-24.sig;0.2824999;-0.000934307;1.266824;351;0.1023483;27;0.7260141;1.365851;340;1.164476
62;59007;55001;57006;1.602748E-09;0.9999998;ОС-1:;состояние1_k-1.sig;1 дополнительное:;состояние2_k-25.sig;0.2824999;0;1.266824;351;0.1423613;15;0.7299205;1.40874;355;1.124463
62;59007;55001;57006;1.602748E-09;0.9999998;ОС-1:;состояние1_k-1.sig;1 дополнительное:;состояние2_k-26.sig;0.2824999;0.0004118855;1.266824;351;0.166781;7;0.7302084;1.426551;334;1.100043
62;59007;55001;57006;1.602748E-09;0.9999998;ОС-1:;состояние1_k-1.sig;1 дополнительное:;состояние2_k-27.sig;0.2824999;-0.0002744918;1.266824;351;0.1507853;408;0.728399;1.417159;352;1.116039
62;59007;55001;57006;1.602748E-09;0.9999998;ОС-1:;состояние1_k-1.sig;1 дополнительное:;состояние2_k-28.sig;0.2824999;-0.0006786088;1.266824;351;0.104165;102;0.7267731;1.363925;334;1.162659
62;59007;55001;57006;1.602748E-09;0.9999998;ОС-1:;состояние1_k-1.sig;1 дополнительное:;состояние2_k-29.sig;0.2824999;-0.0002569934;1.266824;351;0.04036027;679;0.7264506;1.307071;351;1.226464
62;59007;55001;57006;1.602748E-09;0.9999998;ОС-1:;состояние1_k-1.sig;1 дополнительное:;состояние2_k-30.sig;0.2824999;0;1.266824;351;0.02858178;36;0.7258167;1.295225;353;1.238242
62;59007;55001;57006;1.602748E-09;0.9999998;ОС-1:;состояние1_k-1.sig;1 дополнительное:;состояние2_k-31.sig;0.2824999;-0.0006712501;1.266824;351;0.09007298;481;0.7272338;1.351397;336;1.176751
62;59007;55001;57006;1.602748E-09;0.9999998;ОС-1:;состояние1_k-1.sig;1 дополнительное:;состояние2_k-32.sig;0.2824999;-0.001593875;1.266824;351;0.1365702;55;0.7268053;1.403237;352;1.130254
62;59007;55001;57006;1.602748E-09;0.9999998;ОС-1:;состояние1_k-1.sig;1 дополнительное:;состояние2_k-33.sig;0.2824999;-0.001634941;1.266824;351;0.1623984;291;0.7283854;1.423503;337;1.104426
62;59007;55001;57006;1.602748E-09;0.9999998;ОС-1:;состояние1_k-1.sig;1 дополнительное:;состояние2_k-34.sig;0.2824999;-0.0007643613;1.266824;351;0.1648192;425;0.7291641;1.430761;351;1.102005
62;59007;55001;57006;1.602748E-09;0.9999998;ОС-1:;состояние1_k-1.sig;1 дополнительное:;состояние2_k-35.sig;0.2824999;0;1.266824;351;0.1441025;37;0.7288787;1.406185;337;1.122722
62;59007;55001;57006;1.602748E-09;0.9999998;ОС-1:;состояние1_k-1.sig;1 дополнительное:;состояние2_k-36.sig;0.2824999;1.1744E-05;1.266824;351;0.1031453;226;0.727182;1.369969;351;1.163679
62;59007;55001;57006;1.602748E-09;0.9999998;ОС-1:;состояние1_k-1.sig;1 дополнительное:;состояние2_k-37.sig;0.2824999;-0.0002667819;1.266824;351;0.04850747;593;0.7246847;1.311495;363;1.218317
62;59007;55001;57006;1.602748E-09;0.9999998;ОС-1:;состояние1_k-1.sig;1 дополнительное:;состояние2_k-38.sig;0.2824999;-0.0001254382;1.266824;351;0.03495043;355;0.7256446;1.299821;342;1.231874
62;59007;55001;57006;1.602748E-09;0.9999998;ОС-1:;состояние1_k-1.sig;1 дополнительное:;состояние2_k-39.sig;0.2824999;0.0002557912;1.266824;351;0.1010371;699;0.7271804;1.367674;353;1.165787
62;59007;55001;57006;1.602748E-09;0.9999998;ОС-1:;состояние1_k-1.sig;1 дополнительное:;состояние2_k-40.sig;0.2824999;-6.631017E-09;1.266824;351;0.1686457;2;0.7301852;1.433657;340;1.098178
62;59007;55001;57006;1.602748E-09;0.9999998;ОС-1:;состояние1_k-2.sig;1 дополнительное:;состояние2_k-21.sig;0.3855519;0.008312883;2.490106;101;0.7867885;778;1.606117;3.275039;349;1.703318
62;59007;55001;57006;1.602748E-09;0.9999998;ОС-1:;состояние1_k-2.sig;1 дополнительное:;состояние2_k-22.sig;0.3855519;0.005568013;2.490106;101;0.4424888;235;1.596144;2.85272;120;2.047617
62;59007;55001;57006;1.602748E-09;0.9999998;ОС-1:;состояние1_k-2.sig;1 дополнительное:;состояние2_k-23.sig;0.3855519;0.0006019263;2.490106;101;0.1997794;216;1.576343;2.686408;347;2.290327
62;59007;55001;57006;1.602748E-09;0.9999998;ОС-1:;состояние1_k-2.sig;1 дополнительное:;состояние2_k-24.sig;0.3855519;-0.000934307;2.490106;101;0.1023483;27;1.57637;2.57745;359;2.387758
62;59007;55001;57006;1.602748E-09;0.9999998;ОС-1:;состояние1_k-2.sig;1 дополнительное:;состояние2_k-25.sig;0.3855519;0;2.490106;101;0.1423613;15;1.573087;2.625926;595;2.347745
62;59007;55001;57006;1.602748E-09;0.9999998;ОС-1:;состояние1_k-2.sig;1 дополнительное:;состояние2_k-26.sig;0.3855519;0.0004118855;2.490106;101;0.166781;7;1.579524;2.655891;103;2.323325
62;59007;55001;57006;1.602748E-09;0.9999998;ОС-1:;состояние1_k-2.sig;1 дополнительное:;состояние2_k-27.sig;0.3855519;-0.0002744918;2.490106;101;0.1507853;408;1.573351;2.630421;94;2.339321
62;59007;55001;57006;1.602748E-09;0.9999998;ОС-1:;состояние1_k-2.sig;1 дополнительное:;состояние2_k-28.sig;0.3855519;-0.0006786088;2.490106;101;0.104165;102;1.575423;2.593986;352;2.385941
62;59007;55001;57006;1.602748E-09;0.9999998;ОС-1:;состояние1_k-2.sig;1 дополнительное:;состояние2_k-29.sig;0.3855519;-0.0002569934;2.490106;101;0.04036027;679;1.574872;2.520699;595;2.449746
62;59007;55001;57006;1.602748E-09;0.9999998;ОС-1:;состояние1_k-2.sig;1 дополнительное:;состояние2_k-30.sig;0.3855519;0;2.490106;101;0.02858178;36;1.575013;2.488145;90;2.461524
62;59007;55001;57006;1.602748E-09;0.9999998;ОС-1:;состояние1_k-2.sig;1 дополнительное:;состояние2_k-31.sig;0.3855519;-0.0006712501;2.490106;101;0.09007298;481;1.573651;2.579892;352;2.400033
62;59007;55001;57006;1.602748E-09;0.9999998;ОС-1:;состояние1_k-2.sig;1 дополнительное:;состояние2_k-32.sig;0.3855519;-0.001593875;2.490106;101;0.1365702;55;1.575828;2.626271;102;2.353536
62;59007;55001;57006;1.602748E-09;0.9999998;ОС-1:;состояние1_k-2.sig;1 дополнительное:;состояние2_k-33.sig;0.3855519;-0.001634941;2.490106;101;0.1623984;291;1.576349;2.651721;352;2.327708
62;59007;55001;57006;1.602748E-09;0.9999998;ОС-1:;состояние1_k-2.sig;1 дополнительное:;состояние2_k-34.sig;0.3855519;-0.0007643613;2.490106;101;0.1648192;425;1.568087;2.617546;87;2.325287
62;59007;55001;57006;1.602748E-09;0.9999998;ОС-1:;состояние1_k-2.sig;1 дополнительное:;состояние2_k-35.sig;0.3855519;0;2.490106;101;0.1441025;37;1.57515;2.633886;351;2.346004
62;59007;55001;57006;1.602748E-09;0.9999998;ОС-1:;состояние1_k-2.sig;1 дополнительное:;состояние2_k-36.sig;0.3855519;1.1744E-05;2.490106;101;0.1031453;226;1.574386;2.593251;101;2.386961
62;59007;55001;57006;1.602748E-09;0.9999998;ОС-1:;состояние1_k-2.sig;1 дополнительное:;состояние2_k-37.sig;0.3855519;-0.0002667819;2.490106;101;0.04850747;593;1.573764;2.538435;350;2.441599
62;59007;55001;57006;1.602748E-09;0.9999998;ОС-1:;состояние1_k-2.sig;1 дополнительное:;состояние2_k-38.sig;0.3855519;-0.0001254382;2.490106;101;0.03495043;355;1.573597;2.522053;104;2.455156
62;59007;55001;57006;1.602748E-09;0.9999998;ОС-1:;состояние1_k-2.sig;1 дополнительное:;состояние2_k-39.sig;0.3855519;0.0002557912;2.490106;101;0.1010371;699;1.575075;2.587418;97;2.389069
62;59007;55001;57006;1.602748E-09;0.9999998;ОС-1:;состояние1_k-2.sig;1 дополнительное:;состояние2_k-40.sig;0.3855519;-6.631017E-09;2.490106;101;0.1686457;2;1.575765;2.658467;352;2.32146
62;59007;55001;57006;1.602748E-09;0.9999998;ОС-1:;состояние1_k-3.sig;1 дополнительное:;состояние2_k-21.sig;0.2778111;0.008312883;3.628436;684;0.7867885;778;2.358216;4.121389;38;2.841648
62;59007;55001;57006;1.602748E-09;0.9999998;ОС-1:;состояние1_k-3.sig;1 дополнительное:;состояние2_k-22.sig;0.2778111;0.005568013;3.628436;684;0.4424888;235;2.290412;4.068278;349;3.185948
62;59007;55001;57006;1.602748E-09;0.9999998;ОС-1:;состояние1_k-3.sig;1 дополнительное:;состояние2_k-23.sig;0.2778111;0.0006019263;3.628436;684;0.1997794;216;2.29104;3.82375;20;3.428657
62;59007;55001;57006;1.602748E-09;0.9999998;ОС-1:;состояние1_k-3.sig;1 дополнительное:;состояние2_k-24.sig;0.2778111;-0.000934307;3.628436;684;0.1023483;27;2.290181;3.694046;190;3.526088
62;59007;55001;57006;1.602748E-09;0.9999998;ОС-1:;состояние1_k-3.sig;1 дополнительное:;состояние2_k-25.sig;0.2778111;0;3.628436;684;0.1423613;15;2.287459;3.763344;354;3.486075
62;59007;55001;57006;1.602748E-09;0.9999998;ОС-1:;состояние1_k-3.sig;1 дополнительное:;состояние2_k-26.sig;0.2778111;0.0004118855;3.628436;684;0.166781;7;2.2857;3.787001;681;3.461655
62;59007;55001;57006;1.602748E-09;0.9999998;ОС-1:;состояние1_k-3.sig;1 дополнительное:;состояние2_k-27.sig;0.2778111;-0.0002744918;3.628436;684;0.1507853;408;2.298103;3.77784;352;3.477651
62;59007;55001;57006;1.602748E-09;0.9999998;ОС-1:;состояние1_k-3.sig;1 дополнительное:;состояние2_k-28.sig;0.2778111;-0.0006786088;3.628436;684;0.104165;102;2.287589;3.722352;14;3.524271
62;59007;55001;57006;1.602748E-09;0.9999998;ОС-1:;состояние1_k-3.sig;1 дополнительное:;состояние2_k-29.sig;0.2778111;-0.0002569934;3.628436;684;0.04036027;679;2.288004;3.668657;351;3.588076
62;59007;55001;57006;1.602748E-09;0.9999998;ОС-1:;состояние1_k-3.sig;1 дополнительное:;состояние2_k-30.sig;0.2778111;0;3.628436;684;0.02858178;36;2.287981;3.656006;685;3.599854
62;59007;55001;57006;1.602748E-09;0.9999998;ОС-1:;состояние1_k-3.sig;1 дополнительное:;состояние2_k-31.sig;0.2778111;-0.0006712501;3.628436;684;0.09007298;481;2.287818;3.70996;14;3.538363
62;59007;55001;57006;1.602748E-09;0.9999998;ОС-1:;состояние1_k-3.sig;1 дополнительное:;состояние2_k-32.sig;0.2778111;-0.001593875;3.628436;684;0.1365702;55;2.287714;3.763918;352;3.491866
62;59007;55001;57006;1.602748E-09;0.9999998;ОС-1:;состояние1_k-3.sig;1 дополнительное:;состояние2_k-33.sig;0.2778111;-0.001634941;3.628436;684;0.1623984;291;2.297386;3.680269;172;3.466038
62;59007;55001;57006;1.602748E-09;0.9999998;ОС-1:;состояние1_k-3.sig;1 дополнительное:;состояние2_k-34.sig;0.2778111;-0.0007643613;3.628436;684;0.1648192;425;2.286508;3.792347;351;3.463617
62;59007;55001;57006;1.602748E-09;0.9999998;ОС-1:;состояние1_k-3.sig;1 дополнительное:;состояние2_k-35.sig;0.2778111;0;3.628436;684;0.1441025;37;2.286202;3.761963;181;3.484334
62;59007;55001;57006;1.602748E-09;0.9999998;ОС-1:;состояние1_k-3.sig;1 дополнительное:;состояние2_k-36.sig;0.2778111;1.1744E-05;3.628436;684;0.1031453;226;2.287961;3.731555;351;3.525291
62;59007;55001;57006;1.602748E-09;0.9999998;ОС-1:;состояние1_k-3.sig;1 дополнительное:;состояние2_k-37.sig;0.2778111;-0.0002667819;3.628436;684;0.04850747;593;2.288347;3.671296;186;3.579929
62;59007;55001;57006;1.602748E-09;0.9999998;ОС-1:;состояние1_k-3.sig;1 дополнительное:;состояние2_k-38.sig;0.2778111;-0.0001254382;3.628436;684;0.03495043;355;2.287937;3.663383;684;3.593486
62;59007;55001;57006;1.602748E-09;0.9999998;ОС-1:;состояние1_k-3.sig;1 дополнительное:;состояние2_k-39.sig;0.2778111;0.0002557912;3.628436;684;0.1010371;699;2.291893;3.727082;19;3.527399
62;59007;55001;57006;1.602748E-09;0.9999998;ОС-1:;состояние1_k-3.sig;1 дополнительное:;состояние2_k-40.sig;0.2778111;-6.631017E-09;3.628436;684;0.1686457;2;2.286706;3.794351;15;3.459791
62;59007;55001;57006;1.602748E-09;0.9999998;ОС-1:;состояние1_k-4.sig;1 дополнительное:;состояние2_k-21.sig;0.09208392;0.008312883;4.644375;226;0.7867885;778;2.913444;5.428135;350;3.857586
62;59007;55001;57006;1.602748E-09;0.9999998;ОС-1:;состояние1_k-4.sig;1 дополнительное:;состояние2_k-22.sig;0.09208392;0.005568013;4.644375;226;0.4424888;235;2.891114;5.081741;99;4.201886
62;59007;55001;57006;1.602748E-09;0.9999998;ОС-1:;состояние1_k-4.sig;1 дополнительное:;состояние2_k-23.sig;0.09208392;0.0006019263;4.644375;226;0.1997794;216;2.883824;4.827873;348;4.444595
62;59007;55001;57006;1.602748E-09;0.9999998;ОС-1:;состояние1_k-4.sig;1 дополнительное:;состояние2_k-24.sig;0.09208392;-0.000934307;4.644375;226;0.1023483;27;2.881165;4.690391;105;4.542027
62;59007;55001;57006;1.602748E-09;0.9999998;ОС-1:;состояние1_k-4.sig;1 дополнительное:;состояние2_k-25.sig;0.09208392;0;4.644375;226;0.1423613;15;2.88093;4.785958;475;4.502014
62;59007;55001;57006;1.602748E-09;0.9999998;ОС-1:;состояние1_k-4.sig;1 дополнительное:;состояние2_k-26.sig;0.09208392;0.0004118855;4.644375;226;0.166781;7;2.882233;4.8062;352;4.477594
62;59007;55001;57006;1.602748E-09;0.9999998;ОС-1:;состояние1_k-4.sig;1 дополнительное:;состояние2_k-27.sig;0.09208392;-0.0002744918;4.644375;226;0.1507853;408;2.884228;4.787594;724;4.493589
62;59007;55001;57006;1.602748E-09;0.9999998;ОС-1:;состояние1_k-4.sig;1 дополнительное:;состояние2_k-28.sig;0.09208392;-0.0006786088;4.644375;226;0.104165;102;2.872539;4.746925;101;4.54021
62;59007;55001;57006;1.602748E-09;0.9999998;ОС-1:;состояние1_k-4.sig;1 дополнительное:;состояние2_k-29.sig;0.09208392;-0.0002569934;4.644375;226;0.04036027;679;2.883183;4.673647;727;4.604014
62;59007;55001;57006;1.602748E-09;0.9999998;ОС-1:;состояние1_k-4.sig;1 дополнительное:;состояние2_k-30.sig;0.09208392;0;4.644375;226;0.02858178;36;2.8818;4.671567;101;4.615793
62;59007;55001;57006;1.602748E-09;0.9999998;ОС-1:;состояние1_k-4.sig;1 дополнительное:;состояние2_k-31.sig;0.09208392;-0.0006712501;4.644375;226;0.09007298;481;2.881772;4.732861;351;4.554302
62;59007;55001;57006;1.602748E-09;0.9999998;ОС-1:;состояние1_k-4.sig;1 дополнительное:;состояние2_k-32.sig;0.09208392;-0.001593875;4.644375;226;0.1365702;55;2.883448;4.779377;226;4.507804
62;59007;55001;57006;1.602748E-09;0.9999998;ОС-1:;состояние1_k-4.sig;1 дополнительное:;состояние2_k-33.sig;0.09208392;-0.001634941;4.644375;226;0.1623984;291;2.883304;4.805426;351;4.481977
62;59007;55001;57006;1.602748E-09;0.9999998;ОС-1:;состояние1_k-4.sig;1 дополнительное:;состояние2_k-34.sig;0.09208392;-0.0007643613;4.644375;226;0.1648192;425;2.883298;4.808312;101;4.479556
62;59007;55001;57006;1.602748E-09;0.9999998;ОС-1:;состояние1_k-4.sig;1 дополнительное:;состояние2_k-35.sig;0.09208392;0;4.644375;226;0.1441025;37;2.883045;4.788155;351;4.500272
62;59007;55001;57006;1.602748E-09;0.9999998;ОС-1:;состояние1_k-4.sig;1 дополнительное:;состояние2_k-36.sig;0.09208392;1.1744E-05;4.644375;226;0.1031453;226;2.87343;4.579919;93;4.54123
62;59007;55001;57006;1.602748E-09;0.9999998;ОС-1:;состояние1_k-4.sig;1 дополнительное:;состояние2_k-37.sig;0.09208392;-0.0002667819;4.644375;226;0.04850747;593;2.882688;4.692033;350;4.595867
62;59007;55001;57006;1.602748E-09;0.9999998;ОС-1:;состояние1_k-4.sig;1 дополнительное:;состояние2_k-38.sig;0.09208392;-0.0001254382;4.644375;226;0.03495043;355;2.881896;4.676055;475;4.609425
62;59007;55001;57006;1.602748E-09;0.9999998;ОС-1:;состояние1_k-4.sig;1 дополнительное:;состояние2_k-39.sig;0.09208392;0.0002557912;4.644375;226;0.1010371;699;2.881158;4.744261;225;4.543338
62;59007;55001;57006;1.602748E-09;0.9999998;ОС-1:;состояние1_k-4.sig;1 дополнительное:;состояние2_k-40.sig;0.09208392;-6.631017E-09;4.644375;226;0.1686457;2;2.882284;4.810864;102;4.475729
62;59007;55001;57006;1.602748E-09;0.9999998;ОС-1:;состояние1_k-5.sig;1 дополнительное:;состояние2_k-21.sig;0;0.008312883;5.506473;151;0.7867885;778;3.519735;6.270112;253;4.719685
62;59007;55001;57006;1.602748E-09;0.9999998;ОС-1:;состояние1_k-5.sig;1 дополнительное:;состояние2_k-22.sig;0;0.005568013;5.506473;151;0.4424888;235;3.514068;5.940089;349;5.063984
62;59007;55001;57006;1.602748E-09;0.9999998;ОС-1:;состояние1_k-5.sig;1 дополнительное:;состояние2_k-23.sig;0;0.0006019263;5.506473;151;0.1997794;216;3.510761;5.706145;151;5.306694
62;59007;55001;57006;1.602748E-09;0.9999998;ОС-1:;состояние1_k-5.sig;1 дополнительное:;состояние2_k-24.sig;0;-0.000934307;5.506473;151;0.1023483;27;3.506343;5.607915;651;5.404125
62;59007;55001;57006;1.602748E-09;0.9999998;ОС-1:;состояние1_k-5.sig;1 дополнительное:;состояние2_k-25.sig;0;0;5.506473;151;0.1423613;15;3.520725;5.632233;52;5.364112
62;59007;55001;57006;1.602748E-09;0.9999998;ОС-1:;состояние1_k-5.sig;1 дополнительное:;состояние2_k-26.sig;0;0.0004118855;5.506473;151;0.166781;7;3.501662;5.638285;48;5.339692
62;59007;55001;57006;1.602748E-09;0.9999998;ОС-1:;состояние1_k-5.sig;1 дополнительное:;состояние2_k-27.sig;0;-0.0002744918;5.506473;151;0.1507853;408;3.503236;5.652815;352;5.355688
62;59007;55001;57006;1.602748E-09;0.9999998;ОС-1:;состояние1_k-5.sig;1 дополнительное:;состояние2_k-28.sig;0;-0.0006786088;5.506473;151;0.104165;102;3.504902;5.60529;550;5.402308
62;59007;55001;57006;1.602748E-09;0.9999998;ОС-1:;состояние1_k-5.sig;1 дополнительное:;состояние2_k-29.sig;0;-0.0002569934;5.506473;151;0.04036027;679;3.505578;5.54672;351;5.466113
62;59007;55001;57006;1.602748E-09;0.9999998;ОС-1:;состояние1_k-5.sig;1 дополнительное:;состояние2_k-30.sig;0;0;5.506473;151;0.02858178;36;3.505659;5.533665;151;5.477891
62;59007;55001;57006;1.602748E-09;0.9999998;ОС-1:;состояние1_k-5.sig;1 дополнительное:;состояние2_k-31.sig;0;-0.0006712501;5.506473;151;0.09007298;481;3.505763;5.592441;450;5.4164
62;59007;55001;57006;1.602748E-09;0.9999998;ОС-1:;состояние1_k-5.sig;1 дополнительное:;состояние2_k-32.sig;0;-0.001593875;5.506473;151;0.1365702;55;3.505738;5.641475;351;5.369903
62;59007;55001;57006;1.602748E-09;0.9999998;ОС-1:;состояние1_k-5.sig;1 дополнительное:;состояние2_k-33.sig;0;-0.001634941;5.506473;151;0.1623984;291;3.50506;5.660593;50;5.344075
62;59007;55001;57006;1.602748E-09;0.9999998;ОС-1:;состояние1_k-5.sig;1 дополнительное:;состояние2_k-34.sig;0;-0.0007643613;5.506473;151;0.1648192;425;3.503716;5.67041;351;5.341654
62;59007;55001;57006;1.602748E-09;0.9999998;ОС-1:;состояние1_k-5.sig;1 дополнительное:;состояние2_k-35.sig;0;0;5.506473;151;0.1441025;37;3.518586;5.390373;45;5.36237
62;59007;55001;57006;1.602748E-09;0.9999998;ОС-1:;состояние1_k-5.sig;1 дополнительное:;состояние2_k-36.sig;0;1.1744E-05;5.506473;151;0.1031453;226;3.503848;5.609618;351;5.403328
62;59007;55001;57006;1.602748E-09;0.9999998;ОС-1:;состояние1_k-5.sig;1 дополнительное:;состояние2_k-37.sig;0;-0.0002667819;5.506473;151;0.04850747;593;3.505126;5.552178;51;5.457965
62;59007;55001;57006;1.602748E-09;0.9999998;ОС-1:;состояние1_k-5.sig;1 дополнительное:;состояние2_k-38.sig;0;-0.0001254382;5.506473;151;0.03495043;355;3.505991;5.539944;250;5.471523
62;59007;55001;57006;1.602748E-09;0.9999998;ОС-1:;состояние1_k-5.sig;1 дополнительное:;состояние2_k-39.sig;0;0.0002557912;5.506473;151;0.1010371;699;3.506253;5.601274;352;5.405436
62;59007;55001;57006;1.602748E-09;0.9999998;ОС-1:;состояние1_k-5.sig;1 дополнительное:;состояние2_k-40.sig;0;-6.631017E-09;5.506473;151;0.1686457;2;3.5069;5.671089;52;5.337827
62;59007;55001;57006;1.602748E-09;0.9999998;ОС-1:;состояние1_k-6.sig;1 дополнительное:;состояние2_k-21.sig;0.06368165;0.008312883;6.190665;434;0.7867885;778;4.02706;6.972761;350;5.403876
62;59007;55001;57006;1.602748E-09;0.9999998;ОС-1:;состояние1_k-6.sig;1 дополнительное:;состояние2_k-22.sig;0.06368165;0.005568013;6.190665;434;0.4424888;235;4.021261;6.569184;187;5.748176
62;59007;55001;57006;1.602748E-09;0.9999998;ОС-1:;состояние1_k-6.sig;1 дополнительное:;состояние2_k-23.sig;0.06368165;0.0006019263;6.190665;434;0.1997794;216;4.014024;6.377674;518;5.990885
62;59007;55001;57006;1.602748E-09;0.9999998;ОС-1:;состояние1_k-6.sig;1 дополнительное:;состояние2_k-24.sig;0.06368165;-0.000934307;6.190665;434;0.1023483;27;4.01302;6.217731;19;6.088316
62;59007;55001;57006;1.602748E-09;0.9999998;ОС-1:;состояние1_k-6.sig;1 дополнительное:;состояние2_k-25.sig;0.06368165;0;6.190665;434;0.1423613;15;4.01664;6.332288;434;6.048304
62;59007;55001;57006;1.602748E-09;0.9999998;ОС-1:;состояние1_k-6.sig;1 дополнительное:;состояние2_k-26.sig;0.06368165;0.0004118855;6.190665;434;0.166781;7;4.017864;6.347797;102;6.023884
62;59007;55001;57006;1.602748E-09;0.9999998;ОС-1:;состояние1_k-6.sig;1 дополнительное:;состояние2_k-27.sig;0.06368165;-0.0002744918;6.190665;434;0.1507853;408;4.015453;6.337345;518;6.039879
62;59007;55001;57006;1.602748E-09;0.9999998;ОС-1:;состояние1_k-6.sig;1 дополнительное:;состояние2_k-28.sig;0.06368165;-0.0006786088;6.190665;434;0.104165;102;4.012816;6.292967;351;6.0865
62;59007;55001;57006;1.602748E-09;0.9999998;ОС-1:;состояние1_k-6.sig;1 дополнительное:;состояние2_k-29.sig;0.06368165;-0.0002569934;6.190665;434;0.04036027;679;4.013573;6.228151;767;6.150304
62;59007;55001;57006;1.602748E-09;0.9999998;ОС-1:;состояние1_k-6.sig;1 дополнительное:;состояние2_k-30.sig;0.06368165;0;6.190665;434;0.02858178;36;4.01218;6.164079;184;6.162083
62;59007;55001;57006;1.602748E-09;0.9999998;ОС-1:;состояние1_k-6.sig;1 дополнительное:;состояние2_k-31.sig;0.06368165;-0.0006712501;6.190665;434;0.09007298;481;4.018753;6.278903;351;6.100592
62;59007;55001;57006;1.602748E-09;0.9999998;ОС-1:;состояние1_k-6.sig;1 дополнительное:;состояние2_k-32.sig;0.06368165;-0.001593875;6.190665;434;0.1365702;55;4.018857;6.325419;101;6.054094
62;59007;55001;57006;1.602748E-09;0.9999998;ОС-1:;состояние1_k-6.sig;1 дополнительное:;состояние2_k-33.sig;0.06368165;-0.001634941;6.190665;434;0.1623984;291;4.017673;6.351469;351;6.028266
62;59007;55001;57006;1.602748E-09;0.9999998;ОС-1:;состояние1_k-6.sig;1 дополнительное:;состояние2_k-34.sig;0.06368165;-0.0007643613;6.190665;434;0.1648192;425;4.016931;6.319046;16;6.025846
62;59007;55001;57006;1.602748E-09;0.9999998;ОС-1:;состояние1_k-6.sig;1 дополнительное:;состояние2_k-35.sig;0.06368165;0;6.190665;434;0.1441025;37;4.016602;6.334197;351;6.046562
62;59007;55001;57006;1.602748E-09;0.9999998;ОС-1:;состояние1_k-6.sig;1 дополнительное:;состояние2_k-36.sig;0.06368165;1.1744E-05;6.190665;434;0.1031453;226;4.016525;6.293576;434;6.08752
62;59007;55001;57006;1.602748E-09;0.9999998;ОС-1:;состояние1_k-6.sig;1 дополнительное:;состояние2_k-37.sig;0.06368165;-0.0002667819;6.190665;434;0.04850747;593;4.01552;6.237086;768;6.142157
62;59007;55001;57006;1.602748E-09;0.9999998;ОС-1:;состояние1_k-6.sig;1 дополнительное:;состояние2_k-38.sig;0.06368165;-0.0001254382;6.190665;434;0.03495043;355;4.015217;6.210687;101;6.155715
62;59007;55001;57006;1.602748E-09;0.9999998;ОС-1:;состояние1_k-6.sig;1 дополнительное:;состояние2_k-39.sig;0.06368165;0.0002557912;6.190665;434;0.1010371;699;4.016487;6.283782;185;6.089628
62;59007;55001;57006;1.602748E-09;0.9999998;ОС-1:;состояние1_k-6.sig;1 дополнительное:;состояние2_k-40.sig;0.06368165;-6.631017E-09;6.190665;434;0.1686457;2;4.018822;6.352462;352;6.022019
62;59007;55001;57006;1.602748E-09;0.9999998;ОС-1:;состояние1_k-7.sig;1 дополнительное:;состояние2_k-21.sig;0.1960658;0.008312883;6.680606;65;0.7867885;778;4.441594;6.008203;144;5.893818
62;59007;55001;57006;1.602748E-09;0.9999998;ОС-1:;состояние1_k-7.sig;1 дополнительное:;состояние2_k-22.sig;0.1960658;0.005568013;6.680606;65;0.4424888;235;4.262816;7.119244;280;6.238118
62;59007;55001;57006;1.602748E-09;0.9999998;ОС-1:;состояние1_k-7.sig;1 дополнительное:;состояние2_k-23.sig;0.1960658;0.0006019263;6.680606;65;0.1997794;216;4.271493;6.877472;65;6.480827
62;59007;55001;57006;1.602748E-09;0.9999998;ОС-1:;состояние1_k-7.sig;1 дополнительное:;состояние2_k-24.sig;0.1960658;-0.000934307;6.680606;65;0.1023483;27;4.277275;6.77721;279;6.578258
62;59007;55001;57006;1.602748E-09;0.9999998;ОС-1:;состояние1_k-7.sig;1 дополнительное:;состояние2_k-25.sig;0.1960658;0;6.680606;65;0.1423613;15;4.27892;6.818876;136;6.538245
62;59007;55001;57006;1.602748E-09;0.9999998;ОС-1:;состояние1_k-7.sig;1 дополнительное:;состояние2_k-26.sig;0.1960658;0.0004118855;6.680606;65;0.166781;7;4.277741;6.847136;65;6.513825
62;59007;55001;57006;1.602748E-09;0.9999998;ОС-1:;состояние1_k-7.sig;1 дополнительное:;состояние2_k-27.sig;0.1960658;-0.0002744918;6.680606;65;0.1507853;408;4.275841;6.826496;351;6.529821
62;59007;55001;57006;1.602748E-09;0.9999998;ОС-1:;состояние1_k-7.sig;1 дополнительное:;состояние2_k-28.sig;0.1960658;-0.0006786088;6.680606;65;0.104165;102;4.275331;6.782578;708;6.576441
62;59007;55001;57006;1.602748E-09;0.9999998;ОС-1:;состояние1_k-7.sig;1 дополнительное:;состояние2_k-29.sig;0.1960658;-0.0002569934;6.680606;65;0.04036027;679;4.27549;6.720415;351;6.640246
62;59007;55001;57006;1.602748E-09;0.9999998;ОС-1:;состояние1_k-7.sig;1 дополнительное:;состояние2_k-30.sig;0.1960658;0;6.680606;65;0.02858178;36;4.275892;6.707864;136;6.652025
62;59007;55001;57006;1.602748E-09;0.9999998;ОС-1:;состояние1_k-7.sig;1 дополнительное:;состояние2_k-31.sig;0.1960658;-0.0006712501;6.680606;65;0.09007298;481;4.27626;6.768159;208;6.590533
62;59007;55001;57006;1.602748E-09;0.9999998;ОС-1:;состояние1_k-7.sig;1 дополнительное:;состояние2_k-32.sig;0.1960658;-0.001593875;6.680606;65;0.1365702;55;4.277466;6.81517;351;6.544036
62;59007;55001;57006;1.602748E-09;0.9999998;ОС-1:;состояние1_k-7.sig;1 дополнительное:;состояние2_k-33.sig;0.1960658;-0.001634941;6.680606;65;0.1623984;291;4.279945;6.837522;65;6.518208
62;59007;55001;57006;1.602748E-09;0.9999998;ОС-1:;состояние1_k-7.sig;1 дополнительное:;состояние2_k-34.sig;0.1960658;-0.0007643613;6.680606;65;0.1648192;425;4.282518;6.844105;351;6.515787
62;59007;55001;57006;1.602748E-09;0.9999998;ОС-1:;состояние1_k-7.sig;1 дополнительное:;состояние2_k-35.sig;0.1960658;0;6.680606;65;0.1441025;37;4.259295;6.538892;493;6.536504
62;59007;55001;57006;1.602748E-09;0.9999998;ОС-1:;состояние1_k-7.sig;1 дополнительное:;состояние2_k-36.sig;0.1960658;1.1744E-05;6.680606;65;0.1031453;226;4.280002;6.783313;351;6.577461
62;59007;55001;57006;1.602748E-09;0.9999998;ОС-1:;состояние1_k-7.sig;1 дополнительное:;состояние2_k-37.sig;0.1960658;-0.0002667819;6.680606;65;0.04850747;593;4.276692;6.727853;65;6.632099
62;59007;55001;57006;1.602748E-09;0.9999998;ОС-1:;состояние1_k-7.sig;1 дополнительное:;состояние2_k-38.sig;0.1960658;-0.0001254382;6.680606;65;0.03495043;355;4.275266;6.715294;565;6.645656
62;59007;55001;57006;1.602748E-09;0.9999998;ОС-1:;состояние1_k-7.sig;1 дополнительное:;состояние2_k-39.sig;0.1960658;0.0002557912;6.680606;65;0.1010371;699;4.276163;6.776708;136;6.579569
62;59007;55001;57006;1.602748E-09;0.9999998;ОС-1:;состояние1_k-7.sig;1 дополнительное:;состояние2_k-40.sig;0.1960658;-6.631017E-09;6.680606;65;0.1686457;2;4.277674;6.850341;65;6.511961
62;59007;55001;57006;1.602748E-09;0.9999998;ОС-1:;состояние1_k-8.sig;1 дополнительное:;состояние2_k-21.sig;0.2542828;0.008312883;6.968685;38;0.7867885;778;4.432149;7.749035;350;6.181896
62;59007;55001;57006;1.602748E-09;0.9999998;ОС-1:;состояние1_k-8.sig;1 дополнительное:;состояние2_k-22.sig;0.2542828;0.005568013;6.968685;38;0.4424888;235;4.425373;7.39887;100;6.526196
62;59007;55001;57006;1.602748E-09;0.9999998;ОС-1:;состояние1_k-8.sig;1 дополнительное:;состояние2_k-23.sig;0.2542828;0.0006019263;6.968685;38;0.1997794;216;4.428843;7.16671;476;6.768905
62;59007;55001;57006;1.602748E-09;0.9999998;ОС-1:;состояние1_k-8.sig;1 дополнительное:;состояние2_k-24.sig;0.2542828;-0.000934307;6.968685;38;0.1023483;27;4.434885;6.989715;39;6.866336
62;59007;55001;57006;1.602748E-09;0.9999998;ОС-1:;состояние1_k-8.sig;1 дополнительное:;состояние2_k-25.sig;0.2542828;0;6.968685;38;0.1423613;15;4.445815;7.092585;38;6.826324
62;59007;55001;57006;1.602748E-09;0.9999998;ОС-1:;состояние1_k-8.sig;1 дополнительное:;состояние2_k-26.sig;0.2542828;0.0004118855;6.968685;38;0.166781;7;4.44655;7.125319;351;6.801904
62;59007;55001;57006;1.602748E-09;0.9999998;ОС-1:;состояние1_k-8.sig;1 дополнительное:;состояние2_k-27.sig;0.2542828;-0.0002744918;6.968685;38;0.1507853;408;4.442894;7.11916;538;6.817899
62;59007;55001;57006;1.602748E-09;0.9999998;ОС-1:;состояние1_k-8.sig;1 дополнительное:;состояние2_k-28.sig;0.2542828;-0.0006786088;6.968685;38;0.104165;102;4.438879;7.071023;101;6.86452
62;59007;55001;57006;1.602748E-09;0.9999998;ОС-1:;состояние1_k-8.sig;1 дополнительное:;состояние2_k-29.sig;0.2542828;-0.0002569934;6.968685;38;0.04036027;679;4.437579;7.008013;663;6.928324
62;59007;55001;57006;1.602748E-09;0.9999998;ОС-1:;состояние1_k-8.sig;1 дополнительное:;состояние2_k-30.sig;0.2542828;0;6.968685;38;0.02858178;36;4.438022;6.995665;101;6.940103
62;59007;55001;57006;1.602748E-09;0.9999998;ОС-1:;состояние1_k-8.sig;1 дополнительное:;состояние2_k-31.sig;0.2542828;-0.0006712501;6.968685;38;0.09007298;481;4.43858;7.05824;788;6.878612
62;59007;55001;57006;1.602748E-09;0.9999998;ОС-1:;состояние1_k-8.sig;1 дополнительное:;состояние2_k-32.sig;0.2542828;-0.001593875;6.968685;38;0.1365702;55;4.439021;7.100911;38;6.832114
62;59007;55001;57006;1.602748E-09;0.9999998;ОС-1:;состояние1_k-8.sig;1 дополнительное:;состояние2_k-33.sig;0.2542828;-0.001634941;6.968685;38;0.1623984;291;4.438589;7.129524;351;6.806286
62;59007;55001;57006;1.602748E-09;0.9999998;ОС-1:;состояние1_k-8.sig;1 дополнительное:;состояние2_k-34.sig;0.2542828;-0.0007643613;6.968685;38;0.1648192;425;4.439285;7.13241;101;6.803865
62;59007;55001;57006;1.602748E-09;0.9999998;ОС-1:;состояние1_k-8.sig;1 дополнительное:;состояние2_k-35.sig;0.2542828;0;6.968685;38;0.1441025;37;4.439985;7.112252;351;6.824582
62;59007;55001;57006;1.602748E-09;0.9999998;ОС-1:;состояние1_k-8.sig;1 дополнительное:;состояние2_k-36.sig;0.2542828;1.1744E-05;6.968685;38;0.1031453;226;4.43988;7.071618;226;6.86554
62;59007;55001;57006;1.602748E-09;0.9999998;ОС-1:;состояние1_k-8.sig;1 дополнительное:;состояние2_k-37.sig;0.2542828;-0.0002667819;6.968685;38;0.04850747;593;4.438817;7.016;38;6.920177
62;59007;55001;57006;1.602748E-09;0.9999998;ОС-1:;состояние1_k-8.sig;1 дополнительное:;состояние2_k-38.sig;0.2542828;-0.0001254382;6.968685;38;0.03495043;355;4.437677;7.002214;288;6.933734
62;59007;55001;57006;1.602748E-09;0.9999998;ОС-1:;состояние1_k-8.sig;1 дополнительное:;состояние2_k-39.sig;0.2542828;0.0002557912;6.968685;38;0.1010371;699;4.436629;7.068012;788;6.867648
62;59007;55001;57006;1.602748E-09;0.9999998;ОС-1:;состояние1_k-8.sig;1 дополнительное:;состояние2_k-40.sig;0.2542828;-6.631017E-09;6.968685;38;0.1686457;2;4.459159;7.128755;39;6.800039
62;59007;55001;57006;1.602748E-09;0.9999998;ОС-1:;состояние1_k-9.sig;1 дополнительное:;состояние2_k-21.sig;0.1701673;0.008312883;7.057851;684;0.7867885;778;4.536503;7.659012;131;6.271063
62;59007;55001;57006;1.602748E-09;0.9999998;ОС-1:;состояние1_k-9.sig;1 дополнительное:;состояние2_k-22.sig;0.1701673;0.005568013;7.057851;684;0.4424888;235;4.537516;7.486558;350;6.615363
62;59007;55001;57006;1.602748E-09;0.9999998;ОС-1:;состояние1_k-9.sig;1 дополнительное:;состояние2_k-23.sig;0.1701673;0.0006019263;7.057851;684;0.1997794;216;4.537834;7.250246;239;6.858072
62;59007;55001;57006;1.602748E-09;0.9999998;ОС-1:;состояние1_k-9.sig;1 дополнительное:;состояние2_k-24.sig;0.1701673;-0.000934307;7.057851;684;0.1023483;27;4.537419;7.153298;462;6.955503
62;59007;55001;57006;1.602748E-09;0.9999998;ОС-1:;состояние1_k-9.sig;1 дополнительное:;состояние2_k-25.sig;0.1701673;0;7.057851;684;0.1423613;15;4.540553;7.199962;295;6.91549
62;59007;55001;57006;1.602748E-09;0.9999998;ОС-1:;состояние1_k-9.sig;1 дополнительное:;состояние2_k-26.sig;0.1701673;0.0004118855;7.057851;684;0.166781;7;4.545635;7.22397;795;6.89107
62;59007;55001;57006;1.602748E-09;0.9999998;ОС-1:;состояние1_k-9.sig;1 дополнительное:;состояние2_k-27.sig;0.1701673;-0.0002744918;7.057851;684;0.1507853;408;4.509107;7.203253;351;6.907066
62;59007;55001;57006;1.602748E-09;0.9999998;ОС-1:;состояние1_k-9.sig;1 дополнительное:;состояние2_k-28.sig;0.1701673;-0.0006786088;7.057851;684;0.104165;102;4.544806;7.144592;796;6.953686
62;59007;55001;57006;1.602748E-09;0.9999998;ОС-1:;состояние1_k-9.sig;1 дополнительное:;состояние2_k-29.sig;0.1701673;-0.0002569934;7.057851;684;0.04036027;679;4.540288;7.097171;351;7.017491
62;59007;55001;57006;1.602748E-09;0.9999998;ОС-1:;состояние1_k-9.sig;1 дополнительное:;состояние2_k-30.sig;0.1701673;0;7.057851;684;0.02858178;36;4.53812;7.084437;684;7.02927
62;59007;55001;57006;1.602748E-09;0.9999998;ОС-1:;состояние1_k-9.sig;1 дополнительное:;состояние2_k-31.sig;0.1701673;-0.0006712501;7.057851;684;0.09007298;481;4.539265;7.144631;240;6.967778
62;59007;55001;57006;1.602748E-09;0.9999998;ОС-1:;состояние1_k-9.sig;1 дополнительное:;состояние2_k-32.sig;0.1701673;-0.001593875;7.057851;684;0.1365702;55;4.540674;7.191926;351;6.921281
62;59007;55001;57006;1.602748E-09;0.9999998;ОС-1:;состояние1_k-9.sig;1 дополнительное:;состояние2_k-33.sig;0.1701673;-0.001634941;7.057851;684;0.1623984;291;4.540144;7.175732;461;6.895453
62;59007;55001;57006;1.602748E-09;0.9999998;ОС-1:;состояние1_k-9.sig;1 дополнительное:;состояние2_k-34.sig;0.1701673;-0.0007643613;7.057851;684;0.1648192;425;4.538576;7.220861;351;6.893032
62;59007;55001;57006;1.602748E-09;0.9999998;ОС-1:;состояние1_k-9.sig;1 дополнительное:;состояние2_k-35.sig;0.1701673;0;7.057851;684;0.1441025;37;4.53778;7.199265;295;6.913749
62;59007;55001;57006;1.602748E-09;0.9999998;ОС-1:;состояние1_k-9.sig;1 дополнительное:;состояние2_k-36.sig;0.1701673;1.1744E-05;7.057851;684;0.1031453;226;4.538937;7.160875;573;6.954706
62;59007;55001;57006;1.602748E-09;0.9999998;ОС-1:;состояние1_k-9.sig;1 дополнительное:;состояние2_k-37.sig;0.1701673;-0.0002667819;7.057851;684;0.04850747;593;4.539057;7.105444;295;7.009344
62;59007;55001;57006;1.602748E-09;0.9999998;ОС-1:;состояние1_k-9.sig;1 дополнительное:;состояние2_k-38.sig;0.1701673;-0.0001254382;7.057851;684;0.03495043;355;4.538383;7.092797;684;7.022901
62;59007;55001;57006;1.602748E-09;0.9999998;ОС-1:;состояние1_k-9.sig;1 дополнительное:;состояние2_k-39.sig;0.1701673;0.0002557912;7.057851;684;0.1010371;699;4.537652;7.147709;351;6.956814
62;59007;55001;57006;1.602748E-09;0.9999998;ОС-1:;состояние1_k-9.sig;1 дополнительное:;состояние2_k-40.sig;0.1701673;-6.631017E-09;7.057851;684;0.1686457;2;4.538389;7.225791;240;6.889205
62;59007;55001;57006;1.602748E-09;0.9999998;ОС-1:;состояние1_k-10.sig;1 дополнительное:;состояние2_k-21.sig;0;0.008312883;6.95555;1;0.7867885;778;4.425365;7.734838;350;6.168761
62;59007;55001;57006;1.602748E-09;0.9999998;ОС-1:;состояние1_k-10.sig;1 дополнительное:;состояние2_k-22.sig;0;0.005568013;6.95555;1;0.4424888;235;4.423609;7.378506;51;6.513061
62;59007;55001;57006;1.602748E-09;0.9999998;ОС-1:;состояние1_k-10.sig;1 дополнительное:;состояние2_k-23.sig;0;0.0006019263;6.95555;1;0.1997794;216;4.429091;7.155222;651;6.75577
62;59007;55001;57006;1.602748E-09;0.9999998;ОС-1:;состояние1_k-10.sig;1 дополнительное:;состояние2_k-24.sig;0;-0.000934307;6.95555;1;0.1023483;27;4.431424;7.056992;151;6.853201
62;59007;55001;57006;1.602748E-09;0.9999998;ОС-1:;состояние1_k-10.sig;1 дополнительное:;состояние2_k-25.sig;0;0;6.95555;1;0.1423613;15;4.429328;7.074534;51;6.813189
62;59007;55001;57006;1.602748E-09;0.9999998;ОС-1:;состояние1_k-10.sig;1 дополнительное:;состояние2_k-26.sig;0;0.0004118855;6.95555;1;0.166781;7;4.428896;7.112397;101;6.788769
62;59007;55001;57006;1.602748E-09;0.9999998;ОС-1:;состояние1_k-10.sig;1 дополнительное:;состояние2_k-27.sig;0;-0.0002744918;6.95555;1;0.1507853;408;4.431011;7.105962;501;6.804764
62;59007;55001;57006;1.602748E-09;0.9999998;ОС-1:;состояние1_k-10.sig;1 дополнительное:;состояние2_k-28.sig;0;-0.0006786088;6.95555;1;0.104165;102;4.432823;7.0581;351;6.851385
62;59007;55001;57006;1.602748E-09;0.9999998;ОС-1:;состояние1_k-10.sig;1 дополнительное:;состояние2_k-29.sig;0;-0.0002569934;6.95555;1;0.04036027;679;4.431387;6.989888;751;6.915189
62;59007;55001;57006;1.602748E-09;0.9999998;ОС-1:;состояние1_k-10.sig;1 дополнительное:;состояние2_k-30.sig;0;0;6.95555;1;0.02858178;36;4.43486;6.928358;1;6.926968
62;59007;55001;57006;1.602748E-09;0.9999998;ОС-1:;состояние1_k-10.sig;1 дополнительное:;состояние2_k-31.sig;0;-0.0006712501;6.95555;1;0.09007298;481;4.425605;7.044907;401;6.865477
62;59007;55001;57006;1.602748E-09;0.9999998;ОС-1:;состояние1_k-10.sig;1 дополнительное:;состояние2_k-32.sig;0;-0.001593875;6.95555;1;0.1365702;55;4.426003;7.090552;101;6.818979
62;59007;55001;57006;1.602748E-09;0.9999998;ОС-1:;состояние1_k-10.sig;1 дополнительное:;состояние2_k-33.sig;0;-0.001634941;6.95555;1;0.1623984;291;4.427966;7.116601;351;6.793151
62;59007;55001;57006;1.602748E-09;0.9999998;ОС-1:;состояние1_k-10.sig;1 дополнительное:;состояние2_k-34.sig;0;-0.0007643613;6.95555;1;0.1648192;425;4.429235;7.107205;0;6.79073
62;59007;55001;57006;1.602748E-09;0.9999998;ОС-1:;состояние1_k-10.sig;1 дополнительное:;состояние2_k-35.sig;0;0;6.95555;1;0.1441025;37;4.429283;7.099329;151;6.811447
62;59007;55001;57006;1.602748E-09;0.9999998;ОС-1:;состояние1_k-10.sig;1 дополнительное:;состояние2_k-36.sig;0;1.1744E-05;6.95555;1;0.1031453;226;4.429099;7.058695;101;6.852405
62;59007;55001;57006;1.602748E-09;0.9999998;ОС-1:;состояние1_k-10.sig;1 дополнительное:;состояние2_k-37.sig;0;-0.0002667819;6.95555;1;0.04850747;593;4.42915;7.004039;201;6.907042
62;59007;55001;57006;1.602748E-09;0.9999998;ОС-1:;состояние1_k-10.sig;1 дополнительное:;состояние2_k-38.sig;0;-0.0001254382;6.95555;1;0.03495043;355;4.429361;6.988892;1;6.920599
62;59007;55001;57006;1.602748E-09;0.9999998;ОС-1:;состояние1_k-10.sig;1 дополнительное:;состояние2_k-39.sig;0;0.0002557912;6.95555;1;0.1010371;699;4.429413;7.055595;301;6.854513
62;59007;55001;57006;1.602748E-09;0.9999998;ОС-1:;состояние1_k-10.sig;1 дополнительное:;состояние2_k-40.sig;0;-6.631017E-09;6.95555;1;0.1686457;2;4.429753;7.114098;51;6.786904
62;59007;55001;57006;1.602748E-09;0.9999998;ОС-1:;состояние1_k-11.sig;1 дополнительное:;состояние2_k-21.sig;-0.1382771;0.008312883;6.683646;78;0.7867885;778;4.225505;7.462771;396;5.896858
62;59007;55001;57006;1.602748E-09;0.9999998;ОС-1:;состояние1_k-11.sig;1 дополнительное:;состояние2_k-22.sig;-0.1382771;0.005568013;6.683646;78;0.4424888;235;4.216702;7.11209;623;6.241158
62;59007;55001;57006;1.602748E-09;0.9999998;ОС-1:;состояние1_k-11.sig;1 дополнительное:;состояние2_k-23.sig;-0.1382771;0.0006019263;6.683646;78;0.1997794;216;4.212384;6.874026;305;6.483867
62;59007;55001;57006;1.602748E-09;0.9999998;ОС-1:;состояние1_k-11.sig;1 дополнительное:;состояние2_k-24.sig;-0.1382771;-0.000934307;6.683646;78;0.1023483;27;4.215745;6.784407;714;6.581298
62;59007;55001;57006;1.602748E-09;0.9999998;ОС-1:;состояние1_k-11.sig;1 дополнительное:;состояние2_k-25.sig;-0.1382771;0;6.683646;78;0.1423613;15;4.216418;6.823845;214;6.541285
62;59007;55001;57006;1.602748E-09;0.9999998;ОС-1:;состояние1_k-11.sig;1 дополнительное:;состояние2_k-26.sig;-0.1382771;0.0004118855;6.683646;78;0.166781;7;4.215476;6.84706;123;6.516865
62;59007;55001;57006;1.602748E-09;0.9999998;ОС-1:;состояние1_k-11.sig;1 дополнительное:;состояние2_k-27.sig;-0.1382771;-0.0002744918;6.683646;78;0.1507853;408;4.214694;6.828275;351;6.532861
62;59007;55001;57006;1.602748E-09;0.9999998;ОС-1:;состояние1_k-11.sig;1 дополнительное:;состояние2_k-28.sig;-0.1382771;-0.0006786088;6.683646;78;0.104165;102;4.214053;6.7842;442;6.579481
62;59007;55001;57006;1.602748E-09;0.9999998;ОС-1:;состояние1_k-11.sig;1 дополнительное:;состояние2_k-29.sig;-0.1382771;-0.0002569934;6.683646;78;0.04036027;679;4.213903;6.722193;351;6.643286
62;59007;55001;57006;1.602748E-09;0.9999998;ОС-1:;состояние1_k-11.sig;1 дополнительное:;состояние2_k-30.sig;-0.1382771;0;6.683646;78;0.02858178;36;4.213173;6.711871;669;6.655065
62;59007;55001;57006;1.602748E-09;0.9999998;ОС-1:;состояние1_k-11.sig;1 дополнительное:;состояние2_k-31.sig;-0.1382771;-0.0006712501;6.683646;78;0.09007298;481;4.211651;6.77363;78;6.593573
62;59007;55001;57006;1.602748E-09;0.9999998;ОС-1:;состояние1_k-11.sig;1 дополнительное:;состояние2_k-32.sig;-0.1382771;-0.001593875;6.683646;78;0.1365702;55;4.209804;6.819543;305;6.547076
62;59007;55001;57006;1.602748E-09;0.9999998;ОС-1:;состояние1_k-11.sig;1 дополнительное:;состояние2_k-33.sig;-0.1382771;-0.001634941;6.683646;78;0.1623984;291;4.249695;6.525318;214;6.521248
62;59007;55001;57006;1.602748E-09;0.9999998;ОС-1:;состояние1_k-11.sig;1 дополнительное:;состояние2_k-34.sig;-0.1382771;-0.0007643613;6.683646;78;0.1648192;425;4.207706;6.847687;396;6.518827
62;59007;55001;57006;1.602748E-09;0.9999998;ОС-1:;состояние1_k-11.sig;1 дополнительное:;состояние2_k-35.sig;-0.1382771;0;6.683646;78;0.1441025;37;4.209118;6.82506;123;6.539544
62;59007;55001;57006;1.602748E-09;0.9999998;ОС-1:;состояние1_k-11.sig;1 дополнительное:;состояние2_k-36.sig;-0.1382771;1.1744E-05;6.683646;78;0.1031453;226;4.211815;6.785091;351;6.580501
62;59007;55001;57006;1.602748E-09;0.9999998;ОС-1:;состояние1_k-11.sig;1 дополнительное:;состояние2_k-37.sig;-0.1382771;-0.0002667819;6.683646;78;0.04850747;593;4.213538;6.730207;214;6.635139
62;59007;55001;57006;1.602748E-09;0.9999998;ОС-1:;состояние1_k-11.sig;1 дополнительное:;состояние2_k-38.sig;-0.1382771;-0.0001254382;6.683646;78;0.03495043;355;4.213751;6.718449;487;6.648696
62;59007;55001;57006;1.602748E-09;0.9999998;ОС-1:;состояние1_k-11.sig;1 дополнительное:;состояние2_k-39.sig;-0.1382771;0.0002557912;6.683646;78;0.1010371;699;4.213498;6.780609;32;6.582609
62;59007;55001;57006;1.602748E-09;0.9999998;ОС-1:;состояние1_k-11.sig;1 дополнительное:;состояние2_k-40.sig;-0.1382771;-6.631017E-09;6.683646;78;0.1686457;2;4.214094;6.851793;578;6.515
62;59007;55001;57006;1.602748E-09;0.9999998;ОС-1:;состояние1_k-12.sig;1 дополнительное:;состояние2_k-21.sig;-0.1691855;0.008312883;6.262348;59;0.7867885;778;4.002577;7.041843;17;5.47556
62;59007;55001;57006;1.602748E-09;0.9999998;ОС-1:;состояние1_k-12.sig;1 дополнительное:;состояние2_k-22.sig;-0.1691855;0.005568013;6.262348;59;0.4424888;235;3.984244;6.691513;393;5.81986
62;59007;55001;57006;1.602748E-09;0.9999998;ОС-1:;состояние1_k-12.sig;1 дополнительное:;состояние2_k-23.sig;-0.1691855;0.0006019263;6.262348;59;0.1997794;216;3.978771;6.461331;434;6.062569
62;59007;55001;57006;1.602748E-09;0.9999998;ОС-1:;состояние1_k-12.sig;1 дополнительное:;состояние2_k-24.sig;-0.1691855;-0.000934307;6.262348;59;0.1023483;27;3.979589;6.278386;101;6.16
62;59007;55001;57006;1.602748E-09;0.9999998;ОС-1:;состояние1_k-12.sig;1 дополнительное:;состояние2_k-25.sig;-0.1691855;0;6.262348;59;0.1423613;15;3.980711;6.399656;476;6.119987
62;59007;55001;57006;1.602748E-09;0.9999998;ОС-1:;состояние1_k-12.sig;1 дополнительное:;состояние2_k-26.sig;-0.1691855;0.0004118855;6.262348;59;0.166781;7;3.980623;6.427078;142;6.095567
62;59007;55001;57006;1.602748E-09;0.9999998;ОС-1:;состояние1_k-12.sig;1 дополнительное:;состояние2_k-27.sig;-0.1691855;-0.0002744918;6.262348;59;0.1507853;408;3.98038;6.406386;184;6.111563
62;59007;55001;57006;1.602748E-09;0.9999998;ОС-1:;состояние1_k-12.sig;1 дополнительное:;состояние2_k-28.sig;-0.1691855;-0.0006786088;6.262348;59;0.104165;102;3.979199;6.362612;101;6.158183
62;59007;55001;57006;1.602748E-09;0.9999998;ОС-1:;состояние1_k-12.sig;1 дополнительное:;состояние2_k-29.sig;-0.1691855;-0.0002569934;6.262348;59;0.04036027;679;3.978863;6.302388;559;6.221988
62;59007;55001;57006;1.602748E-09;0.9999998;ОС-1:;состояние1_k-12.sig;1 дополнительное:;состояние2_k-30.sig;-0.1691855;0;6.262348;59;0.02858178;36;3.978226;6.288934;434;6.233767
62;59007;55001;57006;1.602748E-09;0.9999998;ОС-1:;состояние1_k-12.sig;1 дополнительное:;состояние2_k-31.sig;-0.1691855;-0.0006712501;6.262348;59;0.09007298;481;3.978356;6.35061;142;6.172275
62;59007;55001;57006;1.602748E-09;0.9999998;ОС-1:;состояние1_k-12.sig;1 дополнительное:;состояние2_k-32.sig;-0.1691855;-0.001593875;6.262348;59;0.1365702;55;3.979229;6.395064;226;6.125778
62;59007;55001;57006;1.602748E-09;0.9999998;ОС-1:;состояние1_k-12.sig;1 дополнительное:;состояние2_k-33.sig;-0.1691855;-0.001634941;6.262348;59;0.1623984;291;3.978372;6.421573;684;6.09995
62;59007;55001;57006;1.602748E-09;0.9999998;ОС-1:;состояние1_k-12.sig;1 дополнительное:;состояние2_k-34.sig;-0.1691855;-0.0007643613;6.262348;59;0.1648192;425;3.976101;6.423999;101;6.097529
62;59007;55001;57006;1.602748E-09;0.9999998;ОС-1:;состояние1_k-12.sig;1 дополнительное:;состояние2_k-35.sig;-0.1691855;0;6.262348;59;0.1441025;37;3.973878;6.405391;309;6.118246
62;59007;55001;57006;1.602748E-09;0.9999998;ОС-1:;состояние1_k-12.sig;1 дополнительное:;состояние2_k-36.sig;-0.1691855;1.1744E-05;6.262348;59;0.1031453;226;4.000947;6.159437;59;6.159203
62;59007;55001;57006;1.602748E-09;0.9999998;ОС-1:;состояние1_k-12.sig;1 дополнительное:;состояние2_k-37.sig;-0.1691855;-0.0002667819;6.262348;59;0.04850747;593;3.976522;6.310789;309;6.21384
62;59007;55001;57006;1.602748E-09;0.9999998;ОС-1:;состояние1_k-12.sig;1 дополнительное:;состояние2_k-38.sig;-0.1691855;-0.0001254382;6.262348;59;0.03495043;355;3.97982;6.297294;434;6.227398
62;59007;55001;57006;1.602748E-09;0.9999998;ОС-1:;состояние1_k-12.sig;1 дополнительное:;состояние2_k-39.sig;-0.1691855;0.0002557912;6.262348;59;0.1010371;699;3.981243;6.360261;559;6.161311
62;59007;55001;57006;1.602748E-09;0.9999998;ОС-1:;состояние1_k-12.sig;1 дополнительное:;состояние2_k-40.sig;-0.1691855;-6.631017E-09;6.262348;59;0.1686457;2;3.981323;6.418611;101;6.093702
62;59007;55001;57006;1.602748E-09;0.9999998;ОС-1:;состояние1_k-13.sig;1 дополнительное:;состояние2_k-21.sig;-0.1096937;0.008312883;5.721465;43;0.7867885;778;3.675611;6.500502;158;4.934677
62;59007;55001;57006;1.602748E-09;0.9999998;ОС-1:;состояние1_k-13.sig;1 дополнительное:;состояние2_k-22.sig;-0.1096937;0.005568013;5.721465;43;0.4424888;235;3.650059;6.163149;235;5.278976
62;59007;55001;57006;1.602748E-09;0.9999998;ОС-1:;состояние1_k-13.sig;1 дополнительное:;состояние2_k-23.sig;-0.1096937;0.0006019263;5.721465;43;0.1997794;216;3.637226;5.919592;389;5.521686
62;59007;55001;57006;1.602748E-09;0.9999998;ОС-1:;состояние1_k-13.sig;1 дополнительное:;состояние2_k-24.sig;-0.1096937;-0.000934307;5.721465;43;0.1023483;27;3.637237;5.822965;235;5.619117
62;59007;55001;57006;1.602748E-09;0.9999998;ОС-1:;состояние1_k-13.sig;1 дополнительное:;состояние2_k-25.sig;-0.1096937;0;5.721465;43;0.1423613;15;3.640691;5.861324;274;5.579104
62;59007;55001;57006;1.602748E-09;0.9999998;ОС-1:;состояние1_k-13.sig;1 дополнительное:;состояние2_k-26.sig;-0.1096937;0.0004118855;5.721465;43;0.166781;7;3.640888;5.875886;697;5.554684
62;59007;55001;57006;1.602748E-09;0.9999998;ОС-1:;состояние1_k-13.sig;1 дополнительное:;состояние2_k-27.sig;-0.1096937;-0.0002744918;5.721465;43;0.1507853;408;3.638377;5.866506;427;5.57068
62;59007;55001;57006;1.602748E-09;0.9999998;ОС-1:;состояние1_k-13.sig;1 дополнительное:;состояние2_k-28.sig;-0.1096937;-0.0006786088;5.721465;43;0.104165;102;3.636241;5.825235;120;5.6173
62;59007;55001;57006;1.602748E-09;0.9999998;ОС-1:;состояние1_k-13.sig;1 дополнительное:;состояние2_k-29.sig;-0.1096937;-0.0002569934;5.721465;43;0.04036027;679;3.636631;5.759347;43;5.681105
62;59007;55001;57006;1.602748E-09;0.9999998;ОС-1:;состояние1_k-13.sig;1 дополнительное:;состояние2_k-30.sig;-0.1096937;0;5.721465;43;0.02858178;36;3.636694;5.749455;120;5.692883
62;59007;55001;57006;1.602748E-09;0.9999998;ОС-1:;состояние1_k-13.sig;1 дополнительное:;состояние2_k-31.sig;-0.1096937;-0.0006712501;5.721465;43;0.09007298;481;3.635719;5.80967;158;5.631392
62;59007;55001;57006;1.602748E-09;0.9999998;ОС-1:;состояние1_k-13.sig;1 дополнительное:;состояние2_k-32.sig;-0.1096937;-0.001593875;5.721465;43;0.1365702;55;3.635189;5.855943;774;5.584895
62;59007;55001;57006;1.602748E-09;0.9999998;ОС-1:;состояние1_k-13.sig;1 дополнительное:;состояние2_k-33.sig;-0.1096937;-0.001634941;5.721465;43;0.1623984;291;3.637325;5.878448;428;5.559067
62;59007;55001;57006;1.602748E-09;0.9999998;ОС-1:;состояние1_k-13.sig;1 дополнительное:;состояние2_k-34.sig;-0.1096937;-0.0007643613;5.721465;43;0.1648192;425;3.638872;5.885854;543;5.556646
62;59007;55001;57006;1.602748E-09;0.9999998;ОС-1:;состояние1_k-13.sig;1 дополнительное:;состояние2_k-35.sig;-0.1096937;0;5.721465;43;0.1441025;37;3.638844;5.865123;466;5.577363
62;59007;55001;57006;1.602748E-09;0.9999998;ОС-1:;состояние1_k-13.sig;1 дополнительное:;состояние2_k-36.sig;-0.1096937;1.1744E-05;5.721465;43;0.1031453;226;3.636843;5.821804;351;5.61832
62;59007;55001;57006;1.602748E-09;0.9999998;ОС-1:;состояние1_k-13.sig;1 дополнительное:;состояние2_k-37.sig;-0.1096937;-0.0002667819;5.721465;43;0.04850747;593;3.635259;5.769608;120;5.672957
62;59007;55001;57006;1.602748E-09;0.9999998;ОС-1:;состояние1_k-13.sig;1 дополнительное:;состояние2_k-38.sig;-0.1096937;-0.0001254382;5.721465;43;0.03495043;355;3.637096;5.755455;697;5.686515
62;59007;55001;57006;1.602748E-09;0.9999998;ОС-1:;состояние1_k-13.sig;1 дополнительное:;состояние2_k-39.sig;-0.1096937;0.0002557912;5.721465;43;0.1010371;699;3.619234;5.809633;274;5.620428
62;59007;55001;57006;1.602748E-09;0.9999998;ОС-1:;состояние1_k-13.sig;1 дополнительное:;состояние2_k-40.sig;-0.1096937;-6.631017E-09;5.721465;43;0.1686457;2;3.646812;5.874764;4;5.552819
62;59007;55001;57006;1.602748E-09;0.9999998;ОС-1:;состояние1_k-14.sig;1 дополнительное:;состояние2_k-21.sig;-0.03376364;0.008312883;5.093307;172;0.7867885;778;3.258026;5.873502;636;4.306519
62;59007;55001;57006;1.602748E-09;0.9999998;ОС-1:;состояние1_k-14.sig;1 дополнительное:;состояние2_k-22.sig;-0.03376364;0.005568013;5.093307;172;0.4424888;235;3.239517;5.526807;29;4.650819
62;59007;55001;57006;1.602748E-09;0.9999998;ОС-1:;состояние1_k-14.sig;1 дополнительное:;состояние2_k-23.sig;-0.03376364;0.0006019263;5.093307;172;0.1997794;216;3.225693;5.29254;672;4.893528
62;59007;55001;57006;1.602748E-09;0.9999998;ОС-1:;состояние1_k-14.sig;1 дополнительное:;состояние2_k-24.sig;-0.03376364;-0.000934307;5.093307;172;0.1023483;27;3.221662;5.195062;172;4.990959
62;59007;55001;57006;1.602748E-09;0.9999998;ОС-1:;состояние1_k-14.sig;1 дополнительное:;состояние2_k-25.sig;-0.03376364;0;5.093307;172;0.1423613;15;3.223903;5.235236;315;4.950946
62;59007;55001;57006;1.602748E-09;0.9999998;ОС-1:;состояние1_k-14.sig;1 дополнительное:;состояние2_k-26.sig;-0.03376364;0.0004118855;5.093307;172;0.166781;7;3.225977;5.246441;101;4.926527
62;59007;55001;57006;1.602748E-09;0.9999998;ОС-1:;состояние1_k-14.sig;1 дополнительное:;состояние2_k-27.sig;-0.03376364;-0.0002744918;5.093307;172;0.1507853;408;3.224323;5.243314;315;4.942522
62;59007;55001;57006;1.602748E-09;0.9999998;ОС-1:;состояние1_k-14.sig;1 дополнительное:;состояние2_k-28.sig;-0.03376364;-0.0006786088;5.093307;172;0.104165;102;3.222455;5.194378;65;4.989142
62;59007;55001;57006;1.602748E-09;0.9999998;ОС-1:;состояние1_k-14.sig;1 дополнительное:;состояние2_k-29.sig;-0.03376364;-0.0002569934;5.093307;172;0.04036027;679;3.221444;5.132114;386;5.052947
62;59007;55001;57006;1.602748E-09;0.9999998;ОС-1:;состояние1_k-14.sig;1 дополнительное:;состояние2_k-30.sig;-0.03376364;0;5.093307;172;0.02858178;36;3.221948;5.120343;136;5.064726
62;59007;55001;57006;1.602748E-09;0.9999998;ОС-1:;состояние1_k-14.sig;1 дополнительное:;состояние2_k-31.sig;-0.03376364;-0.0006712501;5.093307;172;0.09007298;481;3.22213;5.182757;529;5.003234
62;59007;55001;57006;1.602748E-09;0.9999998;ОС-1:;состояние1_k-14.sig;1 дополнительное:;состояние2_k-32.sig;-0.03376364;-0.001593875;5.093307;172;0.1365702;55;3.220529;5.225353;493;4.956737
62;59007;55001;57006;1.602748E-09;0.9999998;ОС-1:;состояние1_k-14.sig;1 дополнительное:;состояние2_k-33.sig;-0.03376364;-0.001634941;5.093307;172;0.1623984;291;3.220726;5.253683;458;4.930909
62;59007;55001;57006;1.602748E-09;0.9999998;ОС-1:;состояние1_k-14.sig;1 дополнительное:;состояние2_k-34.sig;-0.03376364;-0.0007643613;5.093307;172;0.1648192;425;3.222194;5.253669;29;4.928488
62;59007;55001;57006;1.602748E-09;0.9999998;ОС-1:;состояние1_k-14.sig;1 дополнительное:;состояние2_k-35.sig;-0.03376364;0;5.093307;172;0.1441025;37;3.222488;5.235765;65;4.949205
62;59007;55001;57006;1.602748E-09;0.9999998;ОС-1:;состояние1_k-14.sig;1 дополнительное:;состояние2_k-36.sig;-0.03376364;1.1744E-05;5.093307;172;0.1031453;226;3.222856;5.192739;101;4.990162
62;59007;55001;57006;1.602748E-09;0.9999998;ОС-1:;состояние1_k-14.sig;1 дополнительное:;состояние2_k-37.sig;-0.03376364;-0.0002667819;5.093307;172;0.04850747;593;3.22192;5.140121;565;5.0448
62;59007;55001;57006;1.602748E-09;0.9999998;ОС-1:;состояние1_k-14.sig;1 дополнительное:;состояние2_k-38.sig;-0.03376364;-0.0001254382;5.093307;172;0.03495043;355;3.221354;5.127563;65;5.058357
62;59007;55001;57006;1.602748E-09;0.9999998;ОС-1:;состояние1_k-14.sig;1 дополнительное:;состояние2_k-39.sig;-0.03376364;0.0002557912;5.093307;172;0.1010371;699;3.222861;5.189188;136;4.99227
62;59007;55001;57006;1.602748E-09;0.9999998;ОС-1:;состояние1_k-14.sig;1 дополнительное:;состояние2_k-40.sig;-0.03376364;-6.631017E-09;5.093307;172;0.1686457;2;3.226548;5.262609;315;4.924662
62;59007;55001;57006;1.602748E-09;0.9999998;ОС-1:;состояние1_k-15.sig;1 дополнительное:;состояние2_k-21.sig;0;0.008312883;4.410193;84;0.7867885;778;2.835539;5.129122;418;3.623405
62;59007;55001;57006;1.602748E-09;0.9999998;ОС-1:;состояние1_k-15.sig;1 дополнительное:;состояние2_k-22.sig;0;0.005568013;4.410193;84;0.4424888;235;2.822213;4.848664;484;3.967704
62;59007;55001;57006;1.602748E-09;0.9999998;ОС-1:;состояние1_k-15.sig;1 дополнительное:;состояние2_k-23.sig;0;0.0006019263;4.410193;84;0.1997794;216;2.812859;4.605701;151;4.210413
62;59007;55001;57006;1.602748E-09;0.9999998;ОС-1:;состояние1_k-15.sig;1 дополнительное:;состояние2_k-24.sig;0;-0.000934307;4.410193;84;0.1023483;27;2.808431;4.509561;317;4.307845
62;59007;55001;57006;1.602748E-09;0.9999998;ОС-1:;состояние1_k-15.sig;1 дополнительное:;состояние2_k-25.sig;0;0;4.410193;84;0.1423613;15;2.808265;4.525013;51;4.267832
62;59007;55001;57006;1.602748E-09;0.9999998;ОС-1:;состояние1_k-15.sig;1 дополнительное:;состояние2_k-26.sig;0;0.0004118855;4.410193;84;0.166781;7;2.809825;4.57695;584;4.243412
62;59007;55001;57006;1.602748E-09;0.9999998;ОС-1:;состояние1_k-15.sig;1 дополнительное:;состояние2_k-27.sig;0;-0.0002744918;4.410193;84;0.1507853;408;2.809851;4.554231;184;4.259408
62;59007;55001;57006;1.602748E-09;0.9999998;ОС-1:;состояние1_k-15.sig;1 дополнительное:;состояние2_k-28.sig;0;-0.0006786088;4.410193;84;0.104165;102;2.808791;4.514324;84;4.306028
62;59007;55001;57006;1.602748E-09;0.9999998;ОС-1:;состояние1_k-15.sig;1 дополнительное:;состояние2_k-29.sig;0;-0.0002569934;4.410193;84;0.04036027;679;2.808086;4.448946;284;4.369833
62;59007;55001;57006;1.602748E-09;0.9999998;ОС-1:;состояние1_k-15.sig;1 дополнительное:;состояние2_k-30.sig;0;0;4.410193;84;0.02858178;36;2.808019;4.436779;84;4.381611
62;59007;55001;57006;1.602748E-09;0.9999998;ОС-1:;состояние1_k-15.sig;1 дополнительное:;состояние2_k-31.sig;0;-0.0006712501;4.410193;84;0.09007298;481;2.808104;4.500181;384;4.32012
62;59007;55001;57006;1.602748E-09;0.9999998;ОС-1:;состояние1_k-15.sig;1 дополнительное:;состояние2_k-32.sig;0;-0.001593875;4.410193;84;0.1365702;55;2.808626;4.546196;117;4.273623
62;59007;55001;57006;1.602748E-09;0.9999998;ОС-1:;состояние1_k-15.sig;1 дополнительное:;состояние2_k-33.sig;0;-0.001634941;4.410193;84;0.1623984;291;2.808997;4.561928;217;4.247795
62;59007;55001;57006;1.602748E-09;0.9999998;ОС-1:;состояние1_k-15.sig;1 дополнительное:;состояние2_k-34.sig;0;-0.0007643613;4.410193;84;0.1648192;425;2.80896;4.572368;617;4.245374
62;59007;55001;57006;1.602748E-09;0.9999998;ОС-1:;состояние1_k-15.sig;1 дополнительное:;состояние2_k-35.sig;0;0;4.410193;84;0.1441025;37;2.809624;4.508002;83;4.26609
62;59007;55001;57006;1.602748E-09;0.9999998;ОС-1:;состояние1_k-15.sig;1 дополнительное:;состояние2_k-36.sig;0;1.1744E-05;4.410193;84;0.1031453;226;2.807746;4.513104;684;4.307048
62;59007;55001;57006;1.602748E-09;0.9999998;ОС-1:;состояние1_k-15.sig;1 дополнительное:;состояние2_k-37.sig;0;-0.0002667819;4.410193;84;0.04850747;593;2.80773;4.458367;417;4.361685
62;59007;55001;57006;1.602748E-09;0.9999998;ОС-1:;состояние1_k-15.sig;1 дополнительное:;состояние2_k-38.sig;0;-0.0001254382;4.410193;84;0.03495043;355;2.808366;4.445139;684;4.375243
62;59007;55001;57006;1.602748E-09;0.9999998;ОС-1:;состояние1_k-15.sig;1 дополнительное:;состояние2_k-39.sig;0;0.0002557912;4.410193;84;0.1010371;699;2.808815;4.497057;184;4.309156
62;59007;55001;57006;1.602748E-09;0.9999998;ОС-1:;состояние1_k-15.sig;1 дополнительное:;состояние2_k-40.sig;0;-6.631017E-09;4.410193;84;0.1686457;2;2.808744;4.564577;51;4.241547
62;59007;55001;57006;1.602748E-09;0.9999998;ОС-1:;состояние1_k-16.sig;1 дополнительное:;состояние2_k-21.sig;-0.01176304;0.008312883;3.705588;69;0.7867885;778;2.39887;4.487093;350;2.9188
62;59007;55001;57006;1.602748E-09;0.9999998;ОС-1:;состояние1_k-16.sig;1 дополнительное:;состояние2_k-22.sig;-0.01176304;0.005568013;3.705588;69;0.4424888;235;2.388415;4.14503;257;3.2631
62;59007;55001;57006;1.602748E-09;0.9999998;ОС-1:;состояние1_k-16.sig;1 дополнительное:;состояние2_k-23.sig;-0.01176304;0.0006019263;3.705588;69;0.1997794;216;2.384491;3.905236;194;3.505809
62;59007;55001;57006;1.602748E-09;0.9999998;ОС-1:;состояние1_k-16.sig;1 дополнительное:;состояние2_k-24.sig;-0.01176304;-0.000934307;3.705588;69;0.1023483;27;2.378732;3.805955;7;3.60324
62;59007;55001;57006;1.602748E-09;0.9999998;ОС-1:;состояние1_k-16.sig;1 дополнительное:;состояние2_k-25.sig;-0.01176304;0;3.705588;69;0.1423613;15;2.376388;3.847212;194;3.563227
62;59007;55001;57006;1.602748E-09;0.9999998;ОС-1:;состояние1_k-16.sig;1 дополнительное:;состояние2_k-26.sig;-0.01176304;0.0004118855;3.705588;69;0.166781;7;2.377645;3.871408;257;3.538807
62;59007;55001;57006;1.602748E-09;0.9999998;ОС-1:;состояние1_k-16.sig;1 дополнительное:;состояние2_k-27.sig;-0.01176304;-0.0002744918;3.705588;69;0.1507853;408;2.37973;3.856752;38;3.554803
62;59007;55001;57006;1.602748E-09;0.9999998;ОС-1:;состояние1_k-16.sig;1 дополнительное:;состояние2_k-28.sig;-0.01176304;-0.0006786088;3.705588;69;0.104165;102;2.379641;3.803188;101;3.601424
62;59007;55001;57006;1.602748E-09;0.9999998;ОС-1:;состояние1_k-16.sig;1 дополнительное:;состояние2_k-29.sig;-0.01176304;-0.0002569934;3.705588;69;0.04036027;679;2.37763;3.745605;163;3.665228
62;59007;55001;57006;1.602748E-09;0.9999998;ОС-1:;состояние1_k-16.sig;1 дополнительное:;состояние2_k-30.sig;-0.01176304;0;3.705588;69;0.02858178;36;2.37693;3.734116;319;3.677006
62;59007;55001;57006;1.602748E-09;0.9999998;ОС-1:;состояние1_k-16.sig;1 дополнительное:;состояние2_k-31.sig;-0.01176304;-0.0006712501;3.705588;69;0.09007298;481;2.37765;3.795832;288;3.615515
62;59007;55001;57006;1.602748E-09;0.9999998;ОС-1:;состояние1_k-16.sig;1 дополнительное:;состояние2_k-32.sig;-0.01176304;-0.001593875;3.705588;69;0.1365702;55;2.378712;3.83841;7;3.569018
62;59007;55001;57006;1.602748E-09;0.9999998;ОС-1:;состояние1_k-16.sig;1 дополнительное:;состояние2_k-33.sig;-0.01176304;-0.001634941;3.705588;69;0.1623984;291;2.377503;3.866599;413;3.54319
62;59007;55001;57006;1.602748E-09;0.9999998;ОС-1:;состояние1_k-16.sig;1 дополнительное:;состояние2_k-34.sig;-0.01176304;-0.0007643613;3.705588;69;0.1648192;425;2.376773;3.864888;382;3.540769
62;59007;55001;57006;1.602748E-09;0.9999998;ОС-1:;состояние1_k-16.sig;1 дополнительное:;состояние2_k-35.sig;-0.01176304;0;3.705588;69;0.1441025;37;2.376909;3.849601;194;3.561486
62;59007;55001;57006;1.602748E-09;0.9999998;ОС-1:;состояние1_k-16.sig;1 дополнительное:;состояние2_k-36.sig;-0.01176304;1.1744E-05;3.705588;69;0.1031453;226;2.377926;3.803783;226;3.602443
62;59007;55001;57006;1.602748E-09;0.9999998;ОС-1:;состояние1_k-16.sig;1 дополнительное:;состояние2_k-37.sig;-0.01176304;-0.0002667819;3.705588;69;0.04850747;593;2.377563;3.753925;444;3.657081
62;59007;55001;57006;1.602748E-09;0.9999998;ОС-1:;состояние1_k-16.sig;1 дополнительное:;состояние2_k-38.sig;-0.01176304;-0.0001254382;3.705588;69;0.03495043;355;2.376821;3.739807;38;3.670638
62;59007;55001;57006;1.602748E-09;0.9999998;ОС-1:;состояние1_k-16.sig;1 дополнительное:;состояние2_k-39.sig;-0.01176304;0.0002557912;3.705588;69;0.1010371;699;2.376901;3.805604;288;3.604551
62;59007;55001;57006;1.602748E-09;0.9999998;ОС-1:;состояние1_k-16.sig;1 дополнительное:;состояние2_k-40.sig;-0.01176304;-6.631017E-09;3.705588;69;0.1686457;2;2.378058;3.859186;101;3.536943
62;59007;55001;57006;1.602748E-09;0.9999998;ОС-1:;состояние1_k-17.sig;1 дополнительное:;состояние2_k-21.sig;-0.03425082;0.008312883;3.010931;468;0.7867885;778;1.958006;3.796179;468;2.224143
62;59007;55001;57006;1.602748E-09;0.9999998;ОС-1:;состояние1_k-17.sig;1 дополнительное:;состояние2_k-22.sig;-0.03425082;0.005568013;3.010931;468;0.4424888;235;1.929743;3.449434;144;2.568443
62;59007;55001;57006;1.602748E-09;0.9999998;ОС-1:;состояние1_k-17.sig;1 дополнительное:;состояние2_k-23.sig;-0.03425082;0.0006019263;3.010931;468;0.1997794;216;1.927262;3.208286;86;2.811152
62;59007;55001;57006;1.602748E-09;0.9999998;ОС-1:;состояние1_k-17.sig;1 дополнительное:;состояние2_k-24.sig;-0.03425082;-0.000934307;3.010931;468;0.1023483;27;1.925295;3.112808;27;2.908583
62;59007;55001;57006;1.602748E-09;0.9999998;ОС-1:;состояние1_k-17.sig;1 дополнительное:;состояние2_k-25.sig;-0.03425082;0;3.010931;468;0.1423613;15;1.921285;3.153212;115;2.86857
62;59007;55001;57006;1.602748E-09;0.9999998;ОС-1:;состояние1_k-17.sig;1 дополнительное:;состояние2_k-26.sig;-0.03425082;0.0004118855;3.010931;468;0.166781;7;1.920347;3.175822;527;2.844151
62;59007;55001;57006;1.602748E-09;0.9999998;ОС-1:;состояние1_k-17.sig;1 дополнительное:;состояние2_k-27.sig;-0.03425082;-0.0002744918;3.010931;468;0.1507853;408;1.922478;3.16064;56;2.860146
62;59007;55001;57006;1.602748E-09;0.9999998;ОС-1:;состояние1_k-17.sig;1 дополнительное:;состояние2_k-28.sig;-0.03425082;-0.0006786088;3.010931;468;0.104165;102;1.923688;3.11438;674;2.906767
62;59007;55001;57006;1.602748E-09;0.9999998;ОС-1:;состояние1_k-17.sig;1 дополнительное:;состояние2_k-29.sig;-0.03425082;-0.0002569934;3.010931;468;0.04036027;679;1.922493;3.0477;350;2.970571
62;59007;55001;57006;1.602748E-09;0.9999998;ОС-1:;состояние1_k-17.sig;1 дополнительное:;состояние2_k-30.sig;-0.03425082;0;3.010931;468;0.02858178;36;1.920866;3.037866;203;2.98235
62;59007;55001;57006;1.602748E-09;0.9999998;ОС-1:;состояние1_k-17.sig;1 дополнительное:;состояние2_k-31.sig;-0.03425082;-0.0006712501;3.010931;468;0.09007298;481;1.921806;3.100301;174;2.920859
62;59007;55001;57006;1.602748E-09;0.9999998;ОС-1:;состояние1_k-17.sig;1 дополнительное:;состояние2_k-32.sig;-0.03425082;-0.001593875;3.010931;468;0.1365702;55;1.922838;3.145471;86;2.874361
62;59007;55001;57006;1.602748E-09;0.9999998;ОС-1:;состояние1_k-17.sig;1 дополнительное:;состояние2_k-33.sig;-0.03425082;-0.001634941;3.010931;468;0.1623984;291;1.922691;3.172939;321;2.848533
62;59007;55001;57006;1.602748E-09;0.9999998;ОС-1:;состояние1_k-17.sig;1 дополнительное:;состояние2_k-34.sig;-0.03425082;-0.0007643613;3.010931;468;0.1648192;425;1.92345;3.17186;527;2.846112
62;59007;55001;57006;1.602748E-09;0.9999998;ОС-1:;состояние1_k-17.sig;1 дополнительное:;состояние2_k-35.sig;-0.03425082;0;3.010931;468;0.1441025;37;1.920828;3.154116;380;2.866829
62;59007;55001;57006;1.602748E-09;0.9999998;ОС-1:;состояние1_k-17.sig;1 дополнительное:;состояние2_k-36.sig;-0.03425082;1.1744E-05;3.010931;468;0.1031453;226;1.920852;3.113944;615;2.907786
62;59007;55001;57006;1.602748E-09;0.9999998;ОС-1:;состояние1_k-17.sig;1 дополнительное:;состояние2_k-37.sig;-0.03425082;-0.0002667819;3.010931;468;0.04850747;593;1.921879;3.059233;174;2.962424
62;59007;55001;57006;1.602748E-09;0.9999998;ОС-1:;состояние1_k-17.sig;1 дополнительное:;состояние2_k-38.sig;-0.03425082;-0.0001254382;3.010931;468;0.03495043;355;1.921336;3.044829;762;2.975981
62;59007;55001;57006;1.602748E-09;0.9999998;ОС-1:;состояние1_k-17.sig;1 дополнительное:;состояние2_k-39.sig;-0.03425082;0.0002557912;3.010931;468;0.1010371;699;1.92042;3.110562;174;2.909894
62;59007;55001;57006;1.602748E-09;0.9999998;ОС-1:;состояние1_k-17.sig;1 дополнительное:;состояние2_k-40.sig;-0.03425082;-6.631017E-09;3.010931;468;0.1686457;2;1.920469;3.180585;115;2.842286
62;59007;55001;57006;1.602748E-09;0.9999998;ОС-1:;состояние1_k-18.sig;1 дополнительное:;состояние2_k-21.sig;-0.03741657;0.008312883;2.351522;378;0.7867885;778;1.570163;3.135146;350;1.564734
62;59007;55001;57006;1.602748E-09;0.9999998;ОС-1:;состояние1_k-18.sig;1 дополнительное:;состояние2_k-22.sig;-0.03741657;0.005568013;2.351522;378;0.4424888;235;1.513043;2.787586;212;1.909033
62;59007;55001;57006;1.602748E-09;0.9999998;ОС-1:;состояние1_k-18.sig;1 дополнительное:;состояние2_k-23.sig;-0.03741657;0.0006019263;2.351522;378;0.1997794;216;1.500486;2.549075;128;2.151742
62;59007;55001;57006;1.602748E-09;0.9999998;ОС-1:;состояние1_k-18.sig;1 дополнительное:;состояние2_k-24.sig;-0.03741657;-0.000934307;2.351522;378;0.1023483;27;1.499782;2.443962;45;2.249174
62;59007;55001;57006;1.602748E-09;0.9999998;ОС-1:;состояние1_k-18.sig;1 дополнительное:;состояние2_k-25.sig;-0.03741657;0;2.351522;378;0.1423613;15;1.498201;2.492471;295;2.209161
62;59007;55001;57006;1.602748E-09;0.9999998;ОС-1:;состояние1_k-18.sig;1 дополнительное:;состояние2_k-26.sig;-0.03741657;0.0004118855;2.351522;378;0.166781;7;1.49654;2.514507;239;2.184741
62;59007;55001;57006;1.602748E-09;0.9999998;ОС-1:;состояние1_k-18.sig;1 дополнительное:;состояние2_k-27.sig;-0.03741657;-0.0002744918;2.351522;378;0.1507853;408;1.497106;2.49328;295;2.200737
62;59007;55001;57006;1.602748E-09;0.9999998;ОС-1:;состояние1_k-18.sig;1 дополнительное:;состояние2_k-28.sig;-0.03741657;-0.0006786088;2.351522;378;0.104165;102;1.497793;2.454823;156;2.247357
62;59007;55001;57006;1.602748E-09;0.9999998;ОС-1:;состояние1_k-18.sig;1 дополнительное:;состояние2_k-29.sig;-0.03741657;-0.0002569934;2.351522;378;0.04036027;679;1.497573;2.391533;489;2.311162
62;59007;55001;57006;1.602748E-09;0.9999998;ОС-1:;состояние1_k-18.sig;1 дополнительное:;состояние2_k-30.sig;-0.03741657;0;2.351522;378;0.02858178;36;1.496382;2.375367;239;2.32294
62;59007;55001;57006;1.602748E-09;0.9999998;ОС-1:;состояние1_k-18.sig;1 дополнительное:;состояние2_k-31.sig;-0.03741657;-0.0006712501;2.351522;378;0.09007298;481;1.496114;2.441318;739;2.261449
62;59007;55001;57006;1.602748E-09;0.9999998;ОС-1:;состояние1_k-18.sig;1 дополнительное:;состояние2_k-32.sig;-0.03741657;-0.001593875;2.351522;378;0.1365702;55;1.4966;2.486147;461;2.214952
62;59007;55001;57006;1.602748E-09;0.9999998;ОС-1:;состояние1_k-18.sig;1 дополнительное:;состояние2_k-33.sig;-0.03741657;-0.001634941;2.351522;378;0.1623984;291;1.497816;2.51007;489;2.189124
62;59007;55001;57006;1.602748E-09;0.9999998;ОС-1:;состояние1_k-18.sig;1 дополнительное:;состояние2_k-34.sig;-0.03741657;-0.0007643613;2.351522;378;0.1648192;425;1.498171;2.513008;72;2.186703
62;59007;55001;57006;1.602748E-09;0.9999998;ОС-1:;состояние1_k-18.sig;1 дополнительное:;состояние2_k-35.sig;-0.03741657;0;2.351522;378;0.1441025;37;1.497292;2.491773;295;2.207419
62;59007;55001;57006;1.602748E-09;0.9999998;ОС-1:;состояние1_k-18.sig;1 дополнительное:;состояние2_k-36.sig;-0.03741657;1.1744E-05;2.351522;378;0.1031453;226;1.497663;2.453515;267;2.248377
62;59007;55001;57006;1.602748E-09;0.9999998;ОС-1:;состояние1_k-18.sig;1 дополнительное:;состояние2_k-37.sig;-0.03741657;-0.0002667819;2.351522;378;0.04850747;593;1.49673;2.399043;350;2.303015
62;59007;55001;57006;1.602748E-09;0.9999998;ОС-1:;состояние1_k-18.sig;1 дополнительное:;состояние2_k-38.sig;-0.03741657;-0.0001254382;2.351522;378;0.03495043;355;1.496757;2.383987;211;2.316571
62;59007;55001;57006;1.602748E-09;0.9999998;ОС-1:;состояние1_k-18.sig;1 дополнительное:;состояние2_k-39.sig;-0.03741657;0.0002557912;2.351522;378;0.1010371;699;1.496707;2.451816;378;2.250485
62;59007;55001;57006;1.602748E-09;0.9999998;ОС-1:;состояние1_k-18.sig;1 дополнительное:;состояние2_k-40.sig;-0.03741657;-6.631017E-09;2.351522;378;0.1686457;2;1.4973;2.519669;128;2.182876
62;59007;55001;57006;1.602748E-09;0.9999998;ОС-1:;состояние1_k-19.sig;1 дополнительное:;состояние2_k-21.sig;-0.01999049;0.008312883;1.750552;508;0.7867885;778;1.247249;2.535412;87;0.9637634
62;59007;55001;57006;1.602748E-09;0.9999998;ОС-1:;состояние1_k-19.sig;1 дополнительное:;состояние2_k-22.sig;-0.01999049;0.005568013;1.750552;508;0.4424888;235;1.154212;2.192671;8;1.308063
62;59007;55001;57006;1.602748E-09;0.9999998;ОС-1:;состояние1_k-19.sig;1 дополнительное:;состояние2_k-23.sig;-0.01999049;0.0006019263;1.750552;508;0.1997794;216;1.122837;1.948795;455;1.550773
62;59007;55001;57006;1.602748E-09;0.9999998;ОС-1:;состояние1_k-19.sig;1 дополнительное:;состояние2_k-24.sig;-0.01999049;-0.000934307;1.750552;508;0.1023483;27;1.120442;1.849748;297;1.648204
62;59007;55001;57006;1.602748E-09;0.9999998;ОС-1:;состояние1_k-19.sig;1 дополнительное:;состояние2_k-25.sig;-0.01999049;0;1.750552;508;0.1423613;15;1.122778;1.891092;34;1.608191
62;59007;55001;57006;1.602748E-09;0.9999998;ОС-1:;состояние1_k-19.sig;1 дополнительное:;состояние2_k-26.sig;-0.01999049;0.0004118855;1.750552;508;0.166781;7;1.121544;1.914978;8;1.583771
62;59007;55001;57006;1.602748E-09;0.9999998;ОС-1:;состояние1_k-19.sig;1 дополнительное:;состояние2_k-27.sig;-0.01999049;-0.0002744918;1.750552;508;0.1507853;408;1.119703;1.899923;482;1.599767
62;59007;55001;57006;1.602748E-09;0.9999998;ОС-1:;состояние1_k-19.sig;1 дополнительное:;состояние2_k-28.sig;-0.01999049;-0.0006786088;1.750552;508;0.104165;102;1.119439;1.854293;745;1.646387
62;59007;55001;57006;1.602748E-09;0.9999998;ОС-1:;состояние1_k-19.sig;1 дополнительное:;состояние2_k-29.sig;-0.01999049;-0.0002569934;1.750552;508;0.04036027;679;1.119899;1.7895;350;1.710192
62;59007;55001;57006;1.602748E-09;0.9999998;ОС-1:;состояние1_k-19.sig;1 дополнительное:;состояние2_k-30.sig;-0.01999049;0;1.750552;508;0.02858178;36;1.11938;1.77856;87;1.72197
62;59007;55001;57006;1.602748E-09;0.9999998;ОС-1:;состояние1_k-19.sig;1 дополнительное:;состояние2_k-31.sig;-0.01999049;-0.0006712501;1.750552;508;0.09007298;481;1.118813;1.83804;61;1.660479
62;59007;55001;57006;1.602748E-09;0.9999998;ОС-1:;состояние1_k-19.sig;1 дополнительное:;состояние2_k-32.sig;-0.01999049;-0.001593875;1.750552;508;0.1365702;55;1.119074;1.887157;508;1.613982
62;59007;55001;57006;1.602748E-09;0.9999998;ОС-1:;состояние1_k-19.sig;1 дополнительное:;состояние2_k-33.sig;-0.01999049;-0.001634941;1.750552;508;0.1623984;291;1.120479;1.911461;245;1.588154
62;59007;55001;57006;1.602748E-09;0.9999998;ОС-1:;состояние1_k-19.sig;1 дополнительное:;состояние2_k-34.sig;-0.01999049;-0.0007643613;1.750552;508;0.1648192;425;1.121332;1.915126;87;1.585733
62;59007;55001;57006;1.602748E-09;0.9999998;ОС-1:;состояние1_k-19.sig;1 дополнительное:;состояние2_k-35.sig;-0.01999049;0;1.750552;508;0.1441025;37;1.120825;1.893957;8;1.606449
62;59007;55001;57006;1.602748E-09;0.9999998;ОС-1:;состояние1_k-19.sig;1 дополнительное:;состояние2_k-36.sig;-0.01999049;1.1744E-05;1.750552;508;0.1031453;226;1.120078;1.853622;587;1.647407
62;59007;55001;57006;1.602748E-09;0.9999998;ОС-1:;состояние1_k-19.sig;1 дополнительное:;состояние2_k-37.sig;-0.01999049;-0.0002667819;1.750552;508;0.04850747;593;1.119362;1.796332;324;1.702044
62;59007;55001;57006;1.602748E-09;0.9999998;ОС-1:;состояние1_k-19.sig;1 дополнительное:;состояние2_k-38.sig;-0.01999049;-0.0001254382;1.750552;508;0.03495043;355;1.119674;1.765301;482;1.715602
62;59007;55001;57006;1.602748E-09;0.9999998;ОС-1:;состояние1_k-19.sig;1 дополнительное:;состояние2_k-39.sig;-0.01999049;0.0002557912;1.750552;508;0.1010371;699;1.120232;1.849553;455;1.649515
62;59007;55001;57006;1.602748E-09;0.9999998;ОС-1:;состояние1_k-19.sig;1 дополнительное:;состояние2_k-40.sig;-0.01999049;-6.631017E-09;1.750552;508;0.1686457;2;1.120556;1.917862;140;1.581906
62;59007;55001;57006;1.602748E-09;0.9999998;ОС-1:;состояние1_k-20.sig;1 дополнительное:;состояние2_k-21.sig;0;0.008312883;1.224861;25;0.7867885;778;0.9802819;2.0094;350;0.4380726
62;59007;55001;57006;1.602748E-09;0.9999998;ОС-1:;состояние1_k-20.sig;1 дополнительное:;состояние2_k-22.sig;0;0.005568013;1.224861;25;0.4424888;235;0.8445617;1.664046;75;0.7823724
62;59007;55001;57006;1.602748E-09;0.9999998;ОС-1:;состояние1_k-20.sig;1 дополнительное:;состояние2_k-23.sig;0;0.0006019263;1.224861;25;0.1997794;216;0.7878307;1.424435;325;1.025082
62;59007;55001;57006;1.602748E-09;0.9999998;ОС-1:;состояние1_k-20.sig;1 дополнительное:;состояние2_k-24.sig;0;-0.000934307;1.224861;25;0.1023483;27;0.7770757;1.323095;150;1.122513
62;59007;55001;57006;1.602748E-09;0.9999998;ОС-1:;состояние1_k-20.sig;1 дополнительное:;состояние2_k-25.sig;0;0;1.224861;25;0.1423613;15;0.7825199;1.367222;75;1.0825
62;59007;55001;57006;1.602748E-09;0.9999998;ОС-1:;состояние1_k-20.sig;1 дополнительное:;состояние2_k-26.sig;0;0.0004118855;1.224861;25;0.166781;7;0.7846696;1.390484;200;1.05808
62;59007;55001;57006;1.602748E-09;0.9999998;ОС-1:;состояние1_k-20.sig;1 дополнительное:;состояние2_k-27.sig;0;-0.0002744918;1.224861;25;0.1507853;408;0.781858;1.375394;575;1.074076
62;59007;55001;57006;1.602748E-09;0.9999998;ОС-1:;состояние1_k-20.sig;1 дополнительное:;состояние2_k-28.sig;0;-0.0006786088;1.224861;25;0.104165;102;0.7791674;1.322631;100;1.120696
62;59007;55001;57006;1.602748E-09;0.9999998;ОС-1:;состояние1_k-20.sig;1 дополнительное:;состояние2_k-29.sig;0;-0.0002569934;1.224861;25;0.04036027;679;0.7796049;1.265156;300;1.184501
62;59007;55001;57006;1.602748E-09;0.9999998;ОС-1:;состояние1_k-20.sig;1 дополнительное:;состояние2_k-30.sig;0;0;1.224861;25;0.02858178;36;0.780284;1.249922;0;1.196279
62;59007;55001;57006;1.602748E-09;0.9999998;ОС-1:;состояние1_k-20.sig;1 дополнительное:;состояние2_k-31.sig;0;-0.0006712501;1.224861;25;0.09007298;481;0.7793574;1.314582;175;1.134788
62;59007;55001;57006;1.602748E-09;0.9999998;ОС-1:;состояние1_k-20.sig;1 дополнительное:;состояние2_k-32.sig;0;-0.001593875;1.224861;25;0.1365702;55;0.7789266;1.356374;150;1.088291
62;59007;55001;57006;1.602748E-09;0.9999998;ОС-1:;состояние1_k-20.sig;1 дополнительное:;состояние2_k-33.sig;0;-0.001634941;1.224861;25;0.1623984;291;0.7799739;1.387221;200;1.062463
62;59007;55001;57006;1.602748E-09;0.9999998;ОС-1:;состояние1_k-20.sig;1 дополнительное:;состояние2_k-34.sig;0;-0.0007643613;1.224861;25;0.1648192;425;0.7819269;1.38968;175;1.060042
62;59007;55001;57006;1.602748E-09;0.9999998;ОС-1:;состояние1_k-20.sig;1 дополнительное:;состояние2_k-35.sig;0;0;1.224861;25;0.1441025;37;0.7827867;1.363072;150;1.080759
62;59007;55001;57006;1.602748E-09;0.9999998;ОС-1:;состояние1_k-20.sig;1 дополнительное:;состояние2_k-36.sig;0;1.1744E-05;1.224861;25;0.1031453;226;0.7809938;1.319733;74;1.121716
62;59007;55001;57006;1.602748E-09;0.9999998;ОС-1:;состояние1_k-20.sig;1 дополнительное:;состояние2_k-37.sig;0;-0.0002667819;1.224861;25;0.04850747;593;0.7796947;1.273297;350;1.176354
62;59007;55001;57006;1.602748E-09;0.9999998;ОС-1:;состояние1_k-20.sig;1 дополнительное:;состояние2_k-38.sig;0;-0.0001254382;1.224861;25;0.03495043;355;0.7800717;1.259736;250;1.189911
62;59007;55001;57006;1.602748E-09;0.9999998;ОС-1:;состояние1_k-20.sig;1 дополнительное:;состояние2_k-39.sig;0;0.0002557912;1.224861;25;0.1010371;699;0.7818044;1.325643;750;1.123824
62;59007;55001;57006;1.602748E-09;0.9999998;ОС-1:;состояние1_k-20.sig;1 дополнительное:;состояние2_k-40.sig;0;-6.631017E-09;1.224861;25;0.1686457;2;0.7851231;1.370636;1;1.056216
62;61005;50007;57006;1.697626E-09;1;ОС-1:;состояние1_k-1.sig;1 дополнительное:;состояние2_k-21.sig;0.2822638;0.008321153;1.265757;351;0.7884662;397;0.8331541;2.041605;373;0.4772905
62;61005;50007;57006;1.697626E-09;1;ОС-1:;состояние1_k-1.sig;1 дополнительное:;состояние2_k-22.sig;0.2822638;0.005544594;1.265757;351;0.4432855;144;0.7617718;1.708169;349;0.8224713
62;61005;50007;57006;1.697626E-09;1;ОС-1:;состояние1_k-1.sig;1 дополнительное:;состояние2_k-23.sig;0.2822638;0.0005530132;1.265757;351;0.2003767;42;0.7321733;1.458729;368;1.06538
62;61005;50007;57006;1.697626E-09;1;ОС-1:;состояние1_k-1.sig;1 дополнительное:;состояние2_k-24.sig;0.2822638;-0.0009696611;1.265757;351;0.1054258;110;0.7254987;1.367651;339;1.160331
62;61005;50007;57006;1.697626E-09;1;ОС-1:;состояние1_k-1.sig;1 дополнительное:;состояние2_k-25.sig;0.2822638;0;1.265757;351;0.1467895;15;0.729448;1.412103;355;1.118967
62;61005;50007;57006;1.697626E-09;1;ОС-1:;состояние1_k-1.sig;1 дополнительное:;состояние2_k-26.sig;0.2822638;0.0004266342;1.265757;351;0.1718531;7;0.7298937;1.430562;334;1.093904
62;61005;50007;57006;1.697626E-09;1;ОС-1:;состояние1_k-1.sig;1 дополнительное:;состояние2_k-27.sig;0.2822638;-0.0002810592;1.265757;351;0.1563324;408;0.7281623;1.421606;352;1.109424
62;61005;50007;57006;1.697626E-09;1;ОС-1:;состояние1_k-1.sig;1 дополнительное:;состояние2_k-28.sig;0.2822638;-0.0007142588;1.265757;351;0.1099742;102;0.7262682;1.368664;334;1.155783
62;61005;50007;57006;1.697626E-09;1;ОС-1:;состояние1_k-1.sig;1 дополнительное:;состояние2_k-29.sig;0.2822638;-0.0002920438;1.265757;351;0.04618205;748;0.7259628;1.311777;351;1.219575
62;61005;50007;57006;1.697626E-09;1;ОС-1:;состояние1_k-1.sig;1 дополнительное:;состояние2_k-30.sig;0.2822638;0;1.265757;351;0.02312427;3;0.7251314;1.288759;353;1.242633
62;61005;50007;57006;1.697626E-09;1;ОС-1:;состояние1_k-1.sig;1 дополнительное:;состояние2_k-31.sig;0.2822638;-0.0006318715;1.265757;351;0.08491091;352;0.7265264;1.345193;336;1.180846
62;61005;50007;57006;1.697626E-09;1;ОС-1:;состояние1_k-1.sig;1 дополнительное:;состояние2_k-32.sig;0.2822638;-0.001541425;1.265757;351;0.1319811;55;0.726043;1.397601;352;1.133776
62;61005;50007;57006;1.697626E-09;1;ОС-1:;состояние1_k-1.sig;1 дополнительное:;состояние2_k-33.sig;0.2822638;-0.001598089;1.265757;351;0.1584511;685;0.7275668;1.418573;337;1.107306
62;61005;50007;57006;1.697626E-09;1;ОС-1:;состояние1_k-1.sig;1 дополнительное:;состояние2_k-34.sig;0.2822638;-0.0007510972;1.265757;351;0.1615591;425;0.7283849;1.426415;351;1.104198
62;61005;50007;57006;1.697626E-09;1;ОС-1:;состояние1_k-1.sig;1 дополнительное:;состояние2_k-35.sig;0.2822638;0;1.265757;351;0.1414964;37;0.7282068;1.402514;337;1.12426
62;61005;50007;57006;1.697626E-09;1;ОС-1:;состояние1_k-1.sig;1 дополнительное:;состояние2_k-36.sig;0.2822638;1.047378E-05;1.265757;351;0.1011154;226;0.7265257;1.366872;351;1.164641
62;61005;50007;57006;1.697626E-09;1;ОС-1:;состояние1_k-1.sig;1 дополнительное:;состояние2_k-37.sig;0.2822638;-0.0002652423;1.265757;351;0.04707476;647;0.7240907;1.309046;363;1.218682
62;61005;50007;57006;1.697626E-09;1;ОС-1:;состояние1_k-1.sig;1 дополнительное:;состояние2_k-38.sig;0.2822638;-0.0001221726;1.265757;351;0.03611154;197;0.7250547;1.299874;342;1.229645
62;61005;50007;57006;1.697626E-09;1;ОС-1:;состояние1_k-1.sig;1 дополнительное:;состояние2_k-39.sig;0.2822638;0.0002590268;1.265757;351;0.1024275;699;0.7266397;1.367999;353;1.163329
62;61005;50007;57006;1.697626E-09;1;ОС-1:;состояние1_k-1.sig;1 дополнительное:;состояние2_k-40.sig;0.2822638;-2.667308E-08;1.265757;351;0.1701242;2;0.7296544;1.434116;340;1.095633
62;61005;50007;57006;1.697626E-09;1;ОС-1:;состояние1_k-2.sig;1 дополнительное:;состояние2_k-21.sig;0.3852465;0.008321153;2.488065;101;0.7884662;397;1.604969;3.274819;349;1.699598
62;61005;50007;57006;1.697626E-09;1;ОС-1:;состояние1_k-2.sig;1 дополнительное:;состояние2_k-22.sig;0.3852465;0.005544594;2.488065;101;0.4432855;144;1.594856;2.852057;120;2.044779
62;61005;50007;57006;1.697626E-09;1;ОС-1:;состояние1_k-2.sig;1 дополнительное:;состояние2_k-23.sig;0.3852465;0.0005530132;2.488065;101;0.2003767;42;1.575071;2.684677;347;2.287688
62;61005;50007;57006;1.697626E-09;1;ОС-1:;состояние1_k-2.sig;1 дополнительное:;состояние2_k-24.sig;0.3852465;-0.0009696611;2.488065;101;0.1054258;110;1.575114;2.578827;359;2.382639
62;61005;50007;57006;1.697626E-09;1;ОС-1:;состояние1_k-2.sig;1 дополнительное:;состояние2_k-25.sig;0.3852465;0;2.488065;101;0.1467895;15;1.571786;2.628311;595;2.341275
62;61005;50007;57006;1.697626E-09;1;ОС-1:;состояние1_k-2.sig;1 дополнительное:;состояние2_k-26.sig;0.3852465;0.0004266342;2.488065;101;0.1718531;7;1.578391;2.658918;103;2.316211
62;61005;50007;57006;1.697626E-09;1;ОС-1:;состояние1_k-2.sig;1 дополнительное:;состояние2_k-27.sig;0.3852465;-0.0002810592;2.488065;101;0.1563324;408;1.572094;2.633906;94;2.331732
62;61005;50007;57006;1.697626E-09;1;ОС-1:;состояние1_k-2.sig;1 дополнительное:;состояние2_k-28.sig;0.3852465;-0.0007142588;2.488065;101;0.1099742;102;1.574252;2.597755;352;2.37809
62;61005;50007;57006;1.697626E-09;1;ОС-1:;состояние1_k-2.sig;1 дополнительное:;состояние2_k-29.sig;0.3852465;-0.0002920438;2.488065;101;0.04618205;748;1.573682;2.52421;594;2.441882
62;61005;50007;57006;1.697626E-09;1;ОС-1:;состояние1_k-2.sig;1 дополнительное:;состояние2_k-30.sig;0.3852465;0;2.488065;101;0.02312427;3;1.573521;2.48388;92;2.46494
62;61005;50007;57006;1.697626E-09;1;ОС-1:;состояние1_k-2.sig;1 дополнительное:;состояние2_k-31.sig;0.3852465;-0.0006318715;2.488065;101;0.08491091;352;1.572331;2.572691;352;2.403154
62;61005;50007;57006;1.697626E-09;1;ОС-1:;состояние1_k-2.sig;1 дополнительное:;состояние2_k-32.sig;0.3852465;-0.001541425;2.488065;101;0.1319811;55;1.574417;2.619661;102;2.356083
62;61005;50007;57006;1.697626E-09;1;ОС-1:;состояние1_k-2.sig;1 дополнительное:;состояние2_k-33.sig;0.3852465;-0.001598089;2.488065;101;0.1584511;685;1.574968;2.645787;352;2.329613
62;61005;50007;57006;1.697626E-09;1;ОС-1:;состояние1_k-2.sig;1 дополнительное:;состояние2_k-34.sig;0.3852465;-0.0007510972;2.488065;101;0.1615591;425;1.566862;2.612278;87;2.326505
62;61005;50007;57006;1.697626E-09;1;ОС-1:;состояние1_k-2.sig;1 дополнительное:;состояние2_k-35.sig;0.3852465;0;2.488065;101;0.1414964;37;1.573822;2.629235;351;2.346568
62;61005;50007;57006;1.697626E-09;1;ОС-1:;состояние1_k-2.sig;1 дополнительное:;состояние2_k-36.sig;0.3852465;1.047378E-05;2.488065;101;0.1011154;226;1.573071;2.58918;101;2.386949
62;61005;50007;57006;1.697626E-09;1;ОС-1:;состояние1_k-2.sig;1 дополнительное:;состояние2_k-37.sig;0.3852465;-0.0002652423;2.488065;101;0.04707476;647;1.572471;2.534915;350;2.44099
62;61005;50007;57006;1.697626E-09;1;ОС-1:;состояние1_k-2.sig;1 дополнительное:;состояние2_k-38.sig;0.3852465;-0.0001221726;2.488065;101;0.03611154;197;1.572262;2.521323;104;2.451953
62;61005;50007;57006;1.697626E-09;1;ОС-1:;состояние1_k-2.sig;1 дополнительное:;состояние2_k-39.sig;0.3852465;0.0002590268;2.488065;101;0.1024275;699;1.573799;2.586758;97;2.385637
62;61005;50007;57006;1.697626E-09;1;ОС-1:;состояние1_k-2.sig;1 дополнительное:;состояние2_k-40.sig;0.3852465;-2.667308E-08;2.488065;101;0.1701242;2;1.574494;2.657905;352;2.31794
62;61005;50007;57006;1.697626E-09;1;ОС-1:;состояние1_k-3.sig;1 дополнительное:;состояние2_k-21.sig;0.2776146;0.008321153;3.625594;684;0.7884662;397;2.356526;4.121122;38;2.837127
62;61005;50007;57006;1.697626E-09;1;ОС-1:;состояние1_k-3.sig;1 дополнительное:;состояние2_k-22.sig;0.2776146;0.005544594;3.625594;684;0.4432855;144;2.288645;4.066065;349;3.182308
62;61005;50007;57006;1.697626E-09;1;ОС-1:;состояние1_k-3.sig;1 дополнительное:;состояние2_k-23.sig;0.2776146;0.0005530132;3.625594;684;0.2003767;42;2.289343;3.821646;20;3.425217
62;61005;50007;57006;1.697626E-09;1;ОС-1:;состояние1_k-3.sig;1 дополнительное:;состояние2_k-24.sig;0.2776146;-0.0009696611;3.625594;684;0.1054258;110;2.288436;3.694983;190;3.520168
62;61005;50007;57006;1.697626E-09;1;ОС-1:;состояние1_k-3.sig;1 дополнительное:;состояние2_k-25.sig;0.2776146;0;3.625594;684;0.1467895;15;2.285677;3.764948;354;3.478804
62;61005;50007;57006;1.697626E-09;1;ОС-1:;состояние1_k-3.sig;1 дополнительное:;состояние2_k-26.sig;0.2776146;0.0004266342;3.625594;684;0.1718531;7;2.283898;3.789201;681;3.453741
62;61005;50007;57006;1.697626E-09;1;ОС-1:;состояние1_k-3.sig;1 дополнительное:;состояние2_k-27.sig;0.2776146;-0.0002810592;3.625594;684;0.1563324;408;2.296687;3.780516;352;3.469261
62;61005;50007;57006;1.697626E-09;1;ОС-1:;состояние1_k-3.sig;1 дополнительное:;состояние2_k-28.sig;0.2776146;-0.0007142588;3.625594;684;0.1099742;102;2.28581;3.725204;14;3.51562
62;61005;50007;57006;1.697626E-09;1;ОС-1:;состояние1_k-3.sig;1 дополнительное:;состояние2_k-29.sig;0.2776146;-0.0002920438;3.625594;684;0.04618205;748;2.286228;3.671588;351;3.579412
62;61005;50007;57006;1.697626E-09;1;ОС-1:;состояние1_k-3.sig;1 дополнительное:;состояние2_k-30.sig;0.2776146;0;3.625594;684;0.02312427;3;2.286189;3.647546;685;3.602469
62;61005;50007;57006;1.697626E-09;1;ОС-1:;состояние1_k-3.sig;1 дополнительное:;состояние2_k-31.sig;0.2776146;-0.0006318715;3.625594;684;0.08491091;352;2.286025;3.7021;14;3.540683
62;61005;50007;57006;1.697626E-09;1;ОС-1:;состояние1_k-3.sig;1 дополнительное:;состояние2_k-32.sig;0.2776146;-0.001541425;3.625594;684;0.1319811;55;2.285912;3.756511;352;3.493613
62;61005;50007;57006;1.697626E-09;1;ОС-1:;состояние1_k-3.sig;1 дополнительное:;состояние2_k-33.sig;0.2776146;-0.001598089;3.625594;684;0.1584511;685;2.295369;3.674138;172;3.467143
62;61005;50007;57006;1.697626E-09;1;ОС-1:;состояние1_k-3.sig;1 дополнительное:;состояние2_k-34.sig;0.2776146;-0.0007510972;3.625594;684;0.1615591;425;2.284721;3.786225;351;3.464035
62;61005;50007;57006;1.697626E-09;1;ОС-1:;состояние1_k-3.sig;1 дополнительное:;состояние2_k-35.sig;0.2776146;0;3.625594;684;0.1414964;37;2.284441;3.756622;181;3.484097
62;61005;50007;57006;1.697626E-09;1;ОС-1:;состояние1_k-3.sig;1 дополнительное:;состояние2_k-36.sig;0.2776146;1.047378E-05;3.625594;684;0.1011154;226;2.286164;3.726683;351;3.524478
62;61005;50007;57006;1.697626E-09;1;ОС-1:;состояние1_k-3.sig;1 дополнительное:;состояние2_k-37.sig;0.2776146;-0.0002652423;3.625594;684;0.04707476;647;2.286553;3.667392;186;3.578519
62;61005;50007;57006;1.697626E-09;1;ОС-1:;состояние1_k-3.sig;1 дополнительное:;состояние2_k-38.sig;0.2776146;-0.0001221726;3.625594;684;0.03611154;197;2.286142;3.66168;684;3.589482
62;61005;50007;57006;1.697626E-09;1;ОС-1:;состояние1_k-3.sig;1 дополнительное:;состояние2_k-39.sig;0.2776146;0.0002590268;3.625594;684;0.1024275;699;2.29016;3.725621;19;3.523166
62;61005;50007;57006;1.697626E-09;1;ОС-1:;состояние1_k-3.sig;1 дополнительное:;состояние2_k-40.sig;0.2776146;-2.667308E-08;3.625594;684;0.1701242;2;2.28492;3.793026;15;3.45547
62;61005;50007;57006;1.697626E-09;1;ОС-1:;состояние1_k-4.sig;1 дополнительное:;состояние2_k-21.sig;0.09203565;0.008321153;4.640979;226;0.7884662;397;2.911361;5.426201;350;3.852513
62;61005;50007;57006;1.697626E-09;1;ОС-1:;состояние1_k-4.sig;1 дополнительное:;состояние2_k-22.sig;0.09203565;0.005544594;4.640979;226;0.4432855;144;2.888972;5.078966;99;4.197693
62;61005;50007;57006;1.697626E-09;1;ОС-1:;состояние1_k-4.sig;1 дополнительное:;состояние2_k-23.sig;0.09203565;0.0005530132;4.640979;226;0.2003767;42;2.881693;4.824316;348;4.440602
62;61005;50007;57006;1.697626E-09;1;ОС-1:;состояние1_k-4.sig;1 дополнительное:;состояние2_k-24.sig;0.09203565;-0.0009696611;4.640979;226;0.1054258;110;2.87901;4.69075;105;4.535553
62;61005;50007;57006;1.697626E-09;1;ОС-1:;состояние1_k-4.sig;1 дополнительное:;состояние2_k-25.sig;0.09203565;0;4.640979;226;0.1467895;15;2.878817;4.786982;475;4.494189
62;61005;50007;57006;1.697626E-09;1;ОС-1:;состояние1_k-4.sig;1 дополнительное:;состояние2_k-26.sig;0.09203565;0.0004266342;4.640979;226;0.1718531;7;2.880159;4.807753;352;4.469126
62;61005;50007;57006;1.697626E-09;1;ОС-1:;состояние1_k-4.sig;1 дополнительное:;состояние2_k-27.sig;0.09203565;-0.0002810592;4.640979;226;0.1563324;408;2.882231;4.78967;724;4.484646
62;61005;50007;57006;1.697626E-09;1;ОС-1:;состояние1_k-4.sig;1 дополнительное:;состояние2_k-28.sig;0.09203565;-0.0007142588;4.640979;226;0.1099742;102;2.869897;4.749216;101;4.531004
62;61005;50007;57006;1.697626E-09;1;ОС-1:;состояние1_k-4.sig;1 дополнительное:;состояние2_k-29.sig;0.09203565;-0.0002920438;4.640979;226;0.04618205;748;2.881231;4.674541;727;4.594797
62;61005;50007;57006;1.697626E-09;1;ОС-1:;состояние1_k-4.sig;1 дополнительное:;состояние2_k-30.sig;0.09203565;0;4.640979;226;0.02312427;3;2.879787;4.66257;101;4.617855
62;61005;50007;57006;1.697626E-09;1;ОС-1:;состояние1_k-4.sig;1 дополнительное:;состояние2_k-31.sig;0.09203565;-0.0006318715;4.640979;226;0.08491091;352;2.879683;4.724258;351;4.556068
62;61005;50007;57006;1.697626E-09;1;ОС-1:;состояние1_k-4.sig;1 дополнительное:;состояние2_k-32.sig;0.09203565;-0.001541425;4.640979;226;0.1319811;55;2.881266;4.771335;226;4.508998
62;61005;50007;57006;1.697626E-09;1;ОС-1:;состояние1_k-4.sig;1 дополнительное:;состояние2_k-33.sig;0.09203565;-0.001598089;4.640979;226;0.1584511;685;2.881165;4.79805;351;4.482528
62;61005;50007;57006;1.697626E-09;1;ОС-1:;состояние1_k-4.sig;1 дополнительное:;состояние2_k-34.sig;0.09203565;-0.0007510972;4.640979;226;0.1615591;425;2.881152;4.801637;101;4.47942
62;61005;50007;57006;1.697626E-09;1;ОС-1:;состояние1_k-4.sig;1 дополнительное:;состояние2_k-35.sig;0.09203565;0;4.640979;226;0.1414964;37;2.880924;4.782149;351;4.499483
62;61005;50007;57006;1.697626E-09;1;ОС-1:;состояние1_k-4.sig;1 дополнительное:;состояние2_k-36.sig;0.09203565;1.047378E-05;4.640979;226;0.1011154;226;2.871508;4.575897;93;4.539864
62;61005;50007;57006;1.697626E-09;1;ОС-1:;состояние1_k-4.sig;1 дополнительное:;состояние2_k-37.sig;0.09203565;-0.0002652423;4.640979;226;0.04707476;647;2.880569;4.687152;350;4.593904
62;61005;50007;57006;1.697626E-09;1;ОС-1:;состояние1_k-4.sig;1 дополнительное:;состояние2_k-38.sig;0.09203565;-0.0001221726;4.640979;226;0.03611154;197;2.879786;4.673427;475;4.604867
62;61005;50007;57006;1.697626E-09;1;ОС-1:;состояние1_k-4.sig;1 дополнительное:;состояние2_k-39.sig;0.09203565;0.0002590268;4.640979;226;0.1024275;699;2.879048;4.742247;225;4.538551
62;61005;50007;57006;1.697626E-09;1;ОС-1:;состояние1_k-4.sig;1 дополнительное:;состояние2_k-40.sig;0.09203565;-2.667308E-08;4.640979;226;0.1701242;2;2.88019;4.808957;102;4.470855
62;61005;50007;57006;1.697626E-09;1;ОС-1:;состояние1_k-5.sig;1 дополнительное:;состояние2_k-21.sig;0;0.008321153;5.502814;151;0.7884662;397;3.517489;6.268566;253;4.714348
62;61005;50007;57006;1.697626E-09;1;ОС-1:;состояние1_k-5.sig;1 дополнительное:;состояние2_k-22.sig;0;0.005544594;5.502814;151;0.4432855;144;3.511788;5.93704;349;5.059529
62;61005;50007;57006;1.697626E-09;1;ОС-1:;состояние1_k-5.sig;1 дополнительное:;состояние2_k-23.sig;0;0.0005530132;5.502814;151;0.2003767;42;3.508435;5.702959;151;5.302438
62;61005;50007;57006;1.697626E-09;1;ОС-1:;состояние1_k-5.sig;1 дополнительное:;состояние2_k-24.sig;0;-0.0009696611;5.502814;151;0.1054258;110;3.503977;5.607571;651;5.397388
62;61005;50007;57006;1.697626E-09;1;ОС-1:;состояние1_k-5.sig;1 дополнительное:;состояние2_k-25.sig;0;0;5.502814;151;0.1467895;15;3.518908;5.6327;52;5.356025
62;61005;50007;57006;1.697626E-09;1;ОС-1:;состояние1_k-5.sig;1 дополнительное:;состояние2_k-26.sig;0;0.0004266342;5.502814;151;0.1718531;7;3.499239;5.639331;48;5.330961
62;61005;50007;57006;1.697626E-09;1;ОС-1:;состояние1_k-5.sig;1 дополнительное:;состояние2_k-27.sig;0;-0.0002810592;5.502814;151;0.1563324;408;3.500849;5.654689;352;5.346482
62;61005;50007;57006;1.697626E-09;1;ОС-1:;состояние1_k-5.sig;1 дополнительное:;состояние2_k-28.sig;0;-0.0007142588;5.502814;151;0.1099742;102;3.502547;5.60726;550;5.39284
62;61005;50007;57006;1.697626E-09;1;ОС-1:;состояние1_k-5.sig;1 дополнительное:;состояние2_k-29.sig;0;-0.0002920438;5.502814;151;0.04618205;748;3.503242;5.548834;351;5.456632
62;61005;50007;57006;1.697626E-09;1;ОС-1:;состояние1_k-5.sig;1 дополнительное:;состояние2_k-30.sig;0;0;5.502814;151;0.02312427;3;3.503326;5.524406;151;5.47969
62;61005;50007;57006;1.697626E-09;1;ОС-1:;состояние1_k-5.sig;1 дополнительное:;состояние2_k-31.sig;0;-0.0006318715;5.502814;151;0.08491091;352;3.50342;5.583934;450;5.417903
62;61005;50007;57006;1.697626E-09;1;ОС-1:;состояние1_k-5.sig;1 дополнительное:;состояние2_k-32.sig;0;-0.001541425;5.502814;151;0.1319811;55;3.503399;5.633171;351;5.370833
62;61005;50007;57006;1.697626E-09;1;ОС-1:;состояние1_k-5.sig;1 дополнительное:;состояние2_k-33.sig;0;-0.001598089;5.502814;151;0.1584511;685;3.502726;5.653293;50;5.344363
62;61005;50007;57006;1.697626E-09;1;ОС-1:;состояние1_k-5.sig;1 дополнительное:;состояние2_k-34.sig;0;-0.0007510972;5.502814;151;0.1615591;425;3.501408;5.663472;351;5.341255
62;61005;50007;57006;1.697626E-09;1;ОС-1:;состояние1_k-5.sig;1 дополнительное:;состояние2_k-35.sig;0;0;5.502814;151;0.1414964;37;3.516017;5.387303;45;5.361318
62;61005;50007;57006;1.697626E-09;1;ОС-1:;состояние1_k-5.sig;1 дополнительное:;состояние2_k-36.sig;0;1.047378E-05;5.502814;151;0.1011154;226;3.501549;5.60393;351;5.401699
62;61005;50007;57006;1.697626E-09;1;ОС-1:;состояние1_k-5.sig;1 дополнительное:;состояние2_k-37.sig;0;-0.0002652423;5.502814;151;0.04707476;647;3.502814;5.54741;51;5.455739
62;61005;50007;57006;1.697626E-09;1;ОС-1:;состояние1_k-5.sig;1 дополнительное:;состояние2_k-38.sig;0;-0.0001221726;5.502814;151;0.03611154;197;3.503671;5.537372;250;5.466703
62;61005;50007;57006;1.697626E-09;1;ОС-1:;состояние1_k-5.sig;1 дополнительное:;состояние2_k-39.sig;0;0.0002590268;5.502814;151;0.1024275;699;3.503937;5.598985;352;5.400387
62;61005;50007;57006;1.697626E-09;1;ОС-1:;состояние1_k-5.sig;1 дополнительное:;состояние2_k-40.sig;0;-2.667308E-08;5.502814;151;0.1701242;2;3.504592;5.668928;52;5.33269
62;61005;50007;57006;1.697626E-09;1;ОС-1:;состояние1_k-6.sig;1 дополнительное:;состояние2_k-21.sig;0.06362138;0.008321153;6.187057;434;0.7884662;397;4.024898;6.97061;350;5.398591
62;61005;50007;57006;1.697626E-09;1;ОС-1:;состояние1_k-6.sig;1 дополнительное:;состояние2_k-22.sig;0.06362138;0.005544594;6.187057;434;0.4432855;144;4.018974;6.567379;187;5.743772
62;61005;50007;57006;1.697626E-09;1;ОС-1:;состояние1_k-6.sig;1 дополнительное:;состояние2_k-23.sig;0.06362138;0.0005530132;6.187057;434;0.2003767;42;4.011653;6.375665;518;5.986681
62;61005;50007;57006;1.697626E-09;1;ОС-1:;состояние1_k-6.sig;1 дополнительное:;состояние2_k-24.sig;0.06362138;-0.0009696611;6.187057;434;0.1054258;110;4.010661;6.217333;19;6.081632
62;61005;50007;57006;1.697626E-09;1;ОС-1:;состояние1_k-6.sig;1 дополнительное:;состояние2_k-25.sig;0.06362138;0;6.187057;434;0.1467895;15;4.014374;6.33311;434;6.040268
62;61005;50007;57006;1.697626E-09;1;ОС-1:;состояние1_k-6.sig;1 дополнительное:;состояние2_k-26.sig;0.06362138;0.0004266342;6.187057;434;0.1718531;7;4.015653;6.349165;102;6.015204
62;61005;50007;57006;1.697626E-09;1;ОС-1:;состояние1_k-6.sig;1 дополнительное:;состояние2_k-27.sig;0.06362138;-0.0002810592;6.187057;434;0.1563324;408;4.013154;6.339159;518;6.030725
62;61005;50007;57006;1.697626E-09;1;ОС-1:;состояние1_k-6.sig;1 дополнительное:;состояние2_k-28.sig;0.06362138;-0.0007142588;6.187057;434;0.1099742;102;4.010371;6.295056;351;6.077083
62;61005;50007;57006;1.697626E-09;1;ОС-1:;состояние1_k-6.sig;1 дополнительное:;состояние2_k-29.sig;0.06362138;-0.0002920438;6.187057;434;0.04618205;748;4.011022;6.23018;767;6.140875
62;61005;50007;57006;1.697626E-09;1;ОС-1:;состояние1_k-6.sig;1 дополнительное:;состояние2_k-30.sig;0.06362138;0;6.187057;434;0.02312427;3;4.010491;6.166028;184;6.163933
62;61005;50007;57006;1.697626E-09;1;ОС-1:;состояние1_k-6.sig;1 дополнительное:;состояние2_k-31.sig;0.06362138;-0.0006318715;6.187057;434;0.08491091;352;4.016217;6.270099;351;6.102147
62;61005;50007;57006;1.697626E-09;1;ОС-1:;состояние1_k-6.sig;1 дополнительное:;состояние2_k-32.sig;0.06362138;-0.001541425;6.187057;434;0.1319811;55;4.016407;6.317176;101;6.055077
62;61005;50007;57006;1.697626E-09;1;ОС-1:;состояние1_k-6.sig;1 дополнительное:;состояние2_k-33.sig;0.06362138;-0.001598089;6.187057;434;0.1584511;685;4.015274;6.343891;351;6.028606
62;61005;50007;57006;1.697626E-09;1;ОС-1:;состояние1_k-6.sig;1 дополнительное:;состояние2_k-34.sig;0.06362138;-0.0007510972;6.187057;434;0.1615591;425;4.014542;6.312905;16;6.025498
62;61005;50007;57006;1.697626E-09;1;ОС-1:;состояние1_k-6.sig;1 дополнительное:;состояние2_k-35.sig;0.06362138;0;6.187057;434;0.1414964;37;4.014239;6.32799;351;6.045561
62;61005;50007;57006;1.697626E-09;1;ОС-1:;состояние1_k-6.sig;1 дополнительное:;состояние2_k-36.sig;0.06362138;1.047378E-05;6.187057;434;0.1011154;226;4.014156;6.287956;434;6.085942
62;61005;50007;57006;1.697626E-09;1;ОС-1:;состояние1_k-6.sig;1 дополнительное:;состояние2_k-37.sig;0.06362138;-0.0002652423;6.187057;434;0.04707476;647;4.013186;6.232195;768;6.139983
62;61005;50007;57006;1.697626E-09;1;ОС-1:;состояние1_k-6.sig;1 дополнительное:;состояние2_k-38.sig;0.06362138;-0.0001221726;6.187057;434;0.03611154;197;4.012895;6.208405;101;6.150946
62;61005;50007;57006;1.697626E-09;1;ОС-1:;состояние1_k-6.sig;1 дополнительное:;состояние2_k-39.sig;0.06362138;0.0002590268;6.187057;434;0.1024275;699;4.014179;6.281518;185;6.08463
62;61005;50007;57006;1.697626E-09;1;ОС-1:;состояние1_k-6.sig;1 дополнительное:;состояние2_k-40.sig;0.06362138;-2.667308E-08;6.187057;434;0.1701242;2;4.016531;6.350369;352;6.016933
62;61005;50007;57006;1.697626E-09;1;ОС-1:;состояние1_k-7.sig;1 дополнительное:;состояние2_k-21.sig;0.1959388;0.008321153;6.677372;65;0.7884662;397;4.439852;6.007174;144;5.888906
62;61005;50007;57006;1.697626E-09;1;ОС-1:;состояние1_k-7.sig;1 дополнительное:;состояние2_k-22.sig;0.1959388;0.005544594;6.677372;65;0.4432855;144;4.26082;7.11699;280;6.234087
62;61005;50007;57006;1.697626E-09;1;ОС-1:;состояние1_k-7.sig;1 дополнительное:;состояние2_k-23.sig;0.1959388;0.0005530132;6.677372;65;0.2003767;42;4.26954;6.874273;65;6.476996
62;61005;50007;57006;1.697626E-09;1;ОС-1:;состояние1_k-7.sig;1 дополнительное:;состояние2_k-24.sig;0.1959388;-0.0009696611;6.677372;65;0.1054258;110;4.275334;6.776181;279;6.571947
62;61005;50007;57006;1.697626E-09;1;ОС-1:;состояние1_k-7.sig;1 дополнительное:;состояние2_k-25.sig;0.1959388;0;6.677372;65;0.1467895;15;4.276966;6.819951;136;6.530583
62;61005;50007;57006;1.697626E-09;1;ОС-1:;состояние1_k-7.sig;1 дополнительное:;состояние2_k-26.sig;0.1959388;0.0004266342;6.677372;65;0.1718531;7;4.275756;6.848979;65;6.505519
62;61005;50007;57006;1.697626E-09;1;ОС-1:;состояние1_k-7.sig;1 дополнительное:;состояние2_k-27.sig;0.1959388;-0.0002810592;6.677372;65;0.1563324;408;4.273815;6.828595;351;6.52104
62;61005;50007;57006;1.697626E-09;1;ОС-1:;состояние1_k-7.sig;1 дополнительное:;состояние2_k-28.sig;0.1959388;-0.0007142588;6.677372;65;0.1099742;102;4.273284;6.785005;708;6.567398
62;61005;50007;57006;1.697626E-09;1;ОС-1:;состояние1_k-7.sig;1 дополнительное:;состояние2_k-29.sig;0.1959388;-0.0002920438;6.677372;65;0.04618205;748;4.273399;6.722965;351;6.63119
62;61005;50007;57006;1.697626E-09;1;ОС-1:;состояние1_k-7.sig;1 дополнительное:;состояние2_k-30.sig;0.1959388;0;6.677372;65;0.02312427;3;4.273799;6.699133;136;6.654248
62;61005;50007;57006;1.697626E-09;1;ОС-1:;состояние1_k-7.sig;1 дополнительное:;состояние2_k-31.sig;0.1959388;-0.0006318715;6.677372;65;0.08491091;352;4.274149;6.76007;208;6.592462
62;61005;50007;57006;1.697626E-09;1;ОС-1:;состояние1_k-7.sig;1 дополнительное:;состояние2_k-32.sig;0.1959388;-0.001541425;6.677372;65;0.1319811;55;4.275321;6.807302;351;6.545392
62;61005;50007;57006;1.697626E-09;1;ОС-1:;состояние1_k-7.sig;1 дополнительное:;состояние2_k-33.sig;0.1959388;-0.001598089;6.677372;65;0.1584511;685;4.277742;6.830608;65;6.518921
62;61005;50007;57006;1.697626E-09;1;ОС-1:;состояние1_k-7.sig;1 дополнительное:;состояние2_k-34.sig;0.1959388;-0.0007510972;6.677372;65;0.1615591;425;4.280301;6.837603;351;6.515813
62;61005;50007;57006;1.697626E-09;1;ОС-1:;состояние1_k-7.sig;1 дополнительное:;состояние2_k-35.sig;0.1959388;0;6.677372;65;0.1414964;37;4.25753;6.5382;493;6.535876
62;61005;50007;57006;1.697626E-09;1;ОС-1:;состояние1_k-7.sig;1 дополнительное:;состояние2_k-36.sig;0.1959388;1.047378E-05;6.677372;65;0.1011154;226;4.277849;6.77806;351;6.576257
62;61005;50007;57006;1.697626E-09;1;ОС-1:;состояние1_k-7.sig;1 дополнительное:;состояние2_k-37.sig;0.1959388;-0.0002652423;6.677372;65;0.04707476;647;4.274584;6.723385;65;6.630298
62;61005;50007;57006;1.697626E-09;1;ОС-1:;состояние1_k-7.sig;1 дополнительное:;состояние2_k-38.sig;0.1959388;-0.0001221726;6.677372;65;0.03611154;197;4.273188;6.713301;565;6.641261
62;61005;50007;57006;1.697626E-09;1;ОС-1:;состояние1_k-7.sig;1 дополнительное:;состояние2_k-39.sig;0.1959388;0.0002590268;6.677372;65;0.1024275;699;4.274109;6.774819;136;6.574945
62;61005;50007;57006;1.697626E-09;1;ОС-1:;состояние1_k-7.sig;1 дополнительное:;состояние2_k-40.sig;0.1959388;-2.667308E-08;6.677372;65;0.1701242;2;4.275636;6.848632;65;6.507248
62;61005;50007;57006;1.697626E-09;1;ОС-1:;состояние1_k-8.sig;1 дополнительное:;состояние2_k-21.sig;0.2541665;0.008321153;6.966107;38;0.7884662;397;4.430531;7.74791;350;6.177641
62;61005;50007;57006;1.697626E-09;1;ОС-1:;состояние1_k-8.sig;1 дополнительное:;состояние2_k-22.sig;0.2541665;0.005544594;6.966107;38;0.4432855;144;4.423715;7.396507;100;6.522821
62;61005;50007;57006;1.697626E-09;1;ОС-1:;состояние1_k-8.sig;1 дополнительное:;состояние2_k-23.sig;0.2541665;0.0005530132;6.966107;38;0.2003767;42;4.427233;7.16511;476;6.76573
62;61005;50007;57006;1.697626E-09;1;ОС-1:;состояние1_k-8.sig;1 дополнительное:;состояние2_k-24.sig;0.2541665;-0.0009696611;6.966107;38;0.1054258;110;4.432711;6.990066;39;6.860681
62;61005;50007;57006;1.697626E-09;1;ОС-1:;состояние1_k-8.sig;1 дополнительное:;состояние2_k-25.sig;0.2541665;0;6.966107;38;0.1467895;15;4.444435;7.093792;38;6.819317
62;61005;50007;57006;1.697626E-09;1;ОС-1:;состояние1_k-8.sig;1 дополнительное:;состояние2_k-26.sig;0.2541665;0.0004266342;6.966107;38;0.1718531;7;4.445174;7.127441;351;6.794254
62;61005;50007;57006;1.697626E-09;1;ОС-1:;состояние1_k-8.sig;1 дополнительное:;состояние2_k-27.sig;0.2541665;-0.0002810592;6.966107;38;0.1563324;408;4.441447;7.122134;538;6.809774
62;61005;50007;57006;1.697626E-09;1;ОС-1:;состояние1_k-8.sig;1 дополнительное:;состояние2_k-28.sig;0.2541665;-0.0007142588;6.966107;38;0.1099742;102;4.437308;7.07415;101;6.856133
62;61005;50007;57006;1.697626E-09;1;ОС-1:;состояние1_k-8.sig;1 дополнительное:;состояние2_k-29.sig;0.2541665;-0.0002920438;6.966107;38;0.04618205;748;4.435931;7.011198;663;6.919925
62;61005;50007;57006;1.697626E-09;1;ОС-1:;состояние1_k-8.sig;1 дополнительное:;состояние2_k-30.sig;0.2541665;0;6.966107;38;0.02312427;3;4.436303;6.988023;288;6.942983
62;61005;50007;57006;1.697626E-09;1;ОС-1:;состояние1_k-8.sig;1 дополнительное:;состояние2_k-31.sig;0.2541665;-0.0006318715;6.966107;38;0.08491091;352;4.43689;7.050602;788;6.881196
62;61005;50007;57006;1.697626E-09;1;ОС-1:;состояние1_k-8.sig;1 дополнительное:;состояние2_k-32.sig;0.2541665;-0.001541425;6.966107;38;0.1319811;55;4.437331;7.09372;38;6.834126
62;61005;50007;57006;1.697626E-09;1;ОС-1:;состояние1_k-8.sig;1 дополнительное:;состояние2_k-33.sig;0.2541665;-0.001598089;6.966107;38;0.1584511;685;4.436922;7.122984;351;6.807656
62;61005;50007;57006;1.697626E-09;1;ОС-1:;состояние1_k-8.sig;1 дополнительное:;состояние2_k-34.sig;0.2541665;-0.0007510972;6.966107;38;0.1615591;425;4.437604;7.126571;101;6.804548
62;61005;50007;57006;1.697626E-09;1;ОС-1:;состояние1_k-8.sig;1 дополнительное:;состояние2_k-35.sig;0.2541665;0;6.966107;38;0.1414964;37;4.438296;7.107084;351;6.824611
62;61005;50007;57006;1.697626E-09;1;ОС-1:;состояние1_k-8.sig;1 дополнительное:;состояние2_k-36.sig;0.2541665;1.047378E-05;6.966107;38;0.1011154;226;4.43819;7.067029;226;6.864992
62;61005;50007;57006;1.697626E-09;1;ОС-1:;состояние1_k-8.sig;1 дополнительное:;состояние2_k-37.sig;0.2541665;-0.0002652423;6.966107;38;0.04707476;647;4.437139;7.012181;38;6.919032
62;61005;50007;57006;1.697626E-09;1;ОС-1:;состояние1_k-8.sig;1 дополнительное:;состояние2_k-38.sig;0.2541665;-0.0001221726;6.966107;38;0.03611154;197;4.436011;7.000967;288;6.929996
62;61005;50007;57006;1.697626E-09;1;ОС-1:;состояние1_k-8.sig;1 дополнительное:;состояние2_k-39.sig;0.2541665;0.0002590268;6.966107;38;0.1024275;699;4.434969;7.066792;788;6.863679
62;61005;50007;57006;1.697626E-09;1;ОС-1:;состояние1_k-8.sig;1 дополнительное:;состояние2_k-40.sig;0.2541665;-2.667308E-08;6.966107;38;0.1701242;2;4.457705;7.127626;39;6.795983
62;61005;50007;57006;1.697626E-09;1;ОС-1:;состояние1_k-9.sig;1 дополнительное:;состояние2_k-21.sig;0.1701201;0.008321153;7.056179;684;0.7884662;397;4.535509;7.660274;131;6.267713
62;61005;50007;57006;1.697626E-09;1;ОС-1:;состояние1_k-9.sig;1 дополнительное:;состояние2_k-22.sig;0.1701201;0.005544594;7.056179;684;0.4432855;144;4.536498;7.48509;350;6.612893
62;61005;50007;57006;1.697626E-09;1;ОС-1:;состояние1_k-9.sig;1 дополнительное:;состояние2_k-23.sig;0.1701201;0.0005530132;7.056179;684;0.2003767;42;4.536787;7.248546;239;6.855802
62;61005;50007;57006;1.697626E-09;1;ОС-1:;состояние1_k-9.sig;1 дополнительное:;состояние2_k-24.sig;0.1701201;-0.0009696611;7.056179;684;0.1054258;110;4.536367;7.15526;462;6.950753
62;61005;50007;57006;1.697626E-09;1;ОС-1:;состояние1_k-9.sig;1 дополнительное:;состояние2_k-25.sig;0.1701201;0;7.056179;684;0.1467895;15;4.539554;7.202714;295;6.909389
62;61005;50007;57006;1.697626E-09;1;ОС-1:;состояние1_k-9.sig;1 дополнительное:;состояние2_k-26.sig;0.1701201;0.0004266342;7.056179;684;0.1718531;7;4.544789;7.227334;795;6.884326
62;61005;50007;57006;1.697626E-09;1;ОС-1:;состояние1_k-9.sig;1 дополнительное:;состояние2_k-27.sig;0.1701201;-0.0002810592;7.056179;684;0.1563324;408;4.506954;7.206914;351;6.899846
62;61005;50007;57006;1.697626E-09;1;ОС-1:;состояние1_k-9.sig;1 дополнительное:;состояние2_k-28.sig;0.1701201;-0.0007142588;7.056179;684;0.1099742;102;4.544104;7.148166;796;6.946204
62;61005;50007;57006;1.697626E-09;1;ОС-1:;состояние1_k-9.sig;1 дополнительное:;состояние2_k-29.sig;0.1701201;-0.0002920438;7.056179;684;0.04618205;748;4.53946;7.101285;351;7.009996
62;61005;50007;57006;1.697626E-09;1;ОС-1:;состояние1_k-9.sig;1 дополнительное:;состояние2_k-30.sig;0.1701201;0;7.056179;684;0.02312427;3;4.53711;7.077208;684;7.033054
62;61005;50007;57006;1.697626E-09;1;ОС-1:;состояние1_k-9.sig;1 дополнительное:;состояние2_k-31.sig;0.1701201;-0.0006318715;7.056179;684;0.08491091;352;4.538135;7.138026;240;6.971268
62;61005;50007;57006;1.697626E-09;1;ОС-1:;состояние1_k-9.sig;1 дополнительное:;состояние2_k-32.sig;0.1701201;-0.001541425;7.056179;684;0.1319811;55;4.539515;7.185621;351;6.924198
62;61005;50007;57006;1.697626E-09;1;ОС-1:;состояние1_k-9.sig;1 дополнительное:;состояние2_k-33.sig;0.1701201;-0.001598089;7.056179;684;0.1584511;685;4.53902;7.17131;461;6.897727
62;61005;50007;57006;1.697626E-09;1;ОС-1:;состояние1_k-9.sig;1 дополнительное:;состояние2_k-34.sig;0.1701201;-0.0007510972;7.056179;684;0.1615591;425;4.537489;7.215922;351;6.894619
62;61005;50007;57006;1.697626E-09;1;ОС-1:;состояние1_k-9.sig;1 дополнительное:;состояние2_k-35.sig;0.1701201;0;7.056179;684;0.1414964;37;4.536711;7.195054;295;6.914682
62;61005;50007;57006;1.697626E-09;1;ОС-1:;состояние1_k-9.sig;1 дополнительное:;состояние2_k-36.sig;0.1701201;1.047378E-05;7.056179;684;0.1011154;226;4.53784;7.157186;573;6.955063
62;61005;50007;57006;1.697626E-09;1;ОС-1:;состояние1_k-9.sig;1 дополнительное:;состояние2_k-37.sig;0.1701201;-0.0002652423;7.056179;684;0.04707476;647;4.537961;7.10247;295;7.009104
62;61005;50007;57006;1.697626E-09;1;ОС-1:;состояние1_k-9.sig;1 дополнительное:;состояние2_k-38.sig;0.1701201;-0.0001221726;7.056179;684;0.03611154;197;4.537283;7.092265;684;7.020067
62;61005;50007;57006;1.697626E-09;1;ОС-1:;состояние1_k-9.sig;1 дополнительное:;состояние2_k-39.sig;0.1701201;0.0002590268;7.056179;684;0.1024275;699;4.536565;7.147276;351;6.953751
62;61005;50007;57006;1.697626E-09;1;ОС-1:;состояние1_k-9.sig;1 дополнительное:;состояние2_k-40.sig;0.1701201;-2.667308E-08;7.056179;684;0.1701242;2;4.537322;7.225662;240;6.886055
62;61005;50007;57006;1.697626E-09;1;ОС-1:;состояние1_k-10.sig;1 дополнительное:;состояние2_k-21.sig;0;0.008321153;6.954954;1;0.7884662;397;4.425039;7.735676;350;6.166488
62;61005;50007;57006;1.697626E-09;1;ОС-1:;состояние1_k-10.sig;1 дополнительное:;состояние2_k-22.sig;0;0.005544594;6.954954;1;0.4432855;144;4.423303;7.379496;51;6.511668
62;61005;50007;57006;1.697626E-09;1;ОС-1:;состояние1_k-10.sig;1 дополнительное:;состояние2_k-23.sig;0;0.0005530132;6.954954;1;0.2003767;42;4.428822;7.155098;651;6.754577
62;61005;50007;57006;1.697626E-09;1;ОС-1:;состояние1_k-10.sig;1 дополнительное:;состояние2_k-24.sig;0;-0.0009696611;6.954954;1;0.1054258;110;4.43111;7.059711;151;6.849528
62;61005;50007;57006;1.697626E-09;1;ОС-1:;состояние1_k-10.sig;1 дополнительное:;состояние2_k-25.sig;0;0;6.954954;1;0.1467895;15;4.428987;7.07773;51;6.808164
62;61005;50007;57006;1.697626E-09;1;ОС-1:;состояние1_k-10.sig;1 дополнительное:;состояние2_k-26.sig;0;0.0004266342;6.954954;1;0.1718531;7;4.428534;7.116482;101;6.783101
62;61005;50007;57006;1.697626E-09;1;ОС-1:;состояние1_k-10.sig;1 дополнительное:;состояние2_k-27.sig;0;-0.0002810592;6.954954;1;0.1563324;408;4.430714;7.110917;501;6.798621
62;61005;50007;57006;1.697626E-09;1;ОС-1:;состояние1_k-10.sig;1 дополнительное:;состояние2_k-28.sig;0;-0.0007142588;6.954954;1;0.1099742;102;4.432621;7.06319;351;6.844979
62;61005;50007;57006;1.697626E-09;1;ОС-1:;состояние1_k-10.sig;1 дополнительное:;состояние2_k-29.sig;0;-0.0002920438;6.954954;1;0.04618205;748;4.431288;6.994456;751;6.908772
62;61005;50007;57006;1.697626E-09;1;ОС-1:;состояние1_k-10.sig;1 дополнительное:;состояние2_k-30.sig;0;0;6.954954;1;0.02312427;3;4.433294;6.933362;1;6.931829
62;61005;50007;57006;1.697626E-09;1;ОС-1:;состояние1_k-10.sig;1 дополнительное:;состояние2_k-31.sig;0;-0.0006318715;6.954954;1;0.08491091;352;4.425423;7.039277;401;6.870043
62;61005;50007;57006;1.697626E-09;1;ОС-1:;состояние1_k-10.sig;1 дополнительное:;состояние2_k-32.sig;0;-0.001541425;6.954954;1;0.1319811;55;4.425715;7.08531;101;6.822973
62;61005;50007;57006;1.697626E-09;1;ОС-1:;состояние1_k-10.sig;1 дополнительное:;состояние2_k-33.sig;0;-0.001598089;6.954954;1;0.1584511;685;4.427582;7.112025;351;6.796503
62;61005;50007;57006;1.697626E-09;1;ОС-1:;состояние1_k-10.sig;1 дополнительное:;состояние2_k-34.sig;0;-0.0007510972;6.954954;1;0.1615591;425;4.428822;7.103582;0;6.793395
62;61005;50007;57006;1.697626E-09;1;ОС-1:;состояние1_k-10.sig;1 дополнительное:;состояние2_k-35.sig;0;0;6.954954;1;0.1414964;37;4.428892;7.096124;151;6.813457
62;61005;50007;57006;1.697626E-09;1;ОС-1:;состояние1_k-10.sig;1 дополнительное:;состояние2_k-36.sig;0;1.047378E-05;6.954954;1;0.1011154;226;4.428711;7.056069;101;6.853838
62;61005;50007;57006;1.697626E-09;1;ОС-1:;состояние1_k-10.sig;1 дополнительное:;состояние2_k-37.sig;0;-0.0002652423;6.954954;1;0.04707476;647;4.428763;7.002025;201;6.907879
62;61005;50007;57006;1.697626E-09;1;ОС-1:;состояние1_k-10.sig;1 дополнительное:;состояние2_k-38.sig;0;-0.0001221726;6.954954;1;0.03611154;197;4.428973;6.989157;1;6.918842
62;61005;50007;57006;1.697626E-09;1;ОС-1:;состояние1_k-10.sig;1 дополнительное:;состояние2_k-39.sig;0;0.0002590268;6.954954;1;0.1024275;699;4.429024;7.056369;301;6.852526
62;61005;50007;57006;1.697626E-09;1;ОС-1:;состояние1_k-10.sig;1 дополнительное:;состояние2_k-40.sig;0;-2.667308E-08;6.954954;1;0.1701242;2;4.429401;7.114818;51;6.78483
62;61005;50007;57006;1.697626E-09;1;ОС-1:;состояние1_k-11.sig;1 дополнительное:;состояние2_k-21.sig;-0.1382904;0.008321153;6.684188;78;0.7884662;397;4.2259;7.465331;396;5.895722
62;61005;50007;57006;1.697626E-09;1;ОС-1:;состояние1_k-11.sig;1 дополнительное:;состояние2_k-22.sig;-0.1382904;0.005544594;6.684188;78;0.4432855;144;4.217062;7.112738;623;6.240903
62;61005;50007;57006;1.697626E-09;1;ОС-1:;состояние1_k-11.sig;1 дополнительное:;состояние2_k-23.sig;-0.1382904;0.0005530132;6.684188;78;0.2003767;42;4.212781;6.87576;214;6.483812
62;61005;50007;57006;1.697626E-09;1;ОС-1:;состояние1_k-11.sig;1 дополнительное:;состояние2_k-24.sig;-0.1382904;-0.0009696611;6.684188;78;0.1054258;110;4.216197;6.788109;714;6.578763
62;61005;50007;57006;1.697626E-09;1;ОС-1:;состояние1_k-11.sig;1 дополнительное:;состояние2_k-25.sig;-0.1382904;0;6.684188;78;0.1467895;15;4.216859;6.828803;214;6.537399
62;61005;50007;57006;1.697626E-09;1;ОС-1:;состояние1_k-11.sig;1 дополнительное:;состояние2_k-26.sig;-0.1382904;0.0004266342;6.684188;78;0.1718531;7;4.215903;6.852657;123;6.512335
62;61005;50007;57006;1.697626E-09;1;ОС-1:;состояние1_k-11.sig;1 дополнительное:;состояние2_k-27.sig;-0.1382904;-0.0002810592;6.684188;78;0.1563324;408;4.215096;6.834146;351;6.527856
62;61005;50007;57006;1.697626E-09;1;ОС-1:;состояние1_k-11.sig;1 дополнительное:;состояние2_k-28.sig;-0.1382904;-0.0007142588;6.684188;78;0.1099742;102;4.214434;6.79054;442;6.574214
62;61005;50007;57006;1.697626E-09;1;ОС-1:;состояние1_k-11.sig;1 дополнительное:;состояние2_k-29.sig;-0.1382904;-0.0002920438;6.684188;78;0.04618205;748;4.214301;6.728516;351;6.638006
62;61005;50007;57006;1.697626E-09;1;ОС-1:;состояние1_k-11.sig;1 дополнительное:;состояние2_k-30.sig;-0.1382904;0;6.684188;78;0.02312427;3;4.213592;6.706861;669;6.661064
62;61005;50007;57006;1.697626E-09;1;ОС-1:;состояние1_k-11.sig;1 дополнительное:;состояние2_k-31.sig;-0.1382904;-0.0006318715;6.684188;78;0.08491091;352;4.21208;6.769044;78;6.599277
62;61005;50007;57006;1.697626E-09;1;ОС-1:;состояние1_k-11.sig;1 дополнительное:;состояние2_k-32.sig;-0.1382904;-0.001541425;6.684188;78;0.1319811;55;4.210254;6.815487;305;6.552207
62;61005;50007;57006;1.697626E-09;1;ОС-1:;состояние1_k-11.sig;1 дополнительное:;состояние2_k-33.sig;-0.1382904;-0.001598089;6.684188;78;0.1584511;685;4.249135;6.529796;305;6.525737
62;61005;50007;57006;1.697626E-09;1;ОС-1:;состояние1_k-11.sig;1 дополнительное:;состояние2_k-34.sig;-0.1382904;-0.0007510972;6.684188;78;0.1615591;425;4.208136;6.845005;396;6.522629
62;61005;50007;57006;1.697626E-09;1;ОС-1:;состояние1_k-11.sig;1 дополнительное:;состояние2_k-35.sig;-0.1382904;0;6.684188;78;0.1414964;37;4.209531;6.822995;123;6.542692
62;61005;50007;57006;1.697626E-09;1;ОС-1:;состояние1_k-11.sig;1 дополнительное:;состояние2_k-36.sig;-0.1382904;1.047378E-05;6.684188;78;0.1011154;226;4.212182;6.783611;351;6.583073
62;61005;50007;57006;1.697626E-09;1;ОС-1:;состояние1_k-11.sig;1 дополнительное:;состояние2_k-37.sig;-0.1382904;-0.0002652423;6.684188;78;0.04707476;647;4.213892;6.729421;214;6.637114
62;61005;50007;57006;1.697626E-09;1;ОС-1:;состояние1_k-11.sig;1 дополнительное:;состояние2_k-38.sig;-0.1382904;-0.0001221726;6.684188;78;0.03611154;197;4.214096;6.720053;487;6.648077
62;61005;50007;57006;1.697626E-09;1;ОС-1:;состояние1_k-11.sig;1 дополнительное:;состояние2_k-39.sig;-0.1382904;0.0002590268;6.684188;78;0.1024275;699;4.213843;6.782513;32;6.581761
62;61005;50007;57006;1.697626E-09;1;ОС-1:;состояние1_k-11.sig;1 дополнительное:;состояние2_k-40.sig;-0.1382904;-2.667308E-08;6.684188;78;0.1701242;2;4.214442;6.853883;578;6.514064
62;61005;50007;57006;1.697626E-09;1;ОС-1:;состояние1_k-12.sig;1 дополнительное:;состояние2_k-21.sig;-0.1692336;0.008321153;6.264023;59;0.7884662;397;4.003748;7.04486;17;5.475556
62;61005;50007;57006;1.697626E-09;1;ОС-1:;состояние1_k-12.sig;1 дополнительное:;состояние2_k-22.sig;-0.1692336;0.005544594;6.264023;59;0.4432855;144;3.985346;6.694389;393;5.820737
62;61005;50007;57006;1.697626E-09;1;ОС-1:;состояние1_k-12.sig;1 дополнительное:;состояние2_k-23.sig;-0.1692336;0.0005530132;6.264023;59;0.2003767;42;3.979875;6.4633;434;6.063646
62;61005;50007;57006;1.697626E-09;1;ОС-1:;состояние1_k-12.sig;1 дополнительное:;состояние2_k-24.sig;-0.1692336;-0.0009696611;6.264023;59;0.1054258;110;3.980708;6.282763;101;6.158597
62;61005;50007;57006;1.697626E-09;1;ОС-1:;состояние1_k-12.sig;1 дополнительное:;состояние2_k-25.sig;-0.1692336;0;6.264023;59;0.1467895;15;3.981874;6.405653;476;6.117233
62;61005;50007;57006;1.697626E-09;1;ОС-1:;состояние1_k-12.sig;1 дополнительное:;состояние2_k-26.sig;-0.1692336;0.0004266342;6.264023;59;0.1718531;7;3.981785;6.433825;142;6.09217
62;61005;50007;57006;1.697626E-09;1;ОС-1:;состояние1_k-12.sig;1 дополнительное:;состояние2_k-27.sig;-0.1692336;-0.0002810592;6.264023;59;0.1563324;408;3.981549;6.413284;184;6.10769
62;61005;50007;57006;1.697626E-09;1;ОС-1:;состояние1_k-12.sig;1 дополнительное:;состояние2_k-28.sig;-0.1692336;-0.0007142588;6.264023;59;0.1099742;102;3.980307;6.369978;101;6.154048
62;61005;50007;57006;1.697626E-09;1;ОС-1:;состояние1_k-12.sig;1 дополнительное:;состояние2_k-29.sig;-0.1692336;-0.0002920438;6.264023;59;0.04618205;748;3.97999;6.309887;559;6.217841
62;61005;50007;57006;1.697626E-09;1;ОС-1:;состояние1_k-12.sig;1 дополнительное:;состояние2_k-30.sig;-0.1692336;0;6.264023;59;0.02312427;3;3.979331;6.285052;434;6.240899
62;61005;50007;57006;1.697626E-09;1;ОС-1:;состояние1_k-12.sig;1 дополнительное:;состояние2_k-31.sig;-0.1692336;-0.0006318715;6.264023;59;0.08491091;352;3.979409;6.347083;142;6.179112
62;61005;50007;57006;1.697626E-09;1;ОС-1:;состояние1_k-12.sig;1 дополнительное:;состояние2_k-32.sig;-0.1692336;-0.001541425;6.264023;59;0.1319811;55;3.980248;6.392097;226;6.132042
62;61005;50007;57006;1.697626E-09;1;ОС-1:;состояние1_k-12.sig;1 дополнительное:;состояние2_k-33.sig;-0.1692336;-0.001598089;6.264023;59;0.1584511;685;3.979431;6.419276;684;6.105572
62;61005;50007;57006;1.697626E-09;1;ОС-1:;состояние1_k-12.sig;1 дополнительное:;состояние2_k-34.sig;-0.1692336;-0.0007510972;6.264023;59;0.1615591;425;3.9772;6.422399;101;6.102464
62;61005;50007;57006;1.697626E-09;1;ОС-1:;состояние1_k-12.sig;1 дополнительное:;состояние2_k-35.sig;-0.1692336;0;6.264023;59;0.1414964;37;3.975008;6.404497;309;6.122527
62;61005;50007;57006;1.697626E-09;1;ОС-1:;состояние1_k-12.sig;1 дополнительное:;состояние2_k-36.sig;-0.1692336;1.047378E-05;6.264023;59;0.1011154;226;4.001569;6.163125;59;6.162908
62;61005;50007;57006;1.697626E-09;1;ОС-1:;состояние1_k-12.sig;1 дополнительное:;состояние2_k-37.sig;-0.1692336;-0.0002652423;6.264023;59;0.04707476;647;3.977659;6.311066;309;6.216948
62;61005;50007;57006;1.697626E-09;1;ОС-1:;состояние1_k-12.sig;1 дополнительное:;состояние2_k-38.sig;-0.1692336;-0.0001221726;6.264023;59;0.03611154;197;3.980938;6.300109;434;6.227911
62;61005;50007;57006;1.697626E-09;1;ОС-1:;состояние1_k-12.sig;1 дополнительное:;состояние2_k-39.sig;-0.1692336;0.0002590268;6.264023;59;0.1024275;699;3.98235;6.363297;559;6.161595
62;61005;50007;57006;1.697626E-09;1;ОС-1:;состояние1_k-12.sig;1 дополнительное:;состояние2_k-40.sig;-0.1692336;-2.667308E-08;6.264023;59;0.1701242;2;3.982428;6.421605;101;6.093899
62;61005;50007;57006;1.697626E-09;1;ОС-1:;состояние1_k-13.sig;1 дополнительное:;состояние2_k-21.sig;-0.1097425;0.008321153;5.724172;43;0.7884662;397;3.677476;6.505207;158;4.935706
62;61005;50007;57006;1.697626E-09;1;ОС-1:;состояние1_k-13.sig;1 дополнительное:;состояние2_k-22.sig;-0.1097425;0.005544594;5.724172;43;0.4432855;144;3.651809;6.166636;235;5.280887
62;61005;50007;57006;1.697626E-09;1;ОС-1:;состояние1_k-13.sig;1 дополнительное:;состояние2_k-23.sig;-0.1097425;0.0005530132;5.724172;43;0.2003767;42;3.638949;5.92328;389;5.523796
62;61005;50007;57006;1.697626E-09;1;ОС-1:;состояние1_k-13.sig;1 дополнительное:;состояние2_k-24.sig;-0.1097425;-0.0009696611;5.724172;43;0.1054258;110;3.639007;5.828795;235;5.618746
62;61005;50007;57006;1.697626E-09;1;ОС-1:;состояние1_k-13.sig;1 дополнительное:;состояние2_k-25.sig;-0.1097425;0;5.724172;43;0.1467895;15;3.642543;5.868455;274;5.577383
62;61005;50007;57006;1.697626E-09;1;ОС-1:;состояние1_k-13.sig;1 дополнительное:;состояние2_k-26.sig;-0.1097425;0.0004266342;5.724172;43;0.1718531;7;3.642791;5.883221;697;5.552319
62;61005;50007;57006;1.697626E-09;1;ОС-1:;состояние1_k-13.sig;1 дополнительное:;состояние2_k-27.sig;-0.1097425;-0.0002810592;5.724172;43;0.1563324;408;3.640163;5.874767;427;5.56784
62;61005;50007;57006;1.697626E-09;1;ОС-1:;состояние1_k-13.sig;1 дополнительное:;состояние2_k-28.sig;-0.1097425;-0.0007142588;5.724172;43;0.1099742;102;3.637967;5.833753;120;5.614198
62;61005;50007;57006;1.697626E-09;1;ОС-1:;состояние1_k-13.sig;1 дополнительное:;состояние2_k-29.sig;-0.1097425;-0.0002920438;5.724172;43;0.04618205;748;3.638338;5.767656;43;5.67799
62;61005;50007;57006;1.697626E-09;1;ОС-1:;состояние1_k-13.sig;1 дополнительное:;состояние2_k-30.sig;-0.1097425;0;5.724172;43;0.02312427;3;3.638435;5.746871;120;5.701048
62;61005;50007;57006;1.697626E-09;1;ОС-1:;состояние1_k-13.sig;1 дополнительное:;состояние2_k-31.sig;-0.1097425;-0.0006318715;5.724172;43;0.08491091;352;3.637473;5.807173;158;5.639261
62;61005;50007;57006;1.697626E-09;1;ОС-1:;состояние1_k-13.sig;1 дополнительное:;состояние2_k-32.sig;-0.1097425;-0.001541425;5.724172;43;0.1319811;55;3.636948;5.854099;774;5.592191
62;61005;50007;57006;1.697626E-09;1;ОС-1:;состояние1_k-13.sig;1 дополнительное:;состояние2_k-33.sig;-0.1097425;-0.001598089;5.724172;43;0.1584511;685;3.639011;5.877302;428;5.565721
62;61005;50007;57006;1.697626E-09;1;ОС-1:;состояние1_k-13.sig;1 дополнительное:;состояние2_k-34.sig;-0.1097425;-0.0007510972;5.724172;43;0.1615591;425;3.640536;5.885336;543;5.562613
62;61005;50007;57006;1.697626E-09;1;ОС-1:;состояние1_k-13.sig;1 дополнительное:;состояние2_k-35.sig;-0.1097425;0;5.724172;43;0.1414964;37;3.640518;5.86525;466;5.582676
62;61005;50007;57006;1.697626E-09;1;ОС-1:;состояние1_k-13.sig;1 дополнительное:;состояние2_k-36.sig;-0.1097425;1.047378E-05;5.724172;43;0.1011154;226;3.63855;5.822477;351;5.623057
62;61005;50007;57006;1.697626E-09;1;ОС-1:;состояние1_k-13.sig;1 дополнительное:;состояние2_k-37.sig;-0.1097425;-0.0002652423;5.724172;43;0.04707476;647;3.637009;5.770882;120;5.677097
62;61005;50007;57006;1.697626E-09;1;ОС-1:;состояние1_k-13.sig;1 дополнительное:;состояние2_k-38.sig;-0.1097425;-0.0001221726;5.724172;43;0.03611154;197;3.638868;5.75933;697;5.688061
62;61005;50007;57006;1.697626E-09;1;ОС-1:;состояние1_k-13.sig;1 дополнительное:;состояние2_k-39.sig;-0.1097425;0.0002590268;5.724172;43;0.1024275;699;3.620724;5.81355;274;5.621745
62;61005;50007;57006;1.697626E-09;1;ОС-1:;состояние1_k-13.sig;1 дополнительное:;состояние2_k-40.sig;-0.1097425;-2.667308E-08;5.724172;43;0.1701242;2;3.648628;5.878996;4;5.554048
62;61005;50007;57006;1.697626E-09;1;ОС-1:;состояние1_k-14.sig;1 дополнительное:;состояние2_k-21.sig;-0.0337794;0.008321153;5.096866;172;0.7884662;397;3.260448;5.878437;636;4.3084
62;61005;50007;57006;1.697626E-09;1;ОС-1:;состояние1_k-14.sig;1 дополнительное:;состояние2_k-22.sig;-0.0337794;0.005544594;5.096866;172;0.4432855;144;3.241812;5.5317;29;4.653581
62;61005;50007;57006;1.697626E-09;1;ОС-1:;состояние1_k-14.sig;1 дополнительное:;состояние2_k-23.sig;-0.0337794;0.0005530132;5.096866;172;0.2003767;42;3.227926;5.296903;672;4.89649
62;61005;50007;57006;1.697626E-09;1;ОС-1:;состояние1_k-14.sig;1 дополнительное:;состояние2_k-24.sig;-0.0337794;-0.0009696611;5.096866;172;0.1054258;110;3.223924;5.20189;172;4.99144
62;61005;50007;57006;1.697626E-09;1;ОС-1:;состояние1_k-14.sig;1 дополнительное:;состояние2_k-25.sig;-0.0337794;0;5.096866;172;0.1467895;15;3.22623;5.243215;315;4.950077
62;61005;50007;57006;1.697626E-09;1;ОС-1:;состояние1_k-14.sig;1 дополнительное:;состояние2_k-26.sig;-0.0337794;0.0004266342;5.096866;172;0.1718531;7;3.22838;5.254658;101;4.925013
62;61005;50007;57006;1.697626E-09;1;ОС-1:;состояние1_k-14.sig;1 дополнительное:;состояние2_k-27.sig;-0.0337794;-0.0002810592;5.096866;172;0.1563324;408;3.226704;5.252381;315;4.940534
62;61005;50007;57006;1.697626E-09;1;ОС-1:;состояние1_k-14.sig;1 дополнительное:;состояние2_k-28.sig;-0.0337794;-0.0007142588;5.096866;172;0.1099742;102;3.224779;5.203547;65;4.986892
62;61005;50007;57006;1.697626E-09;1;ОС-1:;состояние1_k-14.sig;1 дополнительное:;состояние2_k-29.sig;-0.0337794;-0.0002920438;5.096866;172;0.04618205;748;3.223654;5.141511;386;5.050684
62;61005;50007;57006;1.697626E-09;1;ОС-1:;состояние1_k-14.sig;1 дополнительное:;состояние2_k-30.sig;-0.0337794;0;5.096866;172;0.02312427;3;3.224142;5.118426;136;5.073742
62;61005;50007;57006;1.697626E-09;1;ОС-1:;состояние1_k-14.sig;1 дополнительное:;состояние2_k-31.sig;-0.0337794;-0.0006318715;5.096866;172;0.08491091;352;3.224348;5.181118;529;5.011955
62;61005;50007;57006;1.697626E-09;1;ОС-1:;состояние1_k-14.sig;1 дополнительное:;состояние2_k-32.sig;-0.0337794;-0.001541425;5.096866;172;0.1319811;55;3.222821;5.224436;493;4.964885
62;61005;50007;57006;1.697626E-09;1;ОС-1:;состояние1_k-14.sig;1 дополнительное:;состояние2_k-33.sig;-0.0337794;-0.001598089;5.096866;172;0.1584511;685;3.222977;5.253325;458;4.938415
62;61005;50007;57006;1.697626E-09;1;ОС-1:;состояние1_k-14.sig;1 дополнительное:;состояние2_k-34.sig;-0.0337794;-0.0007510972;5.096866;172;0.1615591;425;3.224429;5.254135;29;4.935307
62;61005;50007;57006;1.697626E-09;1;ОС-1:;состояние1_k-14.sig;1 дополнительное:;состояние2_k-35.sig;-0.0337794;0;5.096866;172;0.1414964;37;3.224706;5.236712;65;4.95537
62;61005;50007;57006;1.697626E-09;1;ОС-1:;состояние1_k-14.sig;1 дополнительное:;состояние2_k-36.sig;-0.0337794;1.047378E-05;5.096866;172;0.1011154;226;3.225076;5.194245;101;4.995751
62;61005;50007;57006;1.697626E-09;1;ОС-1:;состояние1_k-14.sig;1 дополнительное:;состояние2_k-37.sig;-0.0337794;-0.0002652423;5.096866;172;0.04707476;647;3.224155;5.142438;565;5.049791
62;61005;50007;57006;1.697626E-09;1;ОС-1:;состояние1_k-14.sig;1 дополнительное:;состояние2_k-38.sig;-0.0337794;-0.0001221726;5.096866;172;0.03611154;197;3.223601;5.132353;65;5.060755
62;61005;50007;57006;1.697626E-09;1;ОС-1:;состояние1_k-14.sig;1 дополнительное:;состояние2_k-39.sig;-0.0337794;0.0002590268;5.096866;172;0.1024275;699;3.225122;5.194113;136;4.994439
62;61005;50007;57006;1.697626E-09;1;ОС-1:;состояние1_k-14.sig;1 дополнительное:;состояние2_k-40.sig;-0.0337794;-2.667308E-08;5.096866;172;0.1701242;2;3.228831;5.267685;315;4.926742
62;61005;50007;57006;1.697626E-09;1;ОС-1:;состояние1_k-15.sig;1 дополнительное:;состояние2_k-21.sig;0;0.008321153;4.414337;84;0.7884662;397;2.838314;5.135736;418;3.62587
62;61005;50007;57006;1.697626E-09;1;ОС-1:;состояние1_k-15.sig;1 дополнительное:;состояние2_k-22.sig;0;0.005544594;4.414337;84;0.4432855;144;2.824939;4.85397;484;3.971051
62;61005;50007;57006;1.697626E-09;1;ОС-1:;состояние1_k-15.sig;1 дополнительное:;состояние2_k-23.sig;0;0.0005530132;4.414337;84;0.2003767;42;2.815528;4.610284;151;4.21396
62;61005;50007;57006;1.697626E-09;1;ОС-1:;состояние1_k-15.sig;1 дополнительное:;состояние2_k-24.sig;0;-0.0009696611;4.414337;84;0.1054258;110;2.811097;4.51721;317;4.308911
62;61005;50007;57006;1.697626E-09;1;ОС-1:;состояние1_k-15.sig;1 дополнительное:;состояние2_k-25.sig;0;0;4.414337;84;0.1467895;15;2.810941;4.532916;51;4.267547
62;61005;50007;57006;1.697626E-09;1;ОС-1:;состояние1_k-15.sig;1 дополнительное:;состояние2_k-26.sig;0;0.0004266342;4.414337;84;0.1718531;7;2.812546;4.586169;584;4.242484
62;61005;50007;57006;1.697626E-09;1;ОС-1:;состояние1_k-15.sig;1 дополнительное:;состояние2_k-27.sig;0;-0.0002810592;4.414337;84;0.1563324;408;2.812588;4.563598;184;4.258004
62;61005;50007;57006;1.697626E-09;1;ОС-1:;состояние1_k-15.sig;1 дополнительное:;состояние2_k-28.sig;0;-0.0007142588;4.414337;84;0.1099742;102;2.811521;4.524271;84;4.304362
62;61005;50007;57006;1.697626E-09;1;ОС-1:;состояние1_k-15.sig;1 дополнительное:;состояние2_k-29.sig;0;-0.0002920438;4.414337;84;0.04618205;748;2.810744;4.458791;284;4.368155
62;61005;50007;57006;1.697626E-09;1;ОС-1:;состояние1_k-15.sig;1 дополнительное:;состояние2_k-30.sig;0;0;4.414337;84;0.02312427;3;2.810667;4.435366;84;4.391212
62;61005;50007;57006;1.697626E-09;1;ОС-1:;состояние1_k-15.sig;1 дополнительное:;состояние2_k-31.sig;0;-0.0006318715;4.414337;84;0.08491091;352;2.810729;4.499134;384;4.329426
62;61005;50007;57006;1.697626E-09;1;ОС-1:;состояние1_k-15.sig;1 дополнительное:;состояние2_k-32.sig;0;-0.001541425;4.414337;84;0.1319811;55;2.811217;4.545731;117;4.282356
62;61005;50007;57006;1.697626E-09;1;ОС-1:;состояние1_k-15.sig;1 дополнительное:;состояние2_k-33.sig;0;-0.001598089;4.414337;84;0.1584511;685;2.811585;4.562594;217;4.255886
62;61005;50007;57006;1.697626E-09;1;ОС-1:;состояние1_k-15.sig;1 дополнительное:;состояние2_k-34.sig;0;-0.0007510972;4.414337;84;0.1615591;425;2.811566;4.573393;617;4.252778
62;61005;50007;57006;1.697626E-09;1;ОС-1:;состояние1_k-15.sig;1 дополнительное:;состояние2_k-35.sig;0;0;4.414337;84;0.1414964;37;2.812242;4.510295;83;4.27284
62;61005;50007;57006;1.697626E-09;1;ОС-1:;состояние1_k-15.sig;1 дополнительное:;состояние2_k-36.sig;0;1.047378E-05;4.414337;84;0.1011154;226;2.81038;4.515235;684;4.313221
62;61005;50007;57006;1.697626E-09;1;ОС-1:;состояние1_k-15.sig;1 дополнительное:;состояние2_k-37.sig;0;-0.0002652423;4.414337;84;0.04707476;647;2.810391;4.461164;417;4.367262
62;61005;50007;57006;1.697626E-09;1;ОС-1:;состояние1_k-15.sig;1 дополнительное:;состояние2_k-38.sig;0;-0.0001221726;4.414337;84;0.03611154;197;2.811026;4.450423;684;4.378225
62;61005;50007;57006;1.697626E-09;1;ОС-1:;состояние1_k-15.sig;1 дополнительное:;состояние2_k-39.sig;0;0.0002590268;4.414337;84;0.1024275;699;2.811479;4.502369;184;4.311909
62;61005;50007;57006;1.697626E-09;1;ОС-1:;состояние1_k-15.sig;1 дополнительное:;состояние2_k-40.sig;0;-2.667308E-08;4.414337;84;0.1701242;2;2.811415;4.570004;51;4.244213
62;61005;50007;57006;1.697626E-09;1;ОС-1:;состояние1_k-16.sig;1 дополнительное:;состояние2_k-21.sig;-0.01179579;0.008321153;3.71007;69;0.7884662;397;2.401754;4.493076;350;2.921604
62;61005;50007;57006;1.697626E-09;1;ОС-1:;состояние1_k-16.sig;1 дополнительное:;состояние2_k-22.sig;-0.01179579;0.005544594;3.71007;69;0.4432855;144;2.39135;4.150506;257;3.266784
62;61005;50007;57006;1.697626E-09;1;ОС-1:;состояние1_k-16.sig;1 дополнительное:;состояние2_k-23.sig;-0.01179579;0.0005530132;3.71007;69;0.2003767;42;2.387419;3.910406;194;3.509693
62;61005;50007;57006;1.697626E-09;1;ОС-1:;состояние1_k-16.sig;1 дополнительное:;состояние2_k-24.sig;-0.01179579;-0.0009696611;3.71007;69;0.1054258;110;2.381579;3.813081;7;3.604644
62;61005;50007;57006;1.697626E-09;1;ОС-1:;состояние1_k-16.sig;1 дополнительное:;состояние2_k-25.sig;-0.01179579;0;3.71007;69;0.1467895;15;2.379238;3.856122;194;3.56328
62;61005;50007;57006;1.697626E-09;1;ОС-1:;состояние1_k-16.sig;1 дополнительное:;состояние2_k-26.sig;-0.01179579;0.0004266342;3.71007;69;0.1718531;7;2.380553;3.880898;257;3.538217
62;61005;50007;57006;1.697626E-09;1;ОС-1:;состояние1_k-16.sig;1 дополнительное:;состояние2_k-27.sig;-0.01179579;-0.0002810592;3.71007;69;0.1563324;408;2.38272;3.866756;38;3.553737
62;61005;50007;57006;1.697626E-09;1;ОС-1:;состояние1_k-16.sig;1 дополнительное:;состояние2_k-28.sig;-0.01179579;-0.0007142588;3.71007;69;0.1099742;102;2.38267;3.813254;101;3.600096
62;61005;50007;57006;1.697626E-09;1;ОС-1:;состояние1_k-16.sig;1 дополнительное:;состояние2_k-29.sig;-0.01179579;-0.0002920438;3.71007;69;0.04618205;748;2.380575;3.755819;163;3.663888
62;61005;50007;57006;1.697626E-09;1;ОС-1:;состояние1_k-16.sig;1 дополнительное:;состояние2_k-30.sig;-0.01179579;0;3.71007;69;0.02312427;3;2.379801;3.733043;319;3.686946
62;61005;50007;57006;1.697626E-09;1;ОС-1:;состояние1_k-16.sig;1 дополнительное:;состояние2_k-31.sig;-0.01179579;-0.0006318715;3.71007;69;0.08491091;352;2.380439;3.795224;288;3.625159
62;61005;50007;57006;1.697626E-09;1;ОС-1:;состояние1_k-16.sig;1 дополнительное:;состояние2_k-32.sig;-0.01179579;-0.001541425;3.71007;69;0.1319811;55;2.381456;3.838193;7;3.578089
62;61005;50007;57006;1.697626E-09;1;ОС-1:;состояние1_k-16.sig;1 дополнительное:;состояние2_k-33.sig;-0.01179579;-0.001598089;3.71007;69;0.1584511;685;2.380329;3.867238;413;3.551619
62;61005;50007;57006;1.697626E-09;1;ОС-1:;состояние1_k-16.sig;1 дополнительное:;состояние2_k-34.sig;-0.01179579;-0.0007510972;3.71007;69;0.1615591;425;2.379617;3.866222;382;3.548511
62;61005;50007;57006;1.697626E-09;1;ОС-1:;состояние1_k-16.sig;1 дополнительное:;состояние2_k-35.sig;-0.01179579;0;3.71007;69;0.1414964;37;2.37975;3.851473;194;3.568573
62;61005;50007;57006;1.697626E-09;1;ОС-1:;состояние1_k-16.sig;1 дополнительное:;состояние2_k-36.sig;-0.01179579;1.047378E-05;3.71007;69;0.1011154;226;2.380745;3.806133;226;3.608954
62;61005;50007;57006;1.697626E-09;1;ОС-1:;состояние1_k-16.sig;1 дополнительное:;состояние2_k-37.sig;-0.01179579;-0.0002652423;3.71007;69;0.04707476;647;2.380401;3.757035;444;3.662995
62;61005;50007;57006;1.697626E-09;1;ОС-1:;состояние1_k-16.sig;1 дополнительное:;состояние2_k-38.sig;-0.01179579;-0.0001221726;3.71007;69;0.03611154;197;2.379664;3.745588;38;3.673958
62;61005;50007;57006;1.697626E-09;1;ОС-1:;состояние1_k-16.sig;1 дополнительное:;состояние2_k-39.sig;-0.01179579;0.0002590268;3.71007;69;0.1024275;699;2.379749;3.811414;288;3.607642
62;61005;50007;57006;1.697626E-09;1;ОС-1:;состояние1_k-16.sig;1 дополнительное:;состояние2_k-40.sig;-0.01179579;-2.667308E-08;3.71007;69;0.1701242;2;2.38094;3.864881;101;3.539946
62;61005;50007;57006;1.697626E-09;1;ОС-1:;состояние1_k-17.sig;1 дополнительное:;состояние2_k-21.sig;-0.03433326;0.008321153;3.015372;468;0.7884662;397;1.960809;3.802458;468;2.226905
62;61005;50007;57006;1.697626E-09;1;ОС-1:;состояние1_k-17.sig;1 дополнительное:;состояние2_k-22.sig;-0.03433326;0.005544594;3.015372;468;0.4432855;144;1.932586;3.454765;144;2.572086
62;61005;50007;57006;1.697626E-09;1;ОС-1:;состояние1_k-17.sig;1 дополнительное:;состояние2_k-23.sig;-0.03433326;0.0005530132;3.015372;468;0.2003767;42;1.930152;3.213033;86;2.814995
62;61005;50007;57006;1.697626E-09;1;ОС-1:;состояние1_k-17.sig;1 дополнительное:;состояние2_k-24.sig;-0.03433326;-0.0009696611;3.015372;468;0.1054258;110;1.928181;3.120227;27;2.909946
62;61005;50007;57006;1.697626E-09;1;ОС-1:;состояние1_k-17.sig;1 дополнительное:;состояние2_k-25.sig;-0.03433326;0;3.015372;468;0.1467895;15;1.924128;3.162091;115;2.868582
62;61005;50007;57006;1.697626E-09;1;ОС-1:;состояние1_k-17.sig;1 дополнительное:;состояние2_k-26.sig;-0.03433326;0.0004266342;3.015372;468;0.1718531;7;1.923183;3.18529;527;2.843518
62;61005;50007;57006;1.697626E-09;1;ОС-1:;состояние1_k-17.sig;1 дополнительное:;состояние2_k-27.sig;-0.03433326;-0.0002810592;3.015372;468;0.1563324;408;1.925353;3.170659;56;2.859039
62;61005;50007;57006;1.697626E-09;1;ОС-1:;состояние1_k-17.sig;1 дополнительное:;состояние2_k-28.sig;-0.03433326;-0.0007142588;3.015372;468;0.1099742;102;1.92666;3.124595;674;2.905397
62;61005;50007;57006;1.697626E-09;1;ОС-1:;состояние1_k-17.sig;1 дополнительное:;состояние2_k-29.sig;-0.03433326;-0.0002920438;3.015372;468;0.04618205;748;1.9255;3.057724;350;2.969189
62;61005;50007;57006;1.697626E-09;1;ОС-1:;состояние1_k-17.sig;1 дополнительное:;состояние2_k-30.sig;-0.03433326;0;3.015372;468;0.02312427;3;1.923774;3.036956;203;2.992247
62;61005;50007;57006;1.697626E-09;1;ОС-1:;состояние1_k-17.sig;1 дополнительное:;состояние2_k-31.sig;-0.03433326;-0.0006318715;3.015372;468;0.08491091;352;1.924586;3.099507;174;2.930461
62;61005;50007;57006;1.697626E-09;1;ОС-1:;состояние1_k-17.sig;1 дополнительное:;состояние2_k-32.sig;-0.03433326;-0.001541425;3.015372;468;0.1319811;55;1.92557;3.145225;86;2.88339
62;61005;50007;57006;1.697626E-09;1;ОС-1:;состояние1_k-17.sig;1 дополнительное:;состояние2_k-33.sig;-0.03433326;-0.001598089;3.015372;468;0.1584511;685;1.925493;3.173395;321;2.85692
62;61005;50007;57006;1.697626E-09;1;ОС-1:;состояние1_k-17.sig;1 дополнительное:;состояние2_k-34.sig;-0.03433326;-0.0007510972;3.015372;468;0.1615591;425;1.926189;3.173001;527;2.853812
62;61005;50007;57006;1.697626E-09;1;ОС-1:;состояние1_k-17.sig;1 дополнительное:;состояние2_k-35.sig;-0.03433326;0;3.015372;468;0.1414964;37;1.923662;3.155911;380;2.873875
62;61005;50007;57006;1.697626E-09;1;ОС-1:;состояние1_k-17.sig;1 дополнительное:;состояние2_k-36.sig;-0.03433326;1.047378E-05;3.015372;468;0.1011154;226;1.92368;3.116361;615;2.914256
62;61005;50007;57006;1.697626E-09;1;ОС-1:;состояние1_k-17.sig;1 дополнительное:;состояние2_k-37.sig;-0.03433326;-0.0002652423;3.015372;468;0.04707476;647;1.924682;3.062228;174;2.968297
62;61005;50007;57006;1.697626E-09;1;ОС-1:;состояние1_k-17.sig;1 дополнительное:;состояние2_k-38.sig;-0.03433326;-0.0001221726;3.015372;468;0.03611154;197;1.924156;3.050583;762;2.97926
62;61005;50007;57006;1.697626E-09;1;ОС-1:;состояние1_k-17.sig;1 дополнительное:;состояние2_k-39.sig;-0.03433326;0.0002590268;3.015372;468;0.1024275;699;1.923227;3.116361;174;2.912944
62;61005;50007;57006;1.697626E-09;1;ОС-1:;состояние1_k-17.sig;1 дополнительное:;состояние2_k-40.sig;-0.03433326;-2.667308E-08;3.015372;468;0.1701242;2;1.923296;3.186561;115;2.845248
62;61005;50007;57006;1.697626E-09;1;ОС-1:;состояние1_k-18.sig;1 дополнительное:;состояние2_k-21.sig;-0.03750934;0.008321153;2.355628;378;0.7884662;397;1.572808;3.14077;350;1.567162
62;61005;50007;57006;1.697626E-09;1;ОС-1:;состояние1_k-18.sig;1 дополнительное:;состояние2_k-22.sig;-0.03750934;0.005544594;2.355628;378;0.4432855;144;1.515608;2.792415;212;1.912343
62;61005;50007;57006;1.697626E-09;1;ОС-1:;состояние1_k-18.sig;1 дополнительное:;состояние2_k-23.sig;-0.03750934;0.0005530132;2.355628;378;0.2003767;42;1.503098;2.554215;128;2.155251
62;61005;50007;57006;1.697626E-09;1;ОС-1:;состояние1_k-18.sig;1 дополнительное:;состояние2_k-24.sig;-0.03750934;-0.0009696611;2.355628;378;0.1054258;110;1.502473;2.451659;45;2.250202
62;61005;50007;57006;1.697626E-09;1;ОС-1:;состояние1_k-18.sig;1 дополнительное:;состояние2_k-25.sig;-0.03750934;0;2.355628;378;0.1467895;15;1.500902;2.500927;295;2.208838
62;61005;50007;57006;1.697626E-09;1;ОС-1:;состояние1_k-18.sig;1 дополнительное:;состояние2_k-26.sig;-0.03750934;0.0004266342;2.355628;378;0.1718531;7;1.499194;2.523654;239;2.183775
62;61005;50007;57006;1.697626E-09;1;ОС-1:;состояние1_k-18.sig;1 дополнительное:;состояние2_k-27.sig;-0.03750934;-0.0002810592;2.355628;378;0.1563324;408;1.499793;2.502496;295;2.199296
62;61005;50007;57006;1.697626E-09;1;ОС-1:;состояние1_k-18.sig;1 дополнительное:;состояние2_k-28.sig;-0.03750934;-0.0007142588;2.355628;378;0.1099742;102;1.50054;2.464685;156;2.245654
62;61005;50007;57006;1.697626E-09;1;ОС-1:;состояние1_k-18.sig;1 дополнительное:;состояние2_k-29.sig;-0.03750934;-0.0002920438;2.355628;378;0.04618205;748;1.50031;2.401458;128;2.309446
62;61005;50007;57006;1.697626E-09;1;ОС-1:;состояние1_k-18.sig;1 дополнительное:;состояние2_k-30.sig;-0.03750934;0;2.355628;378;0.02312427;3;1.49909;2.375526;239;2.332504
62;61005;50007;57006;1.697626E-09;1;ОС-1:;состояние1_k-18.sig;1 дополнительное:;состояние2_k-31.sig;-0.03750934;-0.0006318715;2.355628;378;0.08491091;352;1.49875;2.440274;739;2.270717
62;61005;50007;57006;1.697626E-09;1;ОС-1:;состояние1_k-18.sig;1 дополнительное:;состояние2_k-32.sig;-0.03750934;-0.001541425;2.355628;378;0.1319811;55;1.499196;2.485705;461;2.223647
62;61005;50007;57006;1.697626E-09;1;ОС-1:;состояние1_k-18.sig;1 дополнительное:;состояние2_k-33.sig;-0.03750934;-0.001598089;2.355628;378;0.1584511;685;1.500362;2.51045;489;2.197177
62;61005;50007;57006;1.697626E-09;1;ОС-1:;состояние1_k-18.sig;1 дополнительное:;состояние2_k-34.sig;-0.03750934;-0.0007510972;2.355628;378;0.1615591;425;1.500731;2.513944;72;2.194069
62;61005;50007;57006;1.697626E-09;1;ОС-1:;состояние1_k-18.sig;1 дополнительное:;состояние2_k-35.sig;-0.03750934;0;2.355628;378;0.1414964;37;1.499902;2.493267;295;2.214132
62;61005;50007;57006;1.697626E-09;1;ОС-1:;состояние1_k-18.sig;1 дополнительное:;состояние2_k-36.sig;-0.03750934;1.047378E-05;2.355628;378;0.1011154;226;1.500243;2.455611;267;2.254513
62;61005;50007;57006;1.697626E-09;1;ОС-1:;состояние1_k-18.sig;1 дополнительное:;состояние2_k-37.sig;-0.03750934;-0.0002652423;2.355628;378;0.04707476;647;1.499348;2.401722;350;2.308553
62;61005;50007;57006;1.697626E-09;1;ОС-1:;состояние1_k-18.sig;1 дополнительное:;состояние2_k-38.sig;-0.03750934;-0.0001221726;2.355628;378;0.03611154;197;1.499357;2.389157;211;2.319516
62;61005;50007;57006;1.697626E-09;1;ОС-1:;состояние1_k-18.sig;1 дополнительное:;состояние2_k-39.sig;-0.03750934;0.0002590268;2.355628;378;0.1024275;699;1.499341;2.457296;378;2.253201
62;61005;50007;57006;1.697626E-09;1;ОС-1:;состояние1_k-18.sig;1 дополнительное:;состояние2_k-40.sig;-0.03750934;-2.667308E-08;2.355628;378;0.1701242;2;1.499936;2.525323;128;2.185504
62;61005;50007;57006;1.697626E-09;1;ОС-1:;состояние1_k-19.sig;1 дополнительное:;состояние2_k-21.sig;-0.02004072;0.008321153;1.754026;508;0.7884662;397;1.249653;2.540728;87;0.9655594
62;61005;50007;57006;1.697626E-09;1;ОС-1:;состояние1_k-19.sig;1 дополнительное:;состояние2_k-22.sig;-0.02004072;0.005544594;1.754026;508;0.4432855;144;1.156364;2.196814;8;1.31074
62;61005;50007;57006;1.697626E-09;1;ОС-1:;состояние1_k-19.sig;1 дополнительное:;состояние2_k-23.sig;-0.02004072;0.0005530132;1.754026;508;0.2003767;42;1.124931;1.952996;455;1.553649
62;61005;50007;57006;1.697626E-09;1;ОС-1:;состояние1_k-19.sig;1 дополнительное:;состояние2_k-24.sig;-0.02004072;-0.0009696611;1.754026;508;0.1054258;110;1.122709;1.856667;692;1.6486
62;61005;50007;57006;1.697626E-09;1;ОС-1:;состояние1_k-19.sig;1 дополнительное:;состояние2_k-25.sig;-0.02004072;0;1.754026;508;0.1467895;15;1.125114;1.899079;34;1.607236
62;61005;50007;57006;1.697626E-09;1;ОС-1:;состояние1_k-19.sig;1 дополнительное:;состояние2_k-26.sig;-0.02004072;0.0004266342;1.754026;508;0.1718531;7;1.123912;1.923494;8;1.582173
62;61005;50007;57006;1.697626E-09;1;ОС-1:;состояние1_k-19.sig;1 дополнительное:;состояние2_k-27.sig;-0.02004072;-0.0002810592;1.754026;508;0.1563324;408;1.122029;1.908853;482;1.597693
62;61005;50007;57006;1.697626E-09;1;ОС-1:;состояние1_k-19.sig;1 дополнительное:;состояние2_k-28.sig;-0.02004072;-0.0007142588;1.754026;508;0.1099742;102;1.121734;1.863536;745;1.644051
62;61005;50007;57006;1.697626E-09;1;ОС-1:;состояние1_k-19.sig;1 дополнительное:;состояние2_k-29.sig;-0.02004072;-0.0002920438;1.754026;508;0.04618205;748;1.122172;1.798793;455;1.707844
62;61005;50007;57006;1.697626E-09;1;ОС-1:;состояние1_k-19.sig;1 дополнительное:;состояние2_k-30.sig;-0.02004072;0;1.754026;508;0.02312427;3;1.121665;1.776861;87;1.730901
62;61005;50007;57006;1.697626E-09;1;ОС-1:;состояние1_k-19.sig;1 дополнительное:;состояние2_k-31.sig;-0.02004072;-0.0006318715;1.754026;508;0.08491091;352;1.12111;1.836197;61;1.669115
62;61005;50007;57006;1.697626E-09;1;ОС-1:;состояние1_k-19.sig;1 дополнительное:;состояние2_k-32.sig;-0.02004072;-0.001541425;1.754026;508;0.1319811;55;1.121288;1.886024;508;1.622044
62;61005;50007;57006;1.697626E-09;1;ОС-1:;состояние1_k-19.sig;1 дополнительное:;состояние2_k-33.sig;-0.02004072;-0.001598089;1.754026;508;0.1584511;685;1.122635;1.910912;245;1.595574
62;61005;50007;57006;1.697626E-09;1;ОС-1:;состояние1_k-19.sig;1 дополнительное:;состояние2_k-34.sig;-0.02004072;-0.0007510972;1.754026;508;0.1615591;425;1.123489;1.915348;87;1.592466
62;61005;50007;57006;1.697626E-09;1;ОС-1:;состояние1_k-19.sig;1 дополнительное:;состояние2_k-35.sig;-0.02004072;0;1.754026;508;0.1414964;37;1.12304;1.894824;8;1.612529
62;61005;50007;57006;1.697626E-09;1;ОС-1:;состояние1_k-19.sig;1 дополнительное:;состояние2_k-36.sig;-0.02004072;1.047378E-05;1.754026;508;0.1011154;226;1.122294;1.855057;587;1.65291
62;61005;50007;57006;1.697626E-09;1;ОС-1:;состояние1_k-19.sig;1 дополнительное:;состояние2_k-37.sig;-0.02004072;-0.0002652423;1.754026;508;0.04707476;647;1.121589;1.798544;376;1.706951
62;61005;50007;57006;1.697626E-09;1;ОС-1:;состояние1_k-19.sig;1 дополнительное:;состояние2_k-38.sig;-0.02004072;-0.0001221726;1.754026;508;0.03611154;197;1.121917;1.769923;482;1.717914
62;61005;50007;57006;1.697626E-09;1;ОС-1:;состояние1_k-19.sig;1 дополнительное:;состояние2_k-39.sig;-0.02004072;0.0002590268;1.754026;508;0.1024275;699;1.122491;1.854502;455;1.651598
62;61005;50007;57006;1.697626E-09;1;ОС-1:;состояние1_k-19.sig;1 дополнительное:;состояние2_k-40.sig;-0.02004072;-2.667308E-08;1.754026;508;0.1701242;2;1.122813;1.922741;140;1.583901
62;61005;50007;57006;1.697626E-09;1;ОС-1:;состояние1_k-20.sig;1 дополнительное:;состояние2_k-21.sig;0;0.008321153;1.227447;25;0.7884662;397;0.9823109;2.013515;325;0.4389809
62;61005;50007;57006;1.697626E-09;1;ОС-1:;состояние1_k-20.sig;1 дополнительное:;состояние2_k-22.sig;0;0.005544594;1.227447;25;0.4432855;144;0.8461603;1.66776;75;0.7841617
62;61005;50007;57006;1.697626E-09;1;ОС-1:;состояние1_k-20.sig;1 дополнительное:;состояние2_k-23.sig;0;0.0005530132;1.227447;25;0.2003767;42;0.7892751;1.427454;325;1.02707
62;61005;50007;57006;1.697626E-09;1;ОС-1:;состояние1_k-20.sig;1 дополнительное:;состояние2_k-24.sig;0;-0.0009696611;1.227447;25;0.1054258;110;0.7787265;1.329222;150;1.122021
62;61005;50007;57006;1.697626E-09;1;ОС-1:;состояние1_k-20.sig;1 дополнительное:;состояние2_k-25.sig;0;0;1.227447;25;0.1467895;15;0.7843861;1.374237;75;1.080658
62;61005;50007;57006;1.697626E-09;1;ОС-1:;состояние1_k-20.sig;1 дополнительное:;состояние2_k-26.sig;0;0.0004266342;1.227447;25;0.1718531;7;0.7865937;1.398136;200;1.055594
62;61005;50007;57006;1.697626E-09;1;ОС-1:;состояние1_k-20.sig;1 дополнительное:;состояние2_k-27.sig;0;-0.0002810592;1.227447;25;0.1563324;408;0.7837415;1.383533;575;1.071115
62;61005;50007;57006;1.697626E-09;1;ОС-1:;состояние1_k-20.sig;1 дополнительное:;состояние2_k-28.sig;0;-0.0007142588;1.227447;25;0.1099742;102;0.7808503;1.330606;100;1.117473
62;61005;50007;57006;1.697626E-09;1;ОС-1:;состояние1_k-20.sig;1 дополнительное:;состояние2_k-29.sig;0;-0.0002920438;1.227447;25;0.04618205;748;0.7811592;1.273576;300;1.181265
62;61005;50007;57006;1.697626E-09;1;ОС-1:;состояние1_k-20.sig;1 дополнительное:;состояние2_k-30.sig;0;0;1.227447;25;0.02312427;3;0.7819315;1.247104;0;1.204323
62;61005;50007;57006;1.697626E-09;1;ОС-1:;состояние1_k-20.sig;1 дополнительное:;состояние2_k-31.sig;0;-0.0006318715;1.227447;25;0.08491091;352;0.7810451;1.312086;175;1.142536
62;61005;50007;57006;1.697626E-09;1;ОС-1:;состояние1_k-20.sig;1 дополнительное:;состояние2_k-32.sig;0;-0.001541425;1.227447;25;0.1319811;55;0.7805282;1.354695;150;1.095466
62;61005;50007;57006;1.697626E-09;1;ОС-1:;состояние1_k-20.sig;1 дополнительное:;состояние2_k-33.sig;0;-0.001598089;1.227447;25;0.1584511;685;0.7815304;1.38585;200;1.068996
62;61005;50007;57006;1.697626E-09;1;ОС-1:;состояние1_k-20.sig;1 дополнительное:;состояние2_k-34.sig;0;-0.0007510972;1.227447;25;0.1615591;425;0.7834751;1.389006;175;1.065888
62;61005;50007;57006;1.697626E-09;1;ОС-1:;состояние1_k-20.sig;1 дополнительное:;состояние2_k-35.sig;0;0;1.227447;25;0.1414964;37;0.7843406;1.363118;150;1.085951
62;61005;50007;57006;1.697626E-09;1;ОС-1:;состояние1_k-20.sig;1 дополнительное:;состояние2_k-36.sig;0;1.047378E-05;1.227447;25;0.1011154;226;0.7826455;1.320593;74;1.126332
62;61005;50007;57006;1.697626E-09;1;ОС-1:;состояние1_k-20.sig;1 дополнительное:;состояние2_k-37.sig;0;-0.0002652423;1.227447;25;0.04707476;647;0.7813473;1.274407;350;1.180372
62;61005;50007;57006;1.697626E-09;1;ОС-1:;состояние1_k-20.sig;1 дополнительное:;состояние2_k-38.sig;0;-0.0001221726;1.227447;25;0.03611154;197;0.7817274;1.26342;250;1.191336
62;61005;50007;57006;1.697626E-09;1;ОС-1:;состояние1_k-20.sig;1 дополнительное:;состояние2_k-39.sig;0;0.0002590268;1.227447;25;0.1024275;699;0.7835589;1.329612;750;1.12502
62;61005;50007;57006;1.697626E-09;1;ОС-1:;состояние1_k-20.sig;1 дополнительное:;состояние2_k-40.sig;0;-2.667308E-08;1.227447;25;0.1701242;2;0.7868424;1.374198;1;1.057323
62;55001;52004;53006;1.185981E-09;0.9999999;ОС-1:;состояние1_k-1.sig;1 дополнительное:;состояние2_k-21.sig;0.2825086;0.008295609;1.26685;351;0.7851241;778;0.8328537;2.039266;373;0.4817256
62;55001;52004;53006;1.185981E-09;0.9999999;ОС-1:;состояние1_k-1.sig;1 дополнительное:;состояние2_k-22.sig;0.2825086;0.005542355;1.26685;351;0.4407671;235;0.7619893;1.706891;349;0.8260825
62;55001;52004;53006;1.185981E-09;0.9999999;ОС-1:;состояние1_k-1.sig;1 дополнительное:;состояние2_k-23.sig;0.2825086;0.0005803747;1.26685;351;0.1982689;129;0.7327646;1.457678;368;1.068581
62;55001;52004;53006;1.185981E-09;0.9999999;ОС-1:;состояние1_k-1.sig;1 дополнительное:;состояние2_k-24.sig;0.2825086;-0.0009436778;1.26685;351;0.1026812;110;0.7260308;1.366014;340;1.164168
62;55001;52004;53006;1.185981E-09;0.9999999;ОС-1:;состояние1_k-1.sig;1 дополнительное:;состояние2_k-25.sig;0.2825086;0;1.26685;351;0.143935;15;0.7299904;1.410341;355;1.122915
62;55001;52004;53006;1.185981E-09;0.9999999;ОС-1:;состояние1_k-1.sig;1 дополнительное:;состояние2_k-26.sig;0.2825086;0.0004100142;1.26685;351;0.1686227;430;0.7303114;1.4284;334;1.098227
62;55001;52004;53006;1.185981E-09;0.9999999;ОС-1:;состояние1_k-1.sig;1 дополнительное:;состояние2_k-27.sig;0.2825086;-0.0002868762;1.26685;351;0.1526696;445;0.7285244;1.419111;352;1.11418
62;55001;52004;53006;1.185981E-09;0.9999999;ОС-1:;состояние1_k-1.sig;1 дополнительное:;состояние2_k-28.sig;0.2825086;-0.0006985529;1.26685;351;0.1060497;102;0.7268131;1.365848;334;1.1608
62;55001;52004;53006;1.185981E-09;0.9999999;ОС-1:;состояние1_k-1.sig;1 дополнительное:;состояние2_k-29.sig;0.2825086;-0.0002721579;1.26685;351;0.04227163;541;0.7264996;1.309044;351;1.224578
62;55001;52004;53006;1.185981E-09;0.9999999;ОС-1:;состояние1_k-1.sig;1 дополнительное:;состояние2_k-30.sig;0.2825086;0;1.26685;351;0.02696392;3;0.7258023;1.293692;353;1.239886
62;55001;52004;53006;1.185981E-09;0.9999999;ОС-1:;состояние1_k-1.sig;1 дополнительное:;состояние2_k-31.sig;0.2825086;-0.0006569337;1.26685;351;0.08834753;223;0.7272131;1.349723;336;1.178502
62;55001;52004;53006;1.185981E-09;0.9999999;ОС-1:;состояние1_k-1.sig;1 дополнительное:;состояние2_k-32.sig;0.2825086;-0.001575862;1.26685;351;0.1348454;55;0.7267562;1.40157;352;1.132004
62;55001;52004;53006;1.185981E-09;0.9999999;ОС-1:;состояние1_k-1.sig;1 дополнительное:;состояние2_k-33.sig;0.2825086;-0.001623757;1.26685;351;0.1606133;685;0.7282946;1.421882;337;1.106236
62;55001;52004;53006;1.185981E-09;0.9999999;ОС-1:;состояние1_k-1.sig;1 дополнительное:;состояние2_k-34.sig;0.2825086;-0.0007620213;1.26685;351;0.1629627;278;0.7290743;1.428922;352;1.103887
62;55001;52004;53006;1.185981E-09;0.9999999;ОС-1:;состояние1_k-1.sig;1 дополнительное:;состояние2_k-35.sig;0.2825086;0;1.26685;351;0.1421222;37;0.7288468;1.404227;337;1.124727
62;55001;52004;53006;1.185981E-09;0.9999999;ОС-1:;состояние1_k-1.sig;1 дополнительное:;состояние2_k-36.sig;0.2825086;1.755072E-05;1.26685;351;0.1010051;226;0.7271548;1.367855;351;1.165845
62;55001;52004;53006;1.185981E-09;0.9999999;ОС-1:;состояние1_k-1.sig;1 дополнительное:;состояние2_k-37.sig;0.2825086;-0.0002523797;1.26685;351;0.04611896;566;0.7247093;1.309131;363;1.220731
62;55001;52004;53006;1.185981E-09;0.9999999;ОС-1:;состояние1_k-1.sig;1 дополнительное:;состояние2_k-38.sig;0.2825086;-0.0001071246;1.26685;351;0.03588384;460;0.7257027;1.300611;342;1.230966
62;55001;52004;53006;1.185981E-09;0.9999999;ОС-1:;состояние1_k-1.sig;1 дополнительное:;состояние2_k-39.sig;0.2825086;0.0002689586;1.26685;351;0.1031092;340;0.7273074;1.369711;353;1.16374
62;55001;52004;53006;1.185981E-09;0.9999999;ОС-1:;состояние1_k-1.sig;1 дополнительное:;состояние2_k-40.sig;0.2825086;2.205372E-08;1.26685;351;0.1711362;2;0.7303218;1.436052;340;1.095713
62;55001;52004;53006;1.185981E-09;0.9999999;ОС-1:;состояние1_k-2.sig;1 дополнительное:;состояние2_k-21.sig;0.3855776;0.008295609;2.490158;101;0.7851241;778;1.605976;3.273421;349;1.705034
62;55001;52004;53006;1.185981E-09;0.9999999;ОС-1:;состояние1_k-2.sig;1 дополнительное:;состояние2_k-22.sig;0.3855776;0.005542355;2.490158;101;0.4407671;235;1.596076;2.85118;120;2.049391
62;55001;52004;53006;1.185981E-09;0.9999999;ОС-1:;состояние1_k-2.sig;1 дополнительное:;состояние2_k-23.sig;0.3855776;0.0005803747;2.490158;101;0.1982689;129;1.576339;2.684855;347;2.291889
62;55001;52004;53006;1.185981E-09;0.9999999;ОС-1:;состояние1_k-2.sig;1 дополнительное:;состояние2_k-24.sig;0.3855776;-0.0009436778;2.490158;101;0.1026812;110;1.576378;2.578171;359;2.387477
62;55001;52004;53006;1.185981E-09;0.9999999;ОС-1:;состояние1_k-2.sig;1 дополнительное:;состояние2_k-25.sig;0.3855776;0;2.490158;101;0.143935;15;1.573089;2.627539;595;2.346223
62;55001;52004;53006;1.185981E-09;0.9999999;ОС-1:;состояние1_k-2.sig;1 дополнительное:;состояние2_k-26.sig;0.3855776;0.0004100142;2.490158;101;0.1686227;430;1.579615;2.6578;103;2.321535
62;55001;52004;53006;1.185981E-09;0.9999999;ОС-1:;состояние1_k-2.sig;1 дополнительное:;состояние2_k-27.sig;0.3855776;-0.0002868762;2.490158;101;0.1526696;445;1.573395;2.632232;94;2.337488
62;55001;52004;53006;1.185981E-09;0.9999999;ОС-1:;состояние1_k-2.sig;1 дополнительное:;состояние2_k-28.sig;0.3855776;-0.0006985529;2.490158;101;0.1060497;102;1.575493;2.595924;352;2.384109
62;55001;52004;53006;1.185981E-09;0.9999999;ОС-1:;состояние1_k-2.sig;1 дополнительное:;состояние2_k-29.sig;0.3855776;-0.0002721579;2.490158;101;0.04227163;541;1.574933;2.522255;595;2.447886
62;55001;52004;53006;1.185981E-09;0.9999999;ОС-1:;состояние1_k-2.sig;1 дополнительное:;состояние2_k-30.sig;0.3855776;0;2.490158;101;0.02696392;3;1.574963;2.488166;91;2.463194
62;55001;52004;53006;1.185981E-09;0.9999999;ОС-1:;состояние1_k-2.sig;1 дополнительное:;состояние2_k-31.sig;0.3855776;-0.0006569337;2.490158;101;0.08834753;223;1.57365;2.578221;352;2.401811
62;55001;52004;53006;1.185981E-09;0.9999999;ОС-1:;состояние1_k-2.sig;1 дополнительное:;состояние2_k-32.sig;0.3855776;-0.001575862;2.490158;101;0.1348454;55;1.575793;2.624631;102;2.355313
62;55001;52004;53006;1.185981E-09;0.9999999;ОС-1:;состояние1_k-2.sig;1 дополнительное:;состояние2_k-33.sig;0.3855776;-0.001623757;2.490158;101;0.1606133;685;1.576326;2.650087;352;2.329545
62;55001;52004;53006;1.185981E-09;0.9999999;ОС-1:;состояние1_k-2.sig;1 дополнительное:;состояние2_k-34.sig;0.3855776;-0.0007620213;2.490158;101;0.1629627;278;1.568185;2.615891;88;2.327195
62;55001;52004;53006;1.185981E-09;0.9999999;ОС-1:;состояние1_k-2.sig;1 дополнительное:;состояние2_k-35.sig;0.3855776;0;2.490158;101;0.1421222;37;1.575162;2.63189;351;2.348036
62;55001;52004;53006;1.185981E-09;0.9999999;ОС-1:;состояние1_k-2.sig;1 дополнительное:;состояние2_k-36.sig;0.3855776;1.755072E-05;2.490158;101;0.1010051;226;1.574399;2.591163;101;2.389153
62;55001;52004;53006;1.185981E-09;0.9999999;ОС-1:;состояние1_k-2.sig;1 дополнительное:;состояние2_k-37.sig;0.3855776;-0.0002523797;2.490158;101;0.04611896;566;1.573796;2.536107;350;2.444039
62;55001;52004;53006;1.185981E-09;0.9999999;ОС-1:;состояние1_k-2.sig;1 дополнительное:;состояние2_k-38.sig;0.3855776;-0.0001071246;2.490158;101;0.03588384;460;1.573537;2.523484;104;2.454274
62;55001;52004;53006;1.185981E-09;0.9999999;ОС-1:;состояние1_k-2.sig;1 дополнительное:;состояние2_k-39.sig;0.3855776;0.0002689586;2.490158;101;0.1031092;340;1.575127;2.589307;97;2.387049
62;55001;52004;53006;1.185981E-09;0.9999999;ОС-1:;состояние1_k-2.sig;1 дополнительное:;состояние2_k-40.sig;0.3855776;2.205372E-08;2.490158;101;0.1711362;2;1.575833;2.661011;352;2.319022
62;55001;52004;53006;1.185981E-09;0.9999999;ОС-1:;состояние1_k-3.sig;1 дополнительное:;состояние2_k-21.sig;0.2778526;0.008295609;3.628507;684;0.7851241;778;2.358118;4.119958;38;2.843383
62;55001;52004;53006;1.185981E-09;0.9999999;ОС-1:;состояние1_k-3.sig;1 дополнительное:;состояние2_k-22.sig;0.2778526;0.005542355;3.628507;684;0.4407671;235;2.290421;4.066602;349;3.18774
62;55001;52004;53006;1.185981E-09;0.9999999;ОС-1:;состояние1_k-3.sig;1 дополнительное:;состояние2_k-23.sig;0.2778526;0.0005803747;3.628507;684;0.1982689;129;2.291085;3.822378;20;3.430238
62;55001;52004;53006;1.185981E-09;0.9999999;ОС-1:;состояние1_k-3.sig;1 дополнительное:;состояние2_k-24.sig;0.2778526;-0.0009436778;3.628507;684;0.1026812;110;2.290221;3.695392;190;3.525826
62;55001;52004;53006;1.185981E-09;0.9999999;ОС-1:;состояние1_k-3.sig;1 дополнительное:;состояние2_k-25.sig;0.2778526;0;3.628507;684;0.143935;15;2.287484;3.765174;354;3.484572
62;55001;52004;53006;1.185981E-09;0.9999999;ОС-1:;состояние1_k-3.sig;1 дополнительное:;состояние2_k-26.sig;0.2778526;0.0004100142;3.628507;684;0.1686227;430;2.285738;3.788755;681;3.459884
62;55001;52004;53006;1.185981E-09;0.9999999;ОС-1:;состояние1_k-3.sig;1 дополнительное:;состояние2_k-27.sig;0.2778526;-0.0002868762;3.628507;684;0.1526696;445;2.298297;3.779845;352;3.475837
62;55001;52004;53006;1.185981E-09;0.9999999;ОС-1:;состояние1_k-3.sig;1 дополнительное:;состояние2_k-28.sig;0.2778526;-0.0006985529;3.628507;684;0.1060497;102;2.287647;3.724093;14;3.522458
62;55001;52004;53006;1.185981E-09;0.9999999;ОС-1:;состояние1_k-3.sig;1 дополнительное:;состояние2_k-29.sig;0.2778526;-0.0002721579;3.628507;684;0.04227163;541;2.288059;3.670677;351;3.586236
62;55001;52004;53006;1.185981E-09;0.9999999;ОС-1:;состояние1_k-3.sig;1 дополнительное:;состояние2_k-30.sig;0.2778526;0;3.628507;684;0.02696392;3;2.288034;3.654252;685;3.601543
62;55001;52004;53006;1.185981E-09;0.9999999;ОС-1:;состояние1_k-3.sig;1 дополнительное:;состояние2_k-31.sig;0.2778526;-0.0006569337;3.628507;684;0.08834753;223;2.287871;3.708456;14;3.54016
62;55001;52004;53006;1.185981E-09;0.9999999;ОС-1:;состояние1_k-3.sig;1 дополнительное:;состояние2_k-32.sig;0.2778526;-0.001575862;3.628507;684;0.1348454;55;2.287763;3.762304;352;3.493662
62;55001;52004;53006;1.185981E-09;0.9999999;ОС-1:;состояние1_k-3.sig;1 дополнительное:;состояние2_k-33.sig;0.2778526;-0.001623757;3.628507;684;0.1606133;685;2.297335;3.679196;172;3.467894
62;55001;52004;53006;1.185981E-09;0.9999999;ОС-1:;состояние1_k-3.sig;1 дополнительное:;состояние2_k-34.sig;0.2778526;-0.0007620213;3.628507;684;0.1629627;278;2.286566;3.790441;351;3.465544
62;55001;52004;53006;1.185981E-09;0.9999999;ОС-1:;состояние1_k-3.sig;1 дополнительное:;состояние2_k-35.sig;0.2778526;0;3.628507;684;0.1421222;37;2.286272;3.760382;181;3.486385
62;55001;52004;53006;1.185981E-09;0.9999999;ОС-1:;состояние1_k-3.sig;1 дополнительное:;состояние2_k-36.sig;0.2778526;1.755072E-05;3.628507;684;0.1010051;226;2.287993;3.729488;351;3.527502
62;55001;52004;53006;1.185981E-09;0.9999999;ОС-1:;состояние1_k-3.sig;1 дополнительное:;состояние2_k-37.sig;0.2778526;-0.0002523797;3.628507;684;0.04611896;566;2.288374;3.669104;186;3.582388
62;55001;52004;53006;1.185981E-09;0.9999999;ОС-1:;состояние1_k-3.sig;1 дополнительное:;состояние2_k-38.sig;0.2778526;-0.0001071246;3.628507;684;0.03588384;460;2.287969;3.664278;684;3.592623
62;55001;52004;53006;1.185981E-09;0.9999999;ОС-1:;состояние1_k-3.sig;1 дополнительное:;состояние2_k-39.sig;0.2778526;0.0002689586;3.628507;684;0.1031092;340;2.292065;3.729398;19;3.525398
62;55001;52004;53006;1.185981E-09;0.9999999;ОС-1:;состояние1_k-3.sig;1 дополнительное:;состояние2_k-40.sig;0.2778526;2.205372E-08;3.628507;684;0.1711362;2;2.286773;3.796778;15;3.457371
62;55001;52004;53006;1.185981E-09;0.9999999;ОС-1:;состояние1_k-4.sig;1 дополнительное:;состояние2_k-21.sig;0.09211935;0.008295609;4.644466;226;0.7851241;778;2.913393;5.42656;350;3.859342
62;55001;52004;53006;1.185981E-09;0.9999999;ОС-1:;состояние1_k-4.sig;1 дополнительное:;состояние2_k-22.sig;0.09211935;0.005542355;4.644466;226;0.4407671;235;2.891107;5.080068;99;4.203699
62;55001;52004;53006;1.185981E-09;0.9999999;ОС-1:;состояние1_k-4.sig;1 дополнительное:;состояние2_k-23.sig;0.09211935;0.0005803747;4.644466;226;0.1982689;129;2.883858;4.82621;348;4.446197
62;55001;52004;53006;1.185981E-09;0.9999999;ОС-1:;состояние1_k-4.sig;1 дополнительное:;состояние2_k-24.sig;0.09211935;-0.0009436778;4.644466;226;0.1026812;110;2.881218;4.692105;105;4.541785
62;55001;52004;53006;1.185981E-09;0.9999999;ОС-1:;состояние1_k-4.sig;1 дополнительное:;состояние2_k-25.sig;0.09211935;0;4.644466;226;0.143935;15;2.881002;4.78761;475;4.500531
62;55001;52004;53006;1.185981E-09;0.9999999;ОС-1:;состояние1_k-4.sig;1 дополнительное:;состояние2_k-26.sig;0.09211935;0.0004100142;4.644466;226;0.1686227;430;2.882323;4.808252;352;4.475843
62;55001;52004;53006;1.185981E-09;0.9999999;ОС-1:;состояние1_k-4.sig;1 дополнительное:;состояние2_k-27.sig;0.09211935;-0.0002868762;4.644466;226;0.1526696;445;2.884344;4.789373;724;4.491796
62;55001;52004;53006;1.185981E-09;0.9999999;ОС-1:;состояние1_k-4.sig;1 дополнительное:;состояние2_k-28.sig;0.09211935;-0.0006985529;4.644466;226;0.1060497;102;2.872423;4.748985;101;4.538416
62;55001;52004;53006;1.185981E-09;0.9999999;ОС-1:;состояние1_k-4.sig;1 дополнительное:;состояние2_k-29.sig;0.09211935;-0.0002721579;4.644466;226;0.04227163;541;2.883294;4.675622;727;4.602194
62;55001;52004;53006;1.185981E-09;0.9999999;ОС-1:;состояние1_k-4.sig;1 дополнительное:;состояние2_k-30.sig;0.09211935;0;4.644466;226;0.02696392;3;2.881886;4.669732;101;4.617502
62;55001;52004;53006;1.185981E-09;0.9999999;ОС-1:;состояние1_k-4.sig;1 дополнительное:;состояние2_k-31.sig;0.09211935;-0.0006569337;4.644466;226;0.08834753;223;2.88183;4.73104;351;4.556118
62;55001;52004;53006;1.185981E-09;0.9999999;ОС-1:;состояние1_k-4.sig;1 дополнительное:;состояние2_k-32.sig;0.09211935;-0.001575862;4.644466;226;0.1348454;55;2.883474;4.777555;226;4.509621
62;55001;52004;53006;1.185981E-09;0.9999999;ОС-1:;состояние1_k-4.sig;1 дополнительное:;состояние2_k-33.sig;0.09211935;-0.001623757;4.644466;226;0.1606133;685;2.883352;4.803583;351;4.483852
62;55001;52004;53006;1.185981E-09;0.9999999;ОС-1:;состояние1_k-4.sig;1 дополнительное:;состояние2_k-34.sig;0.09211935;-0.0007620213;4.644466;226;0.1629627;278;2.88334;4.806424;101;4.481503
62;55001;52004;53006;1.185981E-09;0.9999999;ОС-1:;состояние1_k-4.sig;1 дополнительное:;состояние2_k-35.sig;0.09211935;0;4.644466;226;0.1421222;37;2.883101;4.786198;351;4.502344
62;55001;52004;53006;1.185981E-09;0.9999999;ОС-1:;состояние1_k-4.sig;1 дополнительное:;состояние2_k-36.sig;0.09211935;1.755072E-05;4.644466;226;0.1010051;226;2.87369;4.580301;93;4.543461
62;55001;52004;53006;1.185981E-09;0.9999999;ОС-1:;состояние1_k-4.sig;1 дополнительное:;состояние2_k-37.sig;0.09211935;-0.0002523797;4.644466;226;0.04611896;566;2.882736;4.689734;350;4.598347
62;55001;52004;53006;1.185981E-09;0.9999999;ОС-1:;состояние1_k-4.sig;1 дополнительное:;состояние2_k-38.sig;0.09211935;-0.0001071246;4.644466;226;0.03588384;460;2.881958;4.67608;475;4.608582
62;55001;52004;53006;1.185981E-09;0.9999999;ОС-1:;состояние1_k-4.sig;1 дополнительное:;состояние2_k-39.sig;0.09211935;0.0002689586;4.644466;226;0.1031092;340;2.881228;4.74627;225;4.541357
62;55001;52004;53006;1.185981E-09;0.9999999;ОС-1:;состояние1_k-4.sig;1 дополнительное:;состояние2_k-40.sig;0.09211935;2.205372E-08;4.644466;226;0.1711362;2;2.882399;4.813464;102;4.47333
62;55001;52004;53006;1.185981E-09;0.9999999;ОС-1:;состояние1_k-5.sig;1 дополнительное:;состояние2_k-21.sig;0;0.008295609;5.506579;151;0.7851241;778;3.519748;6.268619;253;4.721455
62;55001;52004;53006;1.185981E-09;0.9999999;ОС-1:;состояние1_k-5.sig;1 дополнительное:;состояние2_k-22.sig;0;0.005542355;5.506579;151;0.4407671;235;3.514083;5.938402;349;5.065812
62;55001;52004;53006;1.185981E-09;0.9999999;ОС-1:;состояние1_k-5.sig;1 дополнительное:;состояние2_k-23.sig;0;0.0005803747;5.506579;151;0.1982689;129;3.510772;5.704704;151;5.30831
62;55001;52004;53006;1.185981E-09;0.9999999;ОС-1:;состояние1_k-5.sig;1 дополнительное:;состояние2_k-24.sig;0;-0.0009436778;5.506579;151;0.1026812;110;3.506356;5.608584;651;5.403898
62;55001;52004;53006;1.185981E-09;0.9999999;ОС-1:;состояние1_k-5.sig;1 дополнительное:;состояние2_k-25.sig;0;0;5.506579;151;0.143935;15;3.521051;5.634298;52;5.362644
62;55001;52004;53006;1.185981E-09;0.9999999;ОС-1:;состояние1_k-5.sig;1 дополнительное:;состояние2_k-26.sig;0;0.0004100142;5.506579;151;0.1686227;430;3.501689;5.639682;48;5.337956
62;55001;52004;53006;1.185981E-09;0.9999999;ОС-1:;состояние1_k-5.sig;1 дополнительное:;состояние2_k-27.sig;0;-0.0002868762;5.506579;151;0.1526696;445;3.503284;5.65489;351;5.353909
62;55001;52004;53006;1.185981E-09;0.9999999;ОС-1:;состояние1_k-5.sig;1 дополнительное:;состояние2_k-28.sig;0;-0.0006985529;5.506579;151;0.1060497;102;3.504965;5.607005;550;5.400529
62;55001;52004;53006;1.185981E-09;0.9999999;ОС-1:;состояние1_k-5.sig;1 дополнительное:;состояние2_k-29.sig;0;-0.0002721579;5.506579;151;0.04227163;541;3.505635;5.548773;351;5.464307
62;55001;52004;53006;1.185981E-09;0.9999999;ОС-1:;состояние1_k-5.sig;1 дополнительное:;состояние2_k-30.sig;0;0;5.506579;151;0.02696392;3;3.505718;5.531845;151;5.479615
62;55001;52004;53006;1.185981E-09;0.9999999;ОС-1:;состояние1_k-5.sig;1 дополнительное:;состояние2_k-31.sig;0;-0.0006569337;5.506579;151;0.08834753;223;3.505821;5.591112;450;5.418231
62;55001;52004;53006;1.185981E-09;0.9999999;ОС-1:;состояние1_k-5.sig;1 дополнительное:;состояние2_k-32.sig;0;-0.001575862;5.506579;151;0.1348454;55;3.505805;5.639668;351;5.371734
62;55001;52004;53006;1.185981E-09;0.9999999;ОС-1:;состояние1_k-5.sig;1 дополнительное:;состояние2_k-33.sig;0;-0.001623757;5.506579;151;0.1606133;685;3.50513;5.659312;50;5.345965
62;55001;52004;53006;1.185981E-09;0.9999999;ОС-1:;состояние1_k-5.sig;1 дополнительное:;состояние2_k-34.sig;0;-0.0007620213;5.506579;151;0.1629627;278;3.503799;5.668537;351;5.343616
62;55001;52004;53006;1.185981E-09;0.9999999;ОС-1:;состояние1_k-5.sig;1 дополнительное:;состояние2_k-35.sig;0;0;5.506579;151;0.1421222;37;3.518449;5.391806;45;5.364457
62;55001;52004;53006;1.185981E-09;0.9999999;ОС-1:;состояние1_k-5.sig;1 дополнительное:;состояние2_k-36.sig;0;1.755072E-05;5.506579;151;0.1010051;226;3.503941;5.607584;351;5.405574
62;55001;52004;53006;1.185981E-09;0.9999999;ОС-1:;состояние1_k-5.sig;1 дополнительное:;состояние2_k-37.sig;0;-0.0002523797;5.506579;151;0.04611896;566;3.505203;5.549984;51;5.46046
62;55001;52004;53006;1.185981E-09;0.9999999;ОС-1:;состояние1_k-5.sig;1 дополнительное:;состояние2_k-38.sig;0;-0.0001071246;5.506579;151;0.03588384;460;3.506062;5.54126;551;5.470695
62;55001;52004;53006;1.185981E-09;0.9999999;ОС-1:;состояние1_k-5.sig;1 дополнительное:;состояние2_k-39.sig;0;0.0002689586;5.506579;151;0.1031092;340;3.506333;5.603729;352;5.40347
62;55001;52004;53006;1.185981E-09;0.9999999;ОС-1:;состояние1_k-5.sig;1 дополнительное:;состояние2_k-40.sig;0;2.205372E-08;5.506579;151;0.1711362;2;3.50701;5.673713;52;5.335443
62;55001;52004;53006;1.185981E-09;0.9999999;ОС-1:;состояние1_k-6.sig;1 дополнительное:;состояние2_k-21.sig;0.06363681;0.008295609;6.190759;434;0.7851241;778;4.027082;6.971174;350;5.405635
62;55001;52004;53006;1.185981E-09;0.9999999;ОС-1:;состояние1_k-6.sig;1 дополнительное:;состояние2_k-22.sig;0.06363681;0.005542355;6.190759;434;0.4407671;235;4.021305;6.567918;187;5.749991
62;55001;52004;53006;1.185981E-09;0.9999999;ОС-1:;состояние1_k-6.sig;1 дополнительное:;состояние2_k-23.sig;0.06363681;0.0005803747;6.190759;434;0.1982689;129;4.014092;6.376722;518;5.99249
62;55001;52004;53006;1.185981E-09;0.9999999;ОС-1:;состояние1_k-6.sig;1 дополнительное:;состояние2_k-24.sig;0.06363681;-0.0009436778;6.190759;434;0.1026812;110;4.013127;6.219773;19;6.088078
62;55001;52004;53006;1.185981E-09;0.9999999;ОС-1:;состояние1_k-6.sig;1 дополнительное:;состояние2_k-25.sig;0.06363681;0;6.190759;434;0.143935;15;4.016769;6.334118;434;6.046824
62;55001;52004;53006;1.185981E-09;0.9999999;ОС-1:;состояние1_k-6.sig;1 дополнительное:;состояние2_k-26.sig;0.06363681;0.0004100142;6.190759;434;0.1686227;430;4.017994;6.349901;102;6.022136
62;55001;52004;53006;1.185981E-09;0.9999999;ОС-1:;состояние1_k-6.sig;1 дополнительное:;состояние2_k-27.sig;0.06363681;-0.0002868762;6.190759;434;0.1526696;445;4.015534;6.339442;518;6.038089
62;55001;52004;53006;1.185981E-09;0.9999999;ОС-1:;состояние1_k-6.sig;1 дополнительное:;состояние2_k-28.sig;0.06363681;-0.0006985529;6.190759;434;0.1060497;102;4.012855;6.295051;351;6.084709
62;55001;52004;53006;1.185981E-09;0.9999999;ОС-1:;состояние1_k-6.sig;1 дополнительное:;состояние2_k-29.sig;0.06363681;-0.0002721579;6.190759;434;0.04227163;541;4.013579;6.229844;767;6.148487
62;55001;52004;53006;1.185981E-09;0.9999999;ОС-1:;состояние1_k-6.sig;1 дополнительное:;состояние2_k-30.sig;0.06363681;0;6.190759;434;0.02696392;3;4.012498;6.166135;184;6.163795
62;55001;52004;53006;1.185981E-09;0.9999999;ОС-1:;состояние1_k-6.sig;1 дополнительное:;состояние2_k-31.sig;0.06363681;-0.0006569337;6.190759;434;0.08834753;223;4.018779;6.277105;351;6.102411
62;55001;52004;53006;1.185981E-09;0.9999999;ОС-1:;состояние1_k-6.sig;1 дополнительное:;состояние2_k-32.sig;0.06363681;-0.001575862;6.190759;434;0.1348454;55;4.018909;6.32362;101;6.055913
62;55001;52004;53006;1.185981E-09;0.9999999;ОС-1:;состояние1_k-6.sig;1 дополнительное:;состояние2_k-33.sig;0.06363681;-0.001623757;6.190759;434;0.1606133;685;4.017725;6.349648;351;6.030146
62;55001;52004;53006;1.185981E-09;0.9999999;ОС-1:;состояние1_k-6.sig;1 дополнительное:;состояние2_k-34.sig;0.06363681;-0.0007620213;6.190759;434;0.1629627;278;4.01697;6.31822;16;6.027796
62;55001;52004;53006;1.185981E-09;0.9999999;ОС-1:;состояние1_k-6.sig;1 дополнительное:;состояние2_k-35.sig;0.06363681;0;6.190759;434;0.1421222;37;4.016649;6.332263;351;6.048636
62;55001;52004;53006;1.185981E-09;0.9999999;ОС-1:;состояние1_k-6.sig;1 дополнительное:;состояние2_k-36.sig;0.06363681;1.755072E-05;6.190759;434;0.1010051;226;4.016551;6.291536;101;6.089754
62;55001;52004;53006;1.185981E-09;0.9999999;ОС-1:;состояние1_k-6.sig;1 дополнительное:;состояние2_k-37.sig;0.06363681;-0.0002523797;6.190759;434;0.04611896;566;4.015588;6.234833;768;6.14464
62;55001;52004;53006;1.185981E-09;0.9999999;ОС-1:;состояние1_k-6.sig;1 дополнительное:;состояние2_k-38.sig;0.06363681;-0.0001071246;6.190759;434;0.03588384;460;4.015315;6.213172;101;6.154875
62;55001;52004;53006;1.185981E-09;0.9999999;ОС-1:;состояние1_k-6.sig;1 дополнительное:;состояние2_k-39.sig;0.06363681;0.0002689586;6.190759;434;0.1031092;340;4.01661;6.286322;185;6.087649
62;55001;52004;53006;1.185981E-09;0.9999999;ОС-1:;состояние1_k-6.sig;1 дополнительное:;состояние2_k-40.sig;0.06363681;2.205372E-08;6.190759;434;0.1711362;2;4.018978;6.355113;352;6.019622
62;55001;52004;53006;1.185981E-09;0.9999999;ОС-1:;состояние1_k-7.sig;1 дополнительное:;состояние2_k-21.sig;0.1959988;0.008295609;6.680695;65;0.7851241;778;4.441298;6.009358;144;5.895571
62;55001;52004;53006;1.185981E-09;0.9999999;ОС-1:;состояние1_k-7.sig;1 дополнительное:;состояние2_k-22.sig;0.1959988;0.005542355;6.680695;65;0.4407671;235;4.262929;7.117684;280;6.239927
62;55001;52004;53006;1.185981E-09;0.9999999;ОС-1:;состояние1_k-7.sig;1 дополнительное:;состояние2_k-23.sig;0.1959988;0.0005803747;6.680695;65;0.1982689;129;4.271634;6.875891;65;6.482426
62;55001;52004;53006;1.185981E-09;0.9999999;ОС-1:;состояние1_k-7.sig;1 дополнительное:;состояние2_k-24.sig;0.1959988;-0.0009436778;6.680695;65;0.1026812;110;4.277404;6.776988;279;6.578013
62;55001;52004;53006;1.185981E-09;0.9999999;ОС-1:;состояние1_k-7.sig;1 дополнительное:;состояние2_k-25.sig;0.1959988;0;6.680695;65;0.143935;15;4.279042;6.820306;136;6.536759
62;55001;52004;53006;1.185981E-09;0.9999999;ОС-1:;состояние1_k-7.sig;1 дополнительное:;состояние2_k-26.sig;0.1959988;0.0004100142;6.680695;65;0.1686227;430;4.277847;6.849019;65;6.512072
62;55001;52004;53006;1.185981E-09;0.9999999;ОС-1:;состояние1_k-7.sig;1 дополнительное:;состояние2_k-27.sig;0.1959988;-0.0002868762;6.680695;65;0.1526696;445;4.27593;6.828587;351;6.528025
62;55001;52004;53006;1.185981E-09;0.9999999;ОС-1:;состояние1_k-7.sig;1 дополнительное:;состояние2_k-28.sig;0.1959988;-0.0006985529;6.680695;65;0.1060497;102;4.275423;6.784655;708;6.574645
62;55001;52004;53006;1.185981E-09;0.9999999;ОС-1:;состояние1_k-7.sig;1 дополнительное:;состояние2_k-29.sig;0.1959988;-0.0002721579;6.680695;65;0.04227163;541;4.275563;6.72247;351;6.638423
62;55001;52004;53006;1.185981E-09;0.9999999;ОС-1:;состояние1_k-7.sig;1 дополнительное:;состояние2_k-30.sig;0.1959988;0;6.680695;65;0.02696392;3;4.275965;6.706285;136;6.653731
62;55001;52004;53006;1.185981E-09;0.9999999;ОС-1:;состояние1_k-7.sig;1 дополнительное:;состояние2_k-31.sig;0.1959988;-0.0006569337;6.680695;65;0.08834753;223;4.276312;6.766834;208;6.592347
62;55001;52004;53006;1.185981E-09;0.9999999;ОС-1:;состояние1_k-7.sig;1 дополнительное:;состояние2_k-32.sig;0.1959988;-0.001575862;6.680695;65;0.1348454;55;4.277504;6.813365;351;6.545849
62;55001;52004;53006;1.185981E-09;0.9999999;ОС-1:;состояние1_k-7.sig;1 дополнительное:;состояние2_k-33.sig;0.1959988;-0.001623757;6.680695;65;0.1606133;685;4.279929;6.836198;65;6.520082
62;55001;52004;53006;1.185981E-09;0.9999999;ОС-1:;состояние1_k-7.sig;1 дополнительное:;состояние2_k-34.sig;0.1959988;-0.0007620213;6.680695;65;0.1629627;278;4.28248;6.842234;351;6.517732
62;55001;52004;53006;1.185981E-09;0.9999999;ОС-1:;состояние1_k-7.sig;1 дополнительное:;состояние2_k-35.sig;0.1959988;0;6.680695;65;0.1421222;37;4.259604;6.541144;493;6.538572
62;55001;52004;53006;1.185981E-09;0.9999999;ОС-1:;состояние1_k-7.sig;1 дополнительное:;состояние2_k-36.sig;0.1959988;1.755072E-05;6.680695;65;0.1010051;226;4.279985;6.781281;351;6.57969
62;55001;52004;53006;1.185981E-09;0.9999999;ОС-1:;состояние1_k-7.sig;1 дополнительное:;состояние2_k-37.sig;0.1959988;-0.0002523797;6.680695;65;0.04611896;566;4.276714;6.725582;65;6.634576
62;55001;52004;53006;1.185981E-09;0.9999999;ОС-1:;состояние1_k-7.sig;1 дополнительное:;состояние2_k-38.sig;0.1959988;-0.0001071246;6.680695;65;0.03588384;460;4.275318;6.716517;565;6.644811
62;55001;52004;53006;1.185981E-09;0.9999999;ОС-1:;состояние1_k-7.sig;1 дополнительное:;состояние2_k-39.sig;0.1959988;0.0002689586;6.680695;65;0.1031092;340;4.276246;6.77837;136;6.577585
62;55001;52004;53006;1.185981E-09;0.9999999;ОС-1:;состояние1_k-7.sig;1 дополнительное:;состояние2_k-40.sig;0.1959988;2.205372E-08;6.680695;65;0.1711362;2;4.277771;6.852801;65;6.509558
62;55001;52004;53006;1.185981E-09;0.9999999;ОС-1:;состояние1_k-8.sig;1 дополнительное:;состояние2_k-21.sig;0.2542304;0.008295609;6.968729;38;0.7851241;778;4.432144;7.747381;350;6.183605
62;55001;52004;53006;1.185981E-09;0.9999999;ОС-1:;состояние1_k-8.sig;1 дополнительное:;состояние2_k-22.sig;0.2542304;0.005542355;6.968729;38;0.4407671;235;4.425415;7.397116;100;6.527962
62;55001;52004;53006;1.185981E-09;0.9999999;ОС-1:;состояние1_k-8.sig;1 дополнительное:;состояние2_k-23.sig;0.2542304;0.0005803747;6.968729;38;0.1982689;129;4.428944;7.165428;476;6.77046
62;55001;52004;53006;1.185981E-09;0.9999999;ОС-1:;состояние1_k-8.sig;1 дополнительное:;состояние2_k-24.sig;0.2542304;-0.0009436778;6.968729;38;0.1026812;110;4.434501;6.991757;39;6.866048
62;55001;52004;53006;1.185981E-09;0.9999999;ОС-1:;состояние1_k-8.sig;1 дополнительное:;состояние2_k-25.sig;0.2542304;0;6.968729;38;0.143935;15;4.445968;7.0935;38;6.824794
62;55001;52004;53006;1.185981E-09;0.9999999;ОС-1:;состояние1_k-8.sig;1 дополнительное:;состояние2_k-26.sig;0.2542304;0.0004100142;6.968729;38;0.1686227;430;4.446667;7.12739;351;6.800106
62;55001;52004;53006;1.185981E-09;0.9999999;ОС-1:;состояние1_k-8.sig;1 дополнительное:;состояние2_k-27.sig;0.2542304;-0.0002868762;6.968729;38;0.1526696;445;4.442973;7.121042;538;6.81606
62;55001;52004;53006;1.185981E-09;0.9999999;ОС-1:;состояние1_k-8.sig;1 дополнительное:;состояние2_k-28.sig;0.2542304;-0.0006985529;6.968729;38;0.1060497;102;4.438923;7.073081;101;6.862679
62;55001;52004;53006;1.185981E-09;0.9999999;ОС-1:;состояние1_k-8.sig;1 дополнительное:;состояние2_k-29.sig;0.2542304;-0.0002721579;6.968729;38;0.04227163;541;4.437597;7.009779;663;6.926457
62;55001;52004;53006;1.185981E-09;0.9999999;ОС-1:;состояние1_k-8.sig;1 дополнительное:;состояние2_k-30.sig;0.2542304;0;6.968729;38;0.02696392;3;4.438036;6.994209;288;6.941765
62;55001;52004;53006;1.185981E-09;0.9999999;ОС-1:;состояние1_k-8.sig;1 дополнительное:;состояние2_k-31.sig;0.2542304;-0.0006569337;6.968729;38;0.08834753;223;4.438606;7.056682;788;6.880382
62;55001;52004;53006;1.185981E-09;0.9999999;ОС-1:;состояние1_k-8.sig;1 дополнительное:;состояние2_k-32.sig;0.2542304;-0.001575862;6.968729;38;0.1348454;55;4.439024;7.09896;38;6.833884
62;55001;52004;53006;1.185981E-09;0.9999999;ОС-1:;состояние1_k-8.sig;1 дополнительное:;состояние2_k-33.sig;0.2542304;-0.001623757;6.968729;38;0.1606133;685;4.438605;7.127679;351;6.808116
62;55001;52004;53006;1.185981E-09;0.9999999;ОС-1:;состояние1_k-8.sig;1 дополнительное:;состояние2_k-34.sig;0.2542304;-0.0007620213;6.968729;38;0.1629627;278;4.439282;7.13052;101;6.805766
62;55001;52004;53006;1.185981E-09;0.9999999;ОС-1:;состояние1_k-8.sig;1 дополнительное:;состояние2_k-35.sig;0.2542304;0;6.968729;38;0.1421222;37;4.439967;7.110294;351;6.826607
62;55001;52004;53006;1.185981E-09;0.9999999;ОС-1:;состояние1_k-8.sig;1 дополнительное:;состояние2_k-36.sig;0.2542304;1.755072E-05;6.968729;38;0.1010051;226;4.439852;7.069567;226;6.867724
62;55001;52004;53006;1.185981E-09;0.9999999;ОС-1:;состояние1_k-8.sig;1 дополнительное:;состояние2_k-37.sig;0.2542304;-0.0002523797;6.968729;38;0.04611896;566;4.438776;7.013682;38;6.92261
62;55001;52004;53006;1.185981E-09;0.9999999;ОС-1:;состояние1_k-8.sig;1 дополнительное:;состояние2_k-38.sig;0.2542304;-0.0001071246;6.968729;38;0.03588384;460;4.437641;7.003733;288;6.932845
62;55001;52004;53006;1.185981E-09;0.9999999;ОС-1:;состояние1_k-8.sig;1 дополнительное:;состояние2_k-39.sig;0.2542304;0.0002689586;6.968729;38;0.1031092;340;4.436598;7.070352;788;6.86562
62;55001;52004;53006;1.185981E-09;0.9999999;ОС-1:;состояние1_k-8.sig;1 дополнительное:;состояние2_k-40.sig;0.2542304;2.205372E-08;6.968729;38;0.1711362;2;4.459542;7.13146;39;6.797593
62;55001;52004;53006;1.185981E-09;0.9999999;ОС-1:;состояние1_k-9.sig;1 дополнительное:;состояние2_k-21.sig;0.1701478;0.008295609;7.057868;684;0.7851241;778;4.536487;7.657859;131;6.272744
62;55001;52004;53006;1.185981E-09;0.9999999;ОС-1:;состояние1_k-9.sig;1 дополнительное:;состояние2_k-22.sig;0.1701478;0.005542355;7.057868;684;0.4407671;235;4.537506;7.484742;350;6.617101
62;55001;52004;53006;1.185981E-09;0.9999999;ОС-1:;состояние1_k-9.sig;1 дополнительное:;состояние2_k-23.sig;0.1701478;0.0005803747;7.057868;684;0.1982689;129;4.537841;7.248518;239;6.8596
62;55001;52004;53006;1.185981E-09;0.9999999;ОС-1:;состояние1_k-9.sig;1 дополнительное:;состояние2_k-24.sig;0.1701478;-0.0009436778;7.057868;684;0.1026812;110;4.537461;7.1543;462;6.955187
62;55001;52004;53006;1.185981E-09;0.9999999;ОС-1:;состояние1_k-9.sig;1 дополнительное:;состояние2_k-25.sig;0.1701478;0;7.057868;684;0.143935;15;4.540629;7.201541;295;6.913933
62;55001;52004;53006;1.185981E-09;0.9999999;ОС-1:;состояние1_k-9.sig;1 дополнительное:;состояние2_k-26.sig;0.1701478;0.0004100142;7.057868;684;0.1686227;430;4.545761;7.225862;795;6.889246
62;55001;52004;53006;1.185981E-09;0.9999999;ОС-1:;состояние1_k-9.sig;1 дополнительное:;состояние2_k-27.sig;0.1701478;-0.0002868762;7.057868;684;0.1526696;445;4.508699;7.20529;351;6.905199
62;55001;52004;53006;1.185981E-09;0.9999999;ОС-1:;состояние1_k-9.sig;1 дополнительное:;состояние2_k-28.sig;0.1701478;-0.0006985529;7.057868;684;0.1060497;102;4.544926;7.146695;796;6.951819
62;55001;52004;53006;1.185981E-09;0.9999999;ОС-1:;состояние1_k-9.sig;1 дополнительное:;состояние2_k-29.sig;0.1701478;-0.0002721579;7.057868;684;0.04227163;541;4.540353;7.099174;351;7.015597
62;55001;52004;53006;1.185981E-09;0.9999999;ОС-1:;состояние1_k-9.sig;1 дополнительное:;состояние2_k-30.sig;0.1701478;0;7.057868;684;0.02696392;3;4.538125;7.082492;684;7.030905
62;55001;52004;53006;1.185981E-09;0.9999999;ОС-1:;состояние1_k-9.sig;1 дополнительное:;состояние2_k-31.sig;0.1701478;-0.0006569337;7.057868;684;0.08834753;223;4.539238;7.1432;240;6.969521
62;55001;52004;53006;1.185981E-09;0.9999999;ОС-1:;состояние1_k-9.sig;1 дополнительное:;состояние2_k-32.sig;0.1701478;-0.001575862;7.057868;684;0.1348454;55;4.540657;7.190068;351;6.923023
62;55001;52004;53006;1.185981E-09;0.9999999;ОС-1:;состояние1_k-9.sig;1 дополнительное:;состояние2_k-33.sig;0.1701478;-0.001623757;7.057868;684;0.1606133;685;4.540128;7.175058;461;6.897255
62;55001;52004;53006;1.185981E-09;0.9999999;ОС-1:;состояние1_k-9.sig;1 дополнительное:;состояние2_k-34.sig;0.1701478;-0.0007620213;7.057868;684;0.1629627;278;4.538579;7.218937;351;6.894906
62;55001;52004;53006;1.185981E-09;0.9999999;ОС-1:;состояние1_k-9.sig;1 дополнительное:;состояние2_k-35.sig;0.1701478;0;7.057868;684;0.1421222;37;4.537797;7.19754;295;6.915746
62;55001;52004;53006;1.185981E-09;0.9999999;ОС-1:;состояние1_k-9.sig;1 дополнительное:;состояние2_k-36.sig;0.1701478;1.755072E-05;7.057868;684;0.1010051;226;4.538905;7.15872;573;6.956863
62;55001;52004;53006;1.185981E-09;0.9999999;ОС-1:;состояние1_k-9.sig;1 дополнительное:;состояние2_k-37.sig;0.1701478;-0.0002523797;7.057868;684;0.04611896;566;4.539031;7.103069;295;7.01175
62;55001;52004;53006;1.185981E-09;0.9999999;ОС-1:;состояние1_k-9.sig;1 дополнительное:;состояние2_k-38.sig;0.1701478;-0.0001071246;7.057868;684;0.03588384;460;4.53834;7.093639;684;7.021985
62;55001;52004;53006;1.185981E-09;0.9999999;ОС-1:;состояние1_k-9.sig;1 дополнительное:;состояние2_k-39.sig;0.1701478;0.0002689586;7.057868;684;0.1031092;340;4.537638;7.150258;351;6.954759
62;55001;52004;53006;1.185981E-09;0.9999999;ОС-1:;состояние1_k-9.sig;1 дополнительное:;состояние2_k-40.sig;0.1701478;2.205372E-08;7.057868;684;0.1711362;2;4.538421;7.228233;240;6.886732
62;55001;52004;53006;1.185981E-09;0.9999999;ОС-1:;состояние1_k-10.sig;1 дополнительное:;состояние2_k-21.sig;0;0.008295609;6.95555;1;0.7851241;778;4.425323;7.733047;350;6.170425
62;55001;52004;53006;1.185981E-09;0.9999999;ОС-1:;состояние1_k-10.sig;1 дополнительное:;состояние2_k-22.sig;0;0.005542355;6.95555;1;0.4407671;235;4.423602;7.376961;51;6.514782
62;55001;52004;53006;1.185981E-09;0.9999999;ОС-1:;состояние1_k-10.sig;1 дополнительное:;состояние2_k-23.sig;0;0.0005803747;6.95555;1;0.1982689;129;4.429103;7.153675;651;6.757281
62;55001;52004;53006;1.185981E-09;0.9999999;ОС-1:;состояние1_k-10.sig;1 дополнительное:;состояние2_k-24.sig;0;-0.0009436778;6.95555;1;0.1026812;110;4.431398;7.057555;151;6.852869
62;55001;52004;53006;1.185981E-09;0.9999999;ОС-1:;состояние1_k-10.sig;1 дополнительное:;состояние2_k-25.sig;0;0;6.95555;1;0.143935;15;4.429321;7.076494;51;6.811615
62;55001;52004;53006;1.185981E-09;0.9999999;ОС-1:;состояние1_k-10.sig;1 дополнительное:;состояние2_k-26.sig;0;0.0004100142;6.95555;1;0.1686227;430;4.428903;7.114378;101;6.786927
62;55001;52004;53006;1.185981E-09;0.9999999;ОС-1:;состояние1_k-10.sig;1 дополнительное:;состояние2_k-27.sig;0;-0.0002868762;6.95555;1;0.1526696;445;4.431046;7.107794;501;6.80288
62;55001;52004;53006;1.185981E-09;0.9999999;ОС-1:;состояние1_k-10.sig;1 дополнительное:;состояние2_k-28.sig;0;-0.0006985529;6.95555;1;0.1060497;102;4.432873;7.060069;351;6.8495
62;55001;52004;53006;1.185981E-09;0.9999999;ОС-1:;состояние1_k-10.sig;1 дополнительное:;состояние2_k-29.sig;0;-0.0002721579;6.95555;1;0.04227163;541;4.43146;6.991191;751;6.913278
62;55001;52004;53006;1.185981E-09;0.9999999;ОС-1:;состояние1_k-10.sig;1 дополнительное:;состояние2_k-30.sig;0;0;6.95555;1;0.02696392;3;4.434396;6.930284;1;6.928586
62;55001;52004;53006;1.185981E-09;0.9999999;ОС-1:;состояние1_k-10.sig;1 дополнительное:;состояние2_k-31.sig;0;-0.0006569337;6.95555;1;0.08834753;223;4.425629;7.043329;401;6.867202
62;55001;52004;53006;1.185981E-09;0.9999999;ОС-1:;состояние1_k-10.sig;1 дополнительное:;состояние2_k-32.sig;0;-0.001575862;6.95555;1;0.1348454;55;4.425988;7.088638;101;6.820704
62;55001;52004;53006;1.185981E-09;0.9999999;ОС-1:;состояние1_k-10.sig;1 дополнительное:;состояние2_k-33.sig;0;-0.001623757;6.95555;1;0.1606133;685;4.427929;7.114666;351;6.794936
62;55001;52004;53006;1.185981E-09;0.9999999;ОС-1:;состояние1_k-10.sig;1 дополнительное:;состояние2_k-34.sig;0;-0.0007620213;6.95555;1;0.1629627;278;4.429188;7.105673;0;6.792587
62;55001;52004;53006;1.185981E-09;0.9999999;ОС-1:;состояние1_k-10.sig;1 дополнительное:;состояние2_k-35.sig;0;0;6.95555;1;0.1421222;37;4.429239;7.097281;151;6.813427
62;55001;52004;53006;1.185981E-09;0.9999999;ОС-1:;состояние1_k-10.sig;1 дополнительное:;состояние2_k-36.sig;0;1.755072E-05;6.95555;1;0.1010051;226;4.42906;7.056555;101;6.854545
62;55001;52004;53006;1.185981E-09;0.9999999;ОС-1:;состояние1_k-10.sig;1 дополнительное:;состояние2_k-37.sig;0;-0.0002523797;6.95555;1;0.04611896;566;4.429112;7.001647;201;6.909431
62;55001;52004;53006;1.185981E-09;0.9999999;ОС-1:;состояние1_k-10.sig;1 дополнительное:;состояние2_k-38.sig;0;-0.0001071246;6.95555;1;0.03588384;460;4.429321;6.989024;1;6.919666
62;55001;52004;53006;1.185981E-09;0.9999999;ОС-1:;состояние1_k-10.sig;1 дополнительное:;состояние2_k-39.sig;0;0.0002689586;6.95555;1;0.1031092;340;4.429371;7.057842;301;6.85244
62;55001;52004;53006;1.185981E-09;0.9999999;ОС-1:;состояние1_k-10.sig;1 дополнительное:;состояние2_k-40.sig;0;2.205372E-08;6.95555;1;0.1711362;2;4.429807;7.116705;51;6.784413
62;55001;52004;53006;1.185981E-09;0.9999999;ОС-1:;состояние1_k-11.sig;1 дополнительное:;состояние2_k-21.sig;-0.1382862;0.008295609;6.683529;78;0.7851241;778;4.225358;7.460964;396;5.898405
62;55001;52004;53006;1.185981E-09;0.9999999;ОС-1:;состояние1_k-11.sig;1 дополнительное:;состояние2_k-22.sig;-0.1382862;0.005542355;6.683529;78;0.4407671;235;4.216567;7.110147;623;6.242762
62;55001;52004;53006;1.185981E-09;0.9999999;ОС-1:;состояние1_k-11.sig;1 дополнительное:;состояние2_k-23.sig;-0.1382862;0.0005803747;6.683529;78;0.1982689;129;4.2123;6.87246;214;6.48526
62;55001;52004;53006;1.185981E-09;0.9999999;ОС-1:;состояние1_k-11.sig;1 дополнительное:;состояние2_k-24.sig;-0.1382862;-0.0009436778;6.683529;78;0.1026812;110;4.21569;6.784654;714;6.580848
62;55001;52004;53006;1.185981E-09;0.9999999;ОС-1:;состояние1_k-11.sig;1 дополнительное:;состояние2_k-25.sig;-0.1382862;0;6.683529;78;0.143935;15;4.216362;6.825404;214;6.539594
62;55001;52004;53006;1.185981E-09;0.9999999;ОС-1:;состояние1_k-11.sig;1 дополнительное:;состояние2_k-26.sig;-0.1382862;0.0004100142;6.683529;78;0.1686227;430;4.215419;6.848621;123;6.514906
62;55001;52004;53006;1.185981E-09;0.9999999;ОС-1:;состояние1_k-11.sig;1 дополнительное:;состояние2_k-27.sig;-0.1382862;-0.0002868762;6.683529;78;0.1526696;445;4.214622;6.830188;351;6.53086
62;55001;52004;53006;1.185981E-09;0.9999999;ОС-1:;состояние1_k-11.sig;1 дополнительное:;состояние2_k-28.sig;-0.1382862;-0.0006985529;6.683529;78;0.1060497;102;4.213996;6.785933;442;6.57748
62;55001;52004;53006;1.185981E-09;0.9999999;ОС-1:;состояние1_k-11.sig;1 дополнительное:;состояние2_k-29.sig;-0.1382862;-0.0002721579;6.683529;78;0.04227163;541;4.213851;6.724072;351;6.641258
62;55001;52004;53006;1.185981E-09;0.9999999;ОС-1:;состояние1_k-11.sig;1 дополнительное:;состояние2_k-30.sig;-0.1382862;0;6.683529;78;0.02696392;3;4.213131;6.710061;669;6.656566
62;55001;52004;53006;1.185981E-09;0.9999999;ОС-1:;состояние1_k-11.sig;1 дополнительное:;состояние2_k-31.sig;-0.1382862;-0.0006569337;6.683529;78;0.08834753;223;4.211605;6.771832;78;6.595182
62;55001;52004;53006;1.185981E-09;0.9999999;ОС-1:;состояние1_k-11.sig;1 дополнительное:;состояние2_k-32.sig;-0.1382862;-0.001575862;6.683529;78;0.1348454;55;4.209772;6.817657;305;6.548684
62;55001;52004;53006;1.185981E-09;0.9999999;ОС-1:;состояние1_k-11.sig;1 дополнительное:;состояние2_k-33.sig;-0.1382862;-0.001623757;6.683529;78;0.1606133;685;4.249173;6.527189;214;6.522916
62;55001;52004;53006;1.185981E-09;0.9999999;ОС-1:;состояние1_k-11.sig;1 дополнительное:;состояние2_k-34.sig;-0.1382862;-0.0007620213;6.683529;78;0.1629627;278;4.207666;6.84579;396;6.520566
62;55001;52004;53006;1.185981E-09;0.9999999;ОС-1:;состояние1_k-11.sig;1 дополнительное:;состояние2_k-35.sig;-0.1382862;0;6.683529;78;0.1421222;37;4.209076;6.822966;123;6.541407
62;55001;52004;53006;1.185981E-09;0.9999999;ОС-1:;состояние1_k-11.sig;1 дополнительное:;состояние2_k-36.sig;-0.1382862;1.755072E-05;6.683529;78;0.1010051;226;4.211726;6.782882;351;6.582524
62;55001;52004;53006;1.185981E-09;0.9999999;ОС-1:;состояние1_k-11.sig;1 дополнительное:;состояние2_k-37.sig;-0.1382862;-0.0002523797;6.683529;78;0.04611896;566;4.213442;6.727645;214;6.637411
62;55001;52004;53006;1.185981E-09;0.9999999;ОС-1:;состояние1_k-11.sig;1 дополнительное:;состояние2_k-38.sig;-0.1382862;-0.0001071246;6.683529;78;0.03588384;460;4.213651;6.719247;78;6.647645
62;55001;52004;53006;1.185981E-09;0.9999999;ОС-1:;состояние1_k-11.sig;1 дополнительное:;состояние2_k-39.sig;-0.1382862;0.0002689586;6.683529;78;0.1031092;340;4.213414;6.782579;32;6.58042
62;55001;52004;53006;1.185981E-09;0.9999999;ОС-1:;состояние1_k-11.sig;1 дополнительное:;состояние2_k-40.sig;-0.1382862;2.205372E-08;6.683529;78;0.1711362;2;4.214036;6.853893;578;6.512393
62;55001;52004;53006;1.185981E-09;0.9999999;ОС-1:;состояние1_k-12.sig;1 дополнительное:;состояние2_k-21.sig;-0.1692183;0.008295609;6.262119;59;0.7851241;778;4.002313;7.039911;17;5.476995
62;55001;52004;53006;1.185981E-09;0.9999999;ОС-1:;состояние1_k-12.sig;1 дополнительное:;состояние2_k-22.sig;-0.1692183;0.005542355;6.262119;59;0.4407671;235;3.984036;6.689754;393;5.821352
62;55001;52004;53006;1.185981E-09;0.9999999;ОС-1:;состояние1_k-12.sig;1 дополнительное:;состояние2_k-23.sig;-0.1692183;0.0005803747;6.262119;59;0.1982689;129;3.978611;6.459501;434;6.06385
62;55001;52004;53006;1.185981E-09;0.9999999;ОС-1:;состояние1_k-12.sig;1 дополнительное:;состояние2_k-24.sig;-0.1692183;-0.0009436778;6.262119;59;0.1026812;110;3.979446;6.280131;101;6.159438
62;55001;52004;53006;1.185981E-09;0.9999999;ОС-1:;состояние1_k-12.sig;1 дополнительное:;состояние2_k-25.sig;-0.1692183;0;6.262119;59;0.143935;15;3.980577;6.400858;476;6.118184
62;55001;52004;53006;1.185981E-09;0.9999999;ОС-1:;состояние1_k-12.sig;1 дополнительное:;состояние2_k-26.sig;-0.1692183;0.0004100142;6.262119;59;0.1686227;430;3.980498;6.428573;142;6.093496
62;55001;52004;53006;1.185981E-09;0.9999999;ОС-1:;состояние1_k-12.sig;1 дополнительное:;состояние2_k-27.sig;-0.1692183;-0.0002868762;6.262119;59;0.1526696;445;3.980247;6.408145;184;6.109449
62;55001;52004;53006;1.185981E-09;0.9999999;ОС-1:;состояние1_k-12.sig;1 дополнительное:;состояние2_k-28.sig;-0.1692183;-0.0006985529;6.262119;59;0.1060497;102;3.979046;6.364413;101;6.156069
62;55001;52004;53006;1.185981E-09;0.9999999;ОС-1:;состояние1_k-12.sig;1 дополнительное:;состояние2_k-29.sig;-0.1692183;-0.0002721579;6.262119;59;0.04227163;541;3.978724;6.303975;559;6.219847
62;55001;52004;53006;1.185981E-09;0.9999999;ОС-1:;состояние1_k-12.sig;1 дополнительное:;состояние2_k-30.sig;-0.1692183;0;6.262119;59;0.02696392;3;3.97808;6.286743;434;6.235155
62;55001;52004;53006;1.185981E-09;0.9999999;ОС-1:;состояние1_k-12.sig;1 дополнительное:;состояние2_k-31.sig;-0.1692183;-0.0006569337;6.262119;59;0.08834753;223;3.978184;6.348526;142;6.173771
62;55001;52004;53006;1.185981E-09;0.9999999;ОС-1:;состояние1_k-12.sig;1 дополнительное:;состояние2_k-32.sig;-0.1692183;-0.001575862;6.262119;59;0.1348454;55;3.979038;6.392982;226;6.127274
62;55001;52004;53006;1.185981E-09;0.9999999;ОС-1:;состояние1_k-12.sig;1 дополнительное:;состояние2_k-33.sig;-0.1692183;-0.001623757;6.262119;59;0.1606133;685;3.978221;6.419345;684;6.101505
62;55001;52004;53006;1.185981E-09;0.9999999;ОС-1:;состояние1_k-12.sig;1 дополнительное:;состояние2_k-34.sig;-0.1692183;-0.0007620213;6.262119;59;0.1629627;278;3.97597;6.421851;101;6.099156
62;55001;52004;53006;1.185981E-09;0.9999999;ОС-1:;состояние1_k-12.sig;1 дополнительное:;состояние2_k-35.sig;-0.1692183;0;6.262119;59;0.1421222;37;3.973783;6.403341;309;6.119997
62;55001;52004;53006;1.185981E-09;0.9999999;ОС-1:;состояние1_k-12.sig;1 дополнительное:;состояние2_k-36.sig;-0.1692183;1.755072E-05;6.262119;59;0.1010051;226;4.000301;6.161412;59;6.161114
62;55001;52004;53006;1.185981E-09;0.9999999;ОС-1:;состояние1_k-12.sig;1 дополнительное:;состояние2_k-37.sig;-0.1692183;-0.0002523797;6.262119;59;0.04611896;566;3.976446;6.308166;309;6.216
62;55001;52004;53006;1.185981E-09;0.9999999;ОС-1:;состояние1_k-12.sig;1 дополнительное:;состояние2_k-38.sig;-0.1692183;-0.0001071246;6.262119;59;0.03588384;460;3.979716;6.29789;434;6.226235
62;55001;52004;53006;1.185981E-09;0.9999999;ОС-1:;состояние1_k-12.sig;1 дополнительное:;состояние2_k-39.sig;-0.1692183;0.0002689586;6.262119;59;0.1031092;340;3.981103;6.361672;559;6.159009
62;55001;52004;53006;1.185981E-09;0.9999999;ОС-1:;состояние1_k-12.sig;1 дополнительное:;состояние2_k-40.sig;-0.1692183;2.205372E-08;6.262119;59;0.1711362;2;3.981195;6.421049;101;6.090982
62;55001;52004;53006;1.185981E-09;0.9999999;ОС-1:;состояние1_k-13.sig;1 дополнительное:;состояние2_k-21.sig;-0.1097384;0.008295609;5.721118;43;0.7851241;778;3.675283;6.498418;158;4.935994
62;55001;52004;53006;1.185981E-09;0.9999999;ОС-1:;состояние1_k-13.sig;1 дополнительное:;состояние2_k-22.sig;-0.1097384;0.005542355;5.721118;43;0.4407671;235;3.649772;6.161019;235;5.280351
62;55001;52004;53006;1.185981E-09;0.9999999;ОС-1:;состояние1_k-13.sig;1 дополнительное:;состояние2_k-23.sig;-0.1097384;0.0005803747;5.721118;43;0.1982689;129;3.636997;5.917851;389;5.52285
62;55001;52004;53006;1.185981E-09;0.9999999;ОС-1:;состояние1_k-13.sig;1 дополнительное:;состояние2_k-24.sig;-0.1097384;-0.0009436778;5.721118;43;0.1026812;110;3.637048;5.822933;235;5.618437
62;55001;52004;53006;1.185981E-09;0.9999999;ОС-1:;состояние1_k-13.sig;1 дополнительное:;состояние2_k-25.sig;-0.1097384;0;5.721118;43;0.143935;15;3.640515;5.862756;274;5.577183
62;55001;52004;53006;1.185981E-09;0.9999999;ОС-1:;состояние1_k-13.sig;1 дополнительное:;состояние2_k-26.sig;-0.1097384;0.0004100142;5.721118;43;0.1686227;430;3.640737;5.877552;697;5.552495
62;55001;52004;53006;1.185981E-09;0.9999999;ОС-1:;состояние1_k-13.sig;1 дополнительное:;состояние2_k-27.sig;-0.1097384;-0.0002868762;5.721118;43;0.1526696;445;3.638168;5.867862;427;5.568449
62;55001;52004;53006;1.185981E-09;0.9999999;ОС-1:;состояние1_k-13.sig;1 дополнительное:;состояние2_k-28.sig;-0.1097384;-0.0006985529;5.721118;43;0.1060497;102;3.636028;5.826772;120;5.615069
62;55001;52004;53006;1.185981E-09;0.9999999;ОС-1:;состояние1_k-13.sig;1 дополнительное:;состояние2_k-29.sig;-0.1097384;-0.0002721579;5.721118;43;0.04227163;541;3.636428;5.760581;43;5.678847
62;55001;52004;53006;1.185981E-09;0.9999999;ОС-1:;состояние1_k-13.sig;1 дополнительное:;состояние2_k-30.sig;-0.1097384;0;5.721118;43;0.02696392;3;3.636499;5.747648;120;5.694155
62;55001;52004;53006;1.185981E-09;0.9999999;ОС-1:;состояние1_k-13.sig;1 дополнительное:;состояние2_k-31.sig;-0.1097384;-0.0006569337;5.721118;43;0.08834753;223;3.635512;5.80743;158;5.632771
62;55001;52004;53006;1.185981E-09;0.9999999;ОС-1:;состояние1_k-13.sig;1 дополнительное:;состояние2_k-32.sig;-0.1097384;-0.001575862;5.721118;43;0.1348454;55;3.635;5.853978;774;5.586273
62;55001;52004;53006;1.185981E-09;0.9999999;ОС-1:;состояние1_k-13.sig;1 дополнительное:;состояние2_k-33.sig;-0.1097384;-0.001623757;5.721118;43;0.1606133;685;3.637079;5.876561;428;5.560505
62;55001;52004;53006;1.185981E-09;0.9999999;ОС-1:;состояние1_k-13.sig;1 дополнительное:;состояние2_k-34.sig;-0.1097384;-0.0007620213;5.721118;43;0.1629627;278;3.638614;5.883739;543;5.558156
62;55001;52004;53006;1.185981E-09;0.9999999;ОС-1:;состояние1_k-13.sig;1 дополнительное:;состояние2_k-35.sig;-0.1097384;0;5.721118;43;0.1421222;37;3.638603;5.862896;466;5.578996
62;55001;52004;53006;1.185981E-09;0.9999999;ОС-1:;состояние1_k-13.sig;1 дополнительное:;состояние2_k-36.sig;-0.1097384;1.755072E-05;5.721118;43;0.1010051;226;3.636639;5.819377;351;5.620113
62;55001;52004;53006;1.185981E-09;0.9999999;ОС-1:;состояние1_k-13.sig;1 дополнительное:;состояние2_k-37.sig;-0.1097384;-0.0002523797;5.721118;43;0.04611896;566;3.635113;5.766886;120;5.675
62;55001;52004;53006;1.185981E-09;0.9999999;ОС-1:;состояние1_k-13.sig;1 дополнительное:;состояние2_k-38.sig;-0.1097384;-0.0001071246;5.721118;43;0.03588384;460;3.637001;5.756049;697;5.685235
62;55001;52004;53006;1.185981E-09;0.9999999;ОС-1:;состояние1_k-13.sig;1 дополнительное:;состояние2_k-39.sig;-0.1097384;0.0002689586;5.721118;43;0.1031092;340;3.618471;5.81183;274;5.618009
62;55001;52004;53006;1.185981E-09;0.9999999;ОС-1:;состояние1_k-13.sig;1 дополнительное:;состояние2_k-40.sig;-0.1097384;2.205372E-08;5.721118;43;0.1711362;2;3.646736;5.876119;4;5.549982
62;55001;52004;53006;1.185981E-09;0.9999999;ОС-1:;состояние1_k-14.sig;1 дополнительное:;состояние2_k-21.sig;-0.0337945;0.008295609;5.092794;172;0.7851241;778;3.257611;5.871291;636;4.307671
62;55001;52004;53006;1.185981E-09;0.9999999;ОС-1:;состояние1_k-14.sig;1 дополнительное:;состояние2_k-22.sig;-0.0337945;0.005542355;5.092794;172;0.4407671;235;3.239129;5.524647;29;4.652027
62;55001;52004;53006;1.185981E-09;0.9999999;ОС-1:;состояние1_k-14.sig;1 дополнительное:;состояние2_k-23.sig;-0.0337945;0.0005803747;5.092794;172;0.1982689;129;3.22534;5.290594;672;4.894526
62;55001;52004;53006;1.185981E-09;0.9999999;ОС-1:;состояние1_k-14.sig;1 дополнительное:;состояние2_k-24.sig;-0.0337945;-0.0009436778;5.092794;172;0.1026812;110;3.221368;5.195066;172;4.990113
62;55001;52004;53006;1.185981E-09;0.9999999;ОС-1:;состояние1_k-14.sig;1 дополнительное:;состояние2_k-25.sig;-0.0337945;0;5.092794;172;0.143935;15;3.223645;5.236327;315;4.948859
62;55001;52004;53006;1.185981E-09;0.9999999;ОС-1:;состояние1_k-14.sig;1 дополнительное:;состояние2_k-26.sig;-0.0337945;0.0004100142;5.092794;172;0.1686227;430;3.225741;5.247996;101;4.924171
62;55001;52004;53006;1.185981E-09;0.9999999;ОС-1:;состояние1_k-14.sig;1 дополнительное:;состояние2_k-27.sig;-0.0337945;-0.0002868762;5.092794;172;0.1526696;445;3.224055;5.244753;315;4.940125
62;55001;52004;53006;1.185981E-09;0.9999999;ОС-1:;состояние1_k-14.sig;1 дополнительное:;состояние2_k-28.sig;-0.0337945;-0.0006985529;5.092794;172;0.1060497;102;3.222173;5.195876;65;4.986745
62;55001;52004;53006;1.185981E-09;0.9999999;ОС-1:;состояние1_k-14.sig;1 дополнительное:;состояние2_k-29.sig;-0.0337945;-0.0002721579;5.092794;172;0.04227163;541;3.221128;5.133442;386;5.050523
62;55001;52004;53006;1.185981E-09;0.9999999;ОС-1:;состояние1_k-14.sig;1 дополнительное:;состояние2_k-30.sig;-0.0337945;0;5.092794;172;0.02696392;3;3.221643;5.118139;136;5.065831
62;55001;52004;53006;1.185981E-09;0.9999999;ОС-1:;состояние1_k-14.sig;1 дополнительное:;состояние2_k-31.sig;-0.0337945;-0.0006569337;5.092794;172;0.08834753;223;3.221835;5.180406;529;5.004447
62;55001;52004;53006;1.185981E-09;0.9999999;ОС-1:;состояние1_k-14.sig;1 дополнительное:;состояние2_k-32.sig;-0.0337945;-0.001575862;5.092794;172;0.1348454;55;3.220253;5.223166;493;4.957949
62;55001;52004;53006;1.185981E-09;0.9999999;ОС-1:;состояние1_k-14.sig;1 дополнительное:;состояние2_k-33.sig;-0.0337945;-0.001623757;5.092794;172;0.1606133;685;3.220429;5.251523;458;4.932181
62;55001;52004;53006;1.185981E-09;0.9999999;ОС-1:;состояние1_k-14.sig;1 дополнительное:;состояние2_k-34.sig;-0.0337945;-0.0007620213;5.092794;172;0.1629627;278;3.221862;5.251587;29;4.929832
62;55001;52004;53006;1.185981E-09;0.9999999;ОС-1:;состояние1_k-14.sig;1 дополнительное:;состояние2_k-35.sig;-0.0337945;0;5.092794;172;0.1421222;37;3.222153;5.233173;65;4.950672
62;55001;52004;53006;1.185981E-09;0.9999999;ОС-1:;состояние1_k-14.sig;1 дополнительное:;состояние2_k-36.sig;-0.0337945;1.755072E-05;5.092794;172;0.1010051;226;3.222508;5.190173;101;4.991789
62;55001;52004;53006;1.185981E-09;0.9999999;ОС-1:;состояние1_k-14.sig;1 дополнительное:;состояние2_k-37.sig;-0.0337945;-0.0002523797;5.092794;172;0.04611896;566;3.221609;5.137279;565;5.046676
62;55001;52004;53006;1.185981E-09;0.9999999;ОС-1:;состояние1_k-14.sig;1 дополнительное:;состояние2_k-38.sig;-0.0337945;-0.0001071246;5.092794;172;0.03588384;460;3.221099;5.128215;65;5.056911
62;55001;52004;53006;1.185981E-09;0.9999999;ОС-1:;состояние1_k-14.sig;1 дополнительное:;состояние2_k-39.sig;-0.0337945;0.0002689586;5.092794;172;0.1031092;340;3.222635;5.190642;172;4.989685
62;55001;52004;53006;1.185981E-09;0.9999999;ОС-1:;состояние1_k-14.sig;1 дополнительное:;состояние2_k-40.sig;-0.0337945;2.205372E-08;5.092794;172;0.1711362;2;3.226362;5.264499;315;4.921658
62;55001;52004;53006;1.185981E-09;0.9999999;ОС-1:;состояние1_k-15.sig;1 дополнительное:;состояние2_k-21.sig;0;0.008295609;4.409545;84;0.7851241;778;2.835015;5.127024;418;3.624421
62;55001;52004;53006;1.185981E-09;0.9999999;ОС-1:;состояние1_k-15.sig;1 дополнительное:;состояние2_k-22.sig;0;0.005542355;4.409545;84;0.4407671;235;2.821707;4.846358;484;3.968778
62;55001;52004;53006;1.185981E-09;0.9999999;ОС-1:;состояние1_k-15.sig;1 дополнительное:;состояние2_k-23.sig;0;0.0005803747;4.409545;84;0.1982689;129;2.812381;4.603569;151;4.211277
62;55001;52004;53006;1.185981E-09;0.9999999;ОС-1:;состояние1_k-15.sig;1 дополнительное:;состояние2_k-24.sig;0;-0.0009436778;4.409545;84;0.1026812;110;2.807989;4.509593;317;4.306864
62;55001;52004;53006;1.185981E-09;0.9999999;ОС-1:;состояние1_k-15.sig;1 дополнительное:;состояние2_k-25.sig;0;0;4.409545;84;0.143935;15;2.807885;4.526389;51;4.26561
62;55001;52004;53006;1.185981E-09;0.9999999;ОС-1:;состояние1_k-15.sig;1 дополнительное:;состояние2_k-26.sig;0;0.0004100142;4.409545;84;0.1686227;430;2.809412;4.578129;584;4.240922
62;55001;52004;53006;1.185981E-09;0.9999999;ОС-1:;состояние1_k-15.sig;1 дополнительное:;состояние2_k-27.sig;0;-0.0002868762;4.409545;84;0.1526696;445;2.809441;4.555572;184;4.256876
62;55001;52004;53006;1.185981E-09;0.9999999;ОС-1:;состояние1_k-15.sig;1 дополнительное:;состояние2_k-28.sig;0;-0.0006985529;4.409545;84;0.1060497;102;2.808382;4.515577;84;4.303496
62;55001;52004;53006;1.185981E-09;0.9999999;ОС-1:;состояние1_k-15.sig;1 дополнительное:;состояние2_k-29.sig;0;-0.0002721579;4.409545;84;0.04227163;541;2.807654;4.44996;284;4.367274
62;55001;52004;53006;1.185981E-09;0.9999999;ОС-1:;состояние1_k-15.sig;1 дополнительное:;состояние2_k-30.sig;0;0;4.409545;84;0.02696392;3;2.807586;4.434169;84;4.382582
62;55001;52004;53006;1.185981E-09;0.9999999;ОС-1:;состояние1_k-15.sig;1 дополнительное:;состояние2_k-31.sig;0;-0.0006569337;4.409545;84;0.08834753;223;2.807666;4.497754;384;4.321198
62;55001;52004;53006;1.185981E-09;0.9999999;ОС-1:;состояние1_k-15.sig;1 дополнительное:;состояние2_k-32.sig;0;-0.001575862;4.409545;84;0.1348454;55;2.808171;4.543643;117;4.2747
62;55001;52004;53006;1.185981E-09;0.9999999;ОС-1:;состояние1_k-15.sig;1 дополнительное:;состояние2_k-33.sig;0;-0.001623757;4.409545;84;0.1606133;685;2.808535;4.559978;217;4.248932
62;55001;52004;53006;1.185981E-09;0.9999999;ОС-1:;состояние1_k-15.sig;1 дополнительное:;состояние2_k-34.sig;0;-0.0007620213;4.409545;84;0.1629627;278;2.808503;4.570034;617;4.246583
62;55001;52004;53006;1.185981E-09;0.9999999;ОС-1:;состояние1_k-15.sig;1 дополнительное:;состояние2_k-35.sig;0;0;4.409545;84;0.1421222;37;2.809166;4.506369;83;4.267423
62;55001;52004;53006;1.185981E-09;0.9999999;ОС-1:;состояние1_k-15.sig;1 дополнительное:;состояние2_k-36.sig;0;1.755072E-05;4.409545;84;0.1010051;226;2.807305;4.510252;684;4.30854
62;55001;52004;53006;1.185981E-09;0.9999999;ОС-1:;состояние1_k-15.sig;1 дополнительное:;состояние2_k-37.sig;0;-0.0002523797;4.409545;84;0.04611896;566;2.807311;4.455261;417;4.363427
62;55001;52004;53006;1.185981E-09;0.9999999;ОС-1:;состояние1_k-15.sig;1 дополнительное:;состояние2_k-38.sig;0;-0.0001071246;4.409545;84;0.03588384;460;2.807944;4.445316;684;4.373662
62;55001;52004;53006;1.185981E-09;0.9999999;ОС-1:;состояние1_k-15.sig;1 дополнительное:;состояние2_k-39.sig;0;0.0002689586;4.409545;84;0.1031092;340;2.808408;4.498928;184;4.306436
62;55001;52004;53006;1.185981E-09;0.9999999;ОС-1:;состояние1_k-15.sig;1 дополнительное:;состояние2_k-40.sig;0;2.205372E-08;4.409545;84;0.1711362;2;2.808306;4.5666;51;4.238409
62;55001;52004;53006;1.185981E-09;0.9999999;ОС-1:;состояние1_k-16.sig;1 дополнительное:;состояние2_k-21.sig;-0.01173499;0.008295609;3.704698;69;0.7851241;778;2.398263;4.484508;350;2.919574
62;55001;52004;53006;1.185981E-09;0.9999999;ОС-1:;состояние1_k-16.sig;1 дополнительное:;состояние2_k-22.sig;-0.01173499;0.005542355;3.704698;69;0.4407671;235;2.38782;4.142552;257;3.263931
62;55001;52004;53006;1.185981E-09;0.9999999;ОС-1:;состояние1_k-16.sig;1 дополнительное:;состояние2_k-23.sig;-0.01173499;0.0005803747;3.704698;69;0.1982689;129;2.383898;3.902871;194;3.506429
62;55001;52004;53006;1.185981E-09;0.9999999;ОС-1:;состояние1_k-16.sig;1 дополнительное:;состояние2_k-24.sig;-0.01173499;-0.0009436778;3.704698;69;0.1026812;110;2.378181;3.805198;7;3.602017
62;55001;52004;53006;1.185981E-09;0.9999999;ОС-1:;состояние1_k-16.sig;1 дополнительное:;состояние2_k-25.sig;-0.01173499;0;3.704698;69;0.143935;15;2.375831;3.848058;194;3.560763
62;55001;52004;53006;1.185981E-09;0.9999999;ОС-1:;состояние1_k-16.sig;1 дополнительное:;состояние2_k-26.sig;-0.01173499;0.0004100142;3.704698;69;0.1686227;430;2.377127;3.872445;257;3.536075
62;55001;52004;53006;1.185981E-09;0.9999999;ОС-1:;состояние1_k-16.sig;1 дополнительное:;состояние2_k-27.sig;-0.01173499;-0.0002868762;3.704698;69;0.1526696;445;2.379234;3.857745;38;3.552028
62;55001;52004;53006;1.185981E-09;0.9999999;ОС-1:;состояние1_k-16.sig;1 дополнительное:;состояние2_k-28.sig;-0.01173499;-0.0006985529;3.704698;69;0.1060497;102;2.379166;3.804403;101;3.598649
62;55001;52004;53006;1.185981E-09;0.9999999;ОС-1:;состояние1_k-16.sig;1 дополнительное:;состояние2_k-29.sig;-0.01173499;-0.0002721579;3.704698;69;0.04227163;541;2.377114;3.746482;163;3.662426
62;55001;52004;53006;1.185981E-09;0.9999999;ОС-1:;состояние1_k-16.sig;1 дополнительное:;состояние2_k-30.sig;-0.01173499;0;3.704698;69;0.02696392;3;2.376397;3.731516;319;3.677734
62;55001;52004;53006;1.185981E-09;0.9999999;ОС-1:;состояние1_k-16.sig;1 дополнительное:;состояние2_k-31.sig;-0.01173499;-0.0006569337;3.704698;69;0.08834753;223;2.377086;3.793384;288;3.616351
62;55001;52004;53006;1.185981E-09;0.9999999;ОС-1:;состояние1_k-16.sig;1 дополнительное:;состояние2_k-32.sig;-0.01173499;-0.001575862;3.704698;69;0.1348454;55;2.378101;3.835654;7;3.569853
62;55001;52004;53006;1.185981E-09;0.9999999;ОС-1:;состояние1_k-16.sig;1 дополнительное:;состояние2_k-33.sig;-0.01173499;-0.001623757;3.704698;69;0.1606133;685;2.376968;3.864184;413;3.544085
62;55001;52004;53006;1.185981E-09;0.9999999;ОС-1:;состояние1_k-16.sig;1 дополнительное:;состояние2_k-34.sig;-0.01173499;-0.0007620213;3.704698;69;0.1629627;278;2.376237;3.862567;382;3.541735
62;55001;52004;53006;1.185981E-09;0.9999999;ОС-1:;состояние1_k-16.sig;1 дополнительное:;состояние2_k-35.sig;-0.01173499;0;3.704698;69;0.1421222;37;2.376364;3.846695;194;3.562576
62;55001;52004;53006;1.185981E-09;0.9999999;ОС-1:;состояние1_k-16.sig;1 дополнительное:;состояние2_k-36.sig;-0.01173499;1.755072E-05;3.704698;69;0.1010051;226;2.377354;3.800889;226;3.603693
62;55001;52004;53006;1.185981E-09;0.9999999;ОС-1:;состояние1_k-16.sig;1 дополнительное:;состояние2_k-37.sig;-0.01173499;-0.0002523797;3.704698;69;0.04611896;566;2.376987;3.750642;444;3.658579
62;55001;52004;53006;1.185981E-09;0.9999999;ОС-1:;состояние1_k-16.sig;1 дополнительное:;состояние2_k-38.sig;-0.01173499;-0.0001071246;3.704698;69;0.03588384;460;2.376271;3.740436;38;3.668814
62;55001;52004;53006;1.185981E-09;0.9999999;ОС-1:;состояние1_k-16.sig;1 дополнительное:;состояние2_k-39.sig;-0.01173499;0.0002689586;3.704698;69;0.1031092;340;2.376382;3.807055;288;3.601589
62;55001;52004;53006;1.185981E-09;0.9999999;ОС-1:;состояние1_k-16.sig;1 дополнительное:;состояние2_k-40.sig;-0.01173499;2.205372E-08;3.704698;69;0.1711362;2;2.377541;3.861039;101;3.533562
62;55001;52004;53006;1.185981E-09;0.9999999;ОС-1:;состояние1_k-17.sig;1 дополнительное:;состояние2_k-21.sig;-0.03421074;0.008295609;3.009894;468;0.7851241;778;1.957221;3.793476;468;2.22477
62;55001;52004;53006;1.185981E-09;0.9999999;ОС-1:;состояние1_k-17.sig;1 дополнительное:;состояние2_k-22.sig;-0.03421074;0.005542355;3.009894;468;0.4407671;235;1.929014;3.446607;144;2.569127
62;55001;52004;53006;1.185981E-09;0.9999999;ОС-1:;состояние1_k-17.sig;1 дополнительное:;состояние2_k-23.sig;-0.03421074;0.0005803747;3.009894;468;0.1982689;129;1.926573;3.205726;86;2.811625
62;55001;52004;53006;1.185981E-09;0.9999999;ОС-1:;состояние1_k-17.sig;1 дополнительное:;состояние2_k-24.sig;-0.03421074;-0.0009436778;3.009894;468;0.1026812;110;1.924602;3.112079;27;2.907213
62;55001;52004;53006;1.185981E-09;0.9999999;ОС-1:;состояние1_k-17.sig;1 дополнительное:;состояние2_k-25.sig;-0.03421074;0;3.009894;468;0.143935;15;1.920596;3.153739;115;2.865959
62;55001;52004;53006;1.185981E-09;0.9999999;ОС-1:;состояние1_k-17.sig;1 дополнительное:;состояние2_k-26.sig;-0.03421074;0.0004100142;3.009894;468;0.1686227;430;1.919677;3.176538;527;2.841272
62;55001;52004;53006;1.185981E-09;0.9999999;ОС-1:;состояние1_k-17.sig;1 дополнительное:;состояние2_k-27.sig;-0.03421074;-0.0002868762;3.009894;468;0.1526696;445;1.921863;3.161462;56;2.857225
62;55001;52004;53006;1.185981E-09;0.9999999;ОС-1:;состояние1_k-17.sig;1 дополнительное:;состояние2_k-28.sig;-0.03421074;-0.0006985529;3.009894;468;0.1060497;102;1.923084;3.11517;674;2.903845
62;55001;52004;53006;1.185981E-09;0.9999999;ОС-1:;состояние1_k-17.sig;1 дополнительное:;состояние2_k-29.sig;-0.03421074;-0.0002721579;3.009894;468;0.04227163;541;1.921888;3.048606;350;2.967623
62;55001;52004;53006;1.185981E-09;0.9999999;ОС-1:;состояние1_k-17.sig;1 дополнительное:;состояние2_k-30.sig;-0.03421074;0;3.009894;468;0.02696392;3;1.920227;3.035221;203;2.98293
62;55001;52004;53006;1.185981E-09;0.9999999;ОС-1:;состояние1_k-17.sig;1 дополнительное:;состояние2_k-31.sig;-0.03421074;-0.0006569337;3.009894;468;0.08834753;223;1.921136;3.097438;174;2.921547
62;55001;52004;53006;1.185981E-09;0.9999999;ОС-1:;состояние1_k-17.sig;1 дополнительное:;состояние2_k-32.sig;-0.03421074;-0.001575862;3.009894;468;0.1348454;55;1.922137;3.142704;86;2.875049
62;55001;52004;53006;1.185981E-09;0.9999999;ОС-1:;состояние1_k-17.sig;1 дополнительное:;состояние2_k-33.sig;-0.03421074;-0.001623757;3.009894;468;0.1606133;685;1.922015;3.170041;321;2.849281
62;55001;52004;53006;1.185981E-09;0.9999999;ОС-1:;состояние1_k-17.sig;1 дополнительное:;состояние2_k-34.sig;-0.03421074;-0.0007620213;3.009894;468;0.1629627;278;1.922755;3.168775;527;2.846932
62;55001;52004;53006;1.185981E-09;0.9999999;ОС-1:;состояние1_k-17.sig;1 дополнительное:;состояние2_k-35.sig;-0.03421074;0;3.009894;468;0.1421222;37;1.920183;3.15117;380;2.867772
62;55001;52004;53006;1.185981E-09;0.9999999;ОС-1:;состояние1_k-17.sig;1 дополнительное:;состояние2_k-36.sig;-0.03421074;1.755072E-05;3.009894;468;0.1010051;226;1.920204;3.110781;615;2.908889
62;55001;52004;53006;1.185981E-09;0.9999999;ОС-1:;состояние1_k-17.sig;1 дополнительное:;состояние2_k-37.sig;-0.03421074;-0.0002523797;3.009894;468;0.04611896;566;1.921205;3.055822;174;2.963775
62;55001;52004;53006;1.185981E-09;0.9999999;ОС-1:;состояние1_k-17.sig;1 дополнительное:;состояние2_k-38.sig;-0.03421074;-0.0001071246;3.009894;468;0.03588384;460;1.920664;3.045095;762;2.97401
62;55001;52004;53006;1.185981E-09;0.9999999;ОС-1:;состояние1_k-17.sig;1 дополнительное:;состояние2_k-39.sig;-0.03421074;0.0002689586;3.009894;468;0.1031092;340;1.919747;3.111354;174;2.906785
62;55001;52004;53006;1.185981E-09;0.9999999;ОС-1:;состояние1_k-17.sig;1 дополнительное:;состояние2_k-40.sig;-0.03421074;2.205372E-08;3.009894;468;0.1711362;2;1.919826;3.181911;115;2.838758
62;55001;52004;53006;1.185981E-09;0.9999999;ОС-1:;состояние1_k-18.sig;1 дополнительное:;состояние2_k-21.sig;-0.03738141;0.008295609;2.350301;378;0.7851241;778;1.569148;3.132243;350;1.565177
62;55001;52004;53006;1.185981E-09;0.9999999;ОС-1:;состояние1_k-18.sig;1 дополнительное:;состояние2_k-22.sig;-0.03738141;0.005542355;2.350301;378;0.4407671;235;1.512141;2.784747;212;1.909534
62;55001;52004;53006;1.185981E-09;0.9999999;ОС-1:;состояние1_k-18.sig;1 дополнительное:;состояние2_k-23.sig;-0.03738141;0.0005803747;2.350301;378;0.1982689;129;1.499661;2.546513;128;2.152032
62;55001;52004;53006;1.185981E-09;0.9999999;ОС-1:;состояние1_k-18.sig;1 дополнительное:;состояние2_k-24.sig;-0.03738141;-0.0009436778;2.350301;378;0.1026812;110;1.498985;2.443825;45;2.24762
62;55001;52004;53006;1.185981E-09;0.9999999;ОС-1:;состояние1_k-18.sig;1 дополнительное:;состояние2_k-25.sig;-0.03738141;0;2.350301;378;0.143935;15;1.497419;2.492866;295;2.206366
62;55001;52004;53006;1.185981E-09;0.9999999;ОС-1:;состояние1_k-18.sig;1 дополнительное:;состояние2_k-26.sig;-0.03738141;0.0004100142;2.350301;378;0.1686227;430;1.495746;2.514919;239;2.181678
62;55001;52004;53006;1.185981E-09;0.9999999;ОС-1:;состояние1_k-18.sig;1 дополнительное:;состояние2_k-27.sig;-0.03738141;-0.0002868762;2.350301;378;0.1526696;445;1.496344;2.494092;295;2.197631
62;55001;52004;53006;1.185981E-09;0.9999999;ОС-1:;состояние1_k-18.sig;1 дополнительное:;состояние2_k-28.sig;-0.03738141;-0.0006985529;2.350301;378;0.1060497;102;1.497048;2.455462;156;2.244251
62;55001;52004;53006;1.185981E-09;0.9999999;ОС-1:;состояние1_k-18.sig;1 дополнительное:;состояние2_k-29.sig;-0.03738141;-0.0002721579;2.350301;378;0.04227163;541;1.496827;2.392237;489;2.308029
62;55001;52004;53006;1.185981E-09;0.9999999;ОС-1:;состояние1_k-18.sig;1 дополнительное:;состояние2_k-30.sig;-0.03738141;0;2.350301;378;0.02696392;3;1.495609;2.373386;239;2.323337
62;55001;52004;53006;1.185981E-09;0.9999999;ОС-1:;состояние1_k-18.sig;1 дополнительное:;состояние2_k-31.sig;-0.03738141;-0.0006569337;2.350301;378;0.08834753;223;1.495324;2.438334;739;2.261954
62;55001;52004;53006;1.185981E-09;0.9999999;ОС-1:;состояние1_k-18.sig;1 дополнительное:;состояние2_k-32.sig;-0.03738141;-0.001575862;2.350301;378;0.1348454;55;1.495772;2.483099;461;2.215456
62;55001;52004;53006;1.185981E-09;0.9999999;ОС-1:;состояние1_k-18.sig;1 дополнительное:;состояние2_k-33.sig;-0.03738141;-0.001623757;2.350301;378;0.1606133;685;1.497012;2.50734;489;2.189688
62;55001;52004;53006;1.185981E-09;0.9999999;ОС-1:;состояние1_k-18.sig;1 дополнительное:;состояние2_k-34.sig;-0.03738141;-0.0007620213;2.350301;378;0.1629627;278;1.497376;2.50985;72;2.187338
62;55001;52004;53006;1.185981E-09;0.9999999;ОС-1:;состояние1_k-18.sig;1 дополнительное:;состояние2_k-35.sig;-0.03738141;0;2.350301;378;0.1421222;37;1.496508;2.488865;295;2.208179
62;55001;52004;53006;1.185981E-09;0.9999999;ОС-1:;состояние1_k-18.sig;1 дополнительное:;состояние2_k-36.sig;-0.03738141;1.755072E-05;2.350301;378;0.1010051;226;1.49684;2.450051;267;2.249296
62;55001;52004;53006;1.185981E-09;0.9999999;ОС-1:;состояние1_k-18.sig;1 дополнительное:;состояние2_k-37.sig;-0.03738141;-0.0002523797;2.350301;378;0.04611896;566;1.495945;2.395416;350;2.304182
62;55001;52004;53006;1.185981E-09;0.9999999;ОС-1:;состояние1_k-18.sig;1 дополнительное:;состояние2_k-38.sig;-0.03738141;-0.0001071246;2.350301;378;0.03588384;460;1.495985;2.383793;156;2.314417
62;55001;52004;53006;1.185981E-09;0.9999999;ОС-1:;состояние1_k-18.sig;1 дополнительное:;состояние2_k-39.sig;-0.03738141;0.0002689586;2.350301;378;0.1031092;340;1.495924;2.45282;378;2.247192
62;55001;52004;53006;1.185981E-09;0.9999999;ОС-1:;состояние1_k-18.sig;1 дополнительное:;состояние2_k-40.sig;-0.03738141;2.205372E-08;2.350301;378;0.1711362;2;1.49653;2.520664;128;2.179165
62;55001;52004;53006;1.185981E-09;0.9999999;ОС-1:;состояние1_k-19.sig;1 дополнительное:;состояние2_k-21.sig;-0.01997092;0.008295609;1.749164;508;0.7851241;778;1.245987;2.532364;87;0.96404
62;55001;52004;53006;1.185981E-09;0.9999999;ОС-1:;состояние1_k-19.sig;1 дополнительное:;состояние2_k-22.sig;-0.01997092;0.005542355;1.749164;508;0.4407671;235;1.15309;2.18955;8;1.308397
62;55001;52004;53006;1.185981E-09;0.9999999;ОС-1:;состояние1_k-19.sig;1 дополнительное:;состояние2_k-23.sig;-0.01997092;0.0005803747;1.749164;508;0.1982689;129;1.121862;1.945878;455;1.550895
62;55001;52004;53006;1.185981E-09;0.9999999;ОС-1:;состояние1_k-19.sig;1 дополнительное:;состояние2_k-24.sig;-0.01997092;-0.0009436778;1.749164;508;0.1026812;110;1.119551;1.848999;692;1.646483
62;55001;52004;53006;1.185981E-09;0.9999999;ОС-1:;состояние1_k-19.sig;1 дополнительное:;состояние2_k-25.sig;-0.01997092;0;1.749164;508;0.143935;15;1.121903;1.891412;34;1.605229
62;55001;52004;53006;1.185981E-09;0.9999999;ОС-1:;состояние1_k-19.sig;1 дополнительное:;состояние2_k-26.sig;-0.01997092;0.0004100142;1.749164;508;0.1686227;430;1.120663;1.915441;429;1.580541
62;55001;52004;53006;1.185981E-09;0.9999999;ОС-1:;состояние1_k-19.sig;1 дополнительное:;состояние2_k-27.sig;-0.01997092;-0.0002868762;1.749164;508;0.1526696;445;1.118821;1.900457;482;1.596494
62;55001;52004;53006;1.185981E-09;0.9999999;ОС-1:;состояние1_k-19.sig;1 дополнительное:;состояние2_k-28.sig;-0.01997092;-0.0006985529;1.749164;508;0.1060497;102;1.118553;1.85479;745;1.643114
62;55001;52004;53006;1.185981E-09;0.9999999;ОС-1:;состояние1_k-19.sig;1 дополнительное:;состояние2_k-29.sig;-0.01997092;-0.0002721579;1.749164;508;0.04227163;541;1.119022;1.790101;350;1.706892
62;55001;52004;53006;1.185981E-09;0.9999999;ОС-1:;состояние1_k-19.sig;1 дополнительное:;состояние2_k-30.sig;-0.01997092;0;1.749164;508;0.02696392;3;1.11851;1.775792;87;1.7222
62;55001;52004;53006;1.185981E-09;0.9999999;ОС-1:;состояние1_k-19.sig;1 дополнительное:;состояние2_k-31.sig;-0.01997092;-0.0006569337;1.749164;508;0.08834753;223;1.117921;1.83483;61;1.660817
62;55001;52004;53006;1.185981E-09;0.9999999;ОС-1:;состояние1_k-19.sig;1 дополнительное:;состояние2_k-32.sig;-0.01997092;-0.001575862;1.749164;508;0.1348454;55;1.118166;1.884013;508;1.614319
62;55001;52004;53006;1.185981E-09;0.9999999;ОС-1:;состояние1_k-19.sig;1 дополнительное:;состояние2_k-33.sig;-0.01997092;-0.001623757;1.749164;508;0.1606133;685;1.119546;1.908167;245;1.588551
62;55001;52004;53006;1.185981E-09;0.9999999;ОС-1:;состояние1_k-19.sig;1 дополнительное:;состояние2_k-34.sig;-0.01997092;-0.0007620213;1.749164;508;0.1629627;278;1.120404;1.911942;87;1.586201
62;55001;52004;53006;1.185981E-09;0.9999999;ОС-1:;состояние1_k-19.sig;1 дополнительное:;состояние2_k-35.sig;-0.01997092;0;1.749164;508;0.1421222;37;1.119911;1.89049;8;1.607042
62;55001;52004;53006;1.185981E-09;0.9999999;ОС-1:;состояние1_k-19.sig;1 дополнительное:;состояние2_k-36.sig;-0.01997092;1.755072E-05;1.749164;508;0.1010051;226;1.119171;1.850077;587;1.648159
62;55001;52004;53006;1.185981E-09;0.9999999;ОС-1:;состояние1_k-19.sig;1 дополнительное:;состояние2_k-37.sig;-0.01997092;-0.0002523797;1.749164;508;0.04611896;566;1.118484;1.79272;324;1.703045
62;55001;52004;53006;1.185981E-09;0.9999999;ОС-1:;состояние1_k-19.sig;1 дополнительное:;состояние2_k-38.sig;-0.01997092;-0.0001071246;1.749164;508;0.03588384;460;1.118815;1.76638;482;1.71328
62;55001;52004;53006;1.185981E-09;0.9999999;ОС-1:;состояние1_k-19.sig;1 дополнительное:;состояние2_k-39.sig;-0.01997092;0.0002689586;1.749164;508;0.1031092;340;1.119365;1.850333;455;1.646055
62;55001;52004;53006;1.185981E-09;0.9999999;ОС-1:;состояние1_k-19.sig;1 дополнительное:;состояние2_k-40.sig;-0.01997092;2.205372E-08;1.749164;508;0.1711362;2;1.119717;1.918889;140;1.578028
62;55001;52004;53006;1.185981E-09;0.9999999;ОС-1:;состояние1_k-20.sig;1 дополнительное:;состояние2_k-21.sig;0;0.008295609;1.223328;25;0.7851241;778;0.978785;2.006213;350;0.4382037
62;55001;52004;53006;1.185981E-09;0.9999999;ОС-1:;состояние1_k-20.sig;1 дополнительное:;состояние2_k-22.sig;0;0.005542355;1.223328;25;0.4407671;235;0.8432068;1.660847;75;0.7825606
62;55001;52004;53006;1.185981E-09;0.9999999;ОС-1:;состояние1_k-20.sig;1 дополнительное:;состояние2_k-23.sig;0;0.0005803747;1.223328;25;0.1982689;129;0.7866701;1.421342;325;1.025059
62;55001;52004;53006;1.185981E-09;0.9999999;ОС-1:;состояние1_k-20.sig;1 дополнительное:;состояние2_k-24.sig;0;-0.0009436778;1.223328;25;0.1026812;110;0.776057;1.322393;150;1.120647
62;55001;52004;53006;1.185981E-09;0.9999999;ОС-1:;состояние1_k-20.sig;1 дополнительное:;состояние2_k-25.sig;0;0;1.223328;25;0.143935;15;0.7815979;1.367263;75;1.079393
62;55001;52004;53006;1.185981E-09;0.9999999;ОС-1:;состояние1_k-20.sig;1 дополнительное:;состояние2_k-26.sig;0;0.0004100142;1.223328;25;0.1686227;430;0.7837621;1.39069;200;1.054705
62;55001;52004;53006;1.185981E-09;0.9999999;ОС-1:;состояние1_k-20.sig;1 дополнительное:;состояние2_k-27.sig;0;-0.0002868762;1.223328;25;0.1526696;445;0.7809181;1.375703;575;1.070658
62;55001;52004;53006;1.185981E-09;0.9999999;ОС-1:;состояние1_k-20.sig;1 дополнительное:;состояние2_k-28.sig;0;-0.0006985529;1.223328;25;0.1060497;102;0.7781616;1.323089;100;1.117278
62;55001;52004;53006;1.185981E-09;0.9999999;ОС-1:;состояние1_k-20.sig;1 дополнительное:;состояние2_k-29.sig;0;-0.0002721579;1.223328;25;0.04227163;541;0.778589;1.265492;300;1.181056
62;55001;52004;53006;1.185981E-09;0.9999999;ОС-1:;состояние1_k-20.sig;1 дополнительное:;состояние2_k-30.sig;0;0;1.223328;25;0.02696392;3;0.7793074;1.246379;0;1.196364
62;55001;52004;53006;1.185981E-09;0.9999999;ОС-1:;состояние1_k-20.sig;1 дополнительное:;состояние2_k-31.sig;0;-0.0006569337;1.223328;25;0.08834753;223;0.7783687;1.311422;175;1.13498
62;55001;52004;53006;1.185981E-09;0.9999999;ОС-1:;состояние1_k-20.sig;1 дополнительное:;состояние2_k-32.sig;0;-0.001575862;1.223328;25;0.1348454;55;0.7779118;1.353475;150;1.088482
62;55001;52004;53006;1.185981E-09;0.9999999;ОС-1:;состояние1_k-20.sig;1 дополнительное:;состояние2_k-33.sig;0;-0.001623757;1.223328;25;0.1606133;685;0.7789434;1.38387;200;1.062714
62;55001;52004;53006;1.185981E-09;0.9999999;ОС-1:;состояние1_k-20.sig;1 дополнительное:;состояние2_k-34.sig;0;-0.0007620213;1.223328;25;0.1629627;278;0.7808708;1.386282;175;1.060365
62;55001;52004;53006;1.185981E-09;0.9999999;ОС-1:;состояние1_k-20.sig;1 дополнительное:;состояние2_k-35.sig;0;0;1.223328;25;0.1421222;37;0.7817225;1.359317;150;1.081206
62;55001;52004;53006;1.185981E-09;0.9999999;ОС-1:;состояние1_k-20.sig;1 дополнительное:;состояние2_k-36.sig;0;1.755072E-05;1.223328;25;0.1010051;226;0.7799925;1.316338;75;1.122323
62;55001;52004;53006;1.185981E-09;0.9999999;ОС-1:;состояние1_k-20.sig;1 дополнительное:;состояние2_k-37.sig;0;-0.0002523797;1.223328;25;0.04611896;566;0.7787495;1.269387;350;1.177209
62;55001;52004;53006;1.185981E-09;0.9999999;ОС-1:;состояние1_k-20.sig;1 дополнительное:;состояние2_k-38.sig;0;-0.0001071246;1.223328;25;0.03588384;460;0.7791338;1.25891;250;1.187444
62;55001;52004;53006;1.185981E-09;0.9999999;ОС-1:;состояние1_k-20.sig;1 дополнительное:;состояние2_k-39.sig;0;0.0002689586;1.223328;25;0.1031092;340;0.7808948;1.326271;750;1.120219
62;55001;52004;53006;1.185981E-09;0.9999999;ОС-1:;состояние1_k-20.sig;1 дополнительное:;состояние2_k-40.sig;0;2.205372E-08;1.223328;25;0.1711362;2;0.7843573;1.371783;1;1.052192
62;60009;57003;59007;1.260123E-09;0.9999998;ОС-1:;состояние1_k-1.sig;1 дополнительное:;состояние2_k-21.sig;0.2823752;0.008308657;1.266252;351;0.7869583;778;0.8330107;2.040562;373;0.4792935
62;60009;57003;59007;1.260123E-09;0.9999998;ОС-1:;состояние1_k-1.sig;1 дополнительное:;состояние2_k-22.sig;0.2823752;0.005540639;1.266252;351;0.4421889;144;0.7618744;1.707621;349;0.8240629
62;60009;57003;59007;1.260123E-09;0.9999998;ОС-1:;состояние1_k-1.sig;1 дополнительное:;состояние2_k-23.sig;0.2823752;0.0005614376;1.266252;351;0.1995666;42;0.7324399;1.458403;368;1.066685
62;60009;57003;59007;1.260123E-09;0.9999998;ОС-1:;состояние1_k-1.sig;1 дополнительное:;состояние2_k-24.sig;0.2823752;-0.0009605689;1.266252;351;0.104476;110;0.7257481;1.367191;339;1.161776
62;60009;57003;59007;1.260123E-09;0.9999998;ОС-1:;состояние1_k-1.sig;1 дополнительное:;состояние2_k-25.sig;0.2823752;0;1.266252;351;0.1456892;15;0.7296977;1.411497;355;1.120563
62;60009;57003;59007;1.260123E-09;0.9999998;ОС-1:;состояние1_k-1.sig;1 дополнительное:;состояние2_k-26.sig;0.2823752;0.0004210499;1.266252;351;0.1705043;7;0.7300899;1.429701;334;1.095747
62;60009;57003;59007;1.260123E-09;0.9999998;ОС-1:;состояние1_k-1.sig;1 дополнительное:;состояние2_k-27.sig;0.2823752;-0.000281668;1.266252;351;0.1547512;408;0.7283335;1.420542;352;1.111501
62;60009;57003;59007;1.260123E-09;0.9999998;ОС-1:;состояние1_k-1.sig;1 дополнительное:;состояние2_k-28.sig;0.2823752;-0.0007061894;1.266252;351;0.1082488;102;0.7265164;1.367437;334;1.158003
62;60009;57003;59007;1.260123E-09;0.9999998;ОС-1:;состояние1_k-1.sig;1 дополнительное:;состояние2_k-29.sig;0.2823752;-0.0002829285;1.266252;351;0.04443819;679;0.7262063;1.310565;351;1.221814
62;60009;57003;59007;1.260123E-09;0.9999998;ОС-1:;состояние1_k-1.sig;1 дополнительное:;состояние2_k-30.sig;0.2823752;0;1.266252;351;0.02484063;3;0.7254335;1.29097;353;1.241411
62;60009;57003;59007;1.260123E-09;0.9999998;ОС-1:;состояние1_k-1.sig;1 дополнительное:;состояние2_k-31.sig;0.2823752;-0.0006431236;1.266252;351;0.08645903;223;0.7268367;1.347236;336;1.179793
62;60009;57003;59007;1.260123E-09;0.9999998;ОС-1:;состояние1_k-1.sig;1 дополнительное:;состояние2_k-32.sig;0.2823752;-0.00155715;1.266252;351;0.1332791;55;0.7263653;1.399401;352;1.132973
62;60009;57003;59007;1.260123E-09;0.9999998;ОС-1:;состояние1_k-1.sig;1 дополнительное:;состояние2_k-33.sig;0.2823752;-0.00161022;1.266252;351;0.1594338;685;0.7278954;1.420083;337;1.106818
62;60009;57003;59007;1.260123E-09;0.9999998;ОС-1:;состояние1_k-1.sig;1 дополнительное:;состояние2_k-34.sig;0.2823752;-0.0007565378;1.266252;351;0.1621959;278;0.7286962;1.427523;352;1.104056
62;60009;57003;59007;1.260123E-09;0.9999998;ОС-1:;состояние1_k-1.sig;1 дополнительное:;состояние2_k-35.sig;0.2823752;0;1.266252;351;0.141775;37;0.7284961;1.403284;337;1.124477
62;60009;57003;59007;1.260123E-09;0.9999998;ОС-1:;состояние1_k-1.sig;1 дополнительное:;состояние2_k-36.sig;0.2823752;1.417875E-05;1.266252;351;0.1010508;226;0.7268102;1.367303;351;1.165201
62;60009;57003;59007;1.260123E-09;0.9999998;ОС-1:;состояние1_k-1.sig;1 дополнительное:;состояние2_k-37.sig;0.2823752;-0.0002588372;1.266252;351;0.04660486;620;0.7243701;1.309047;363;1.219647
62;60009;57003;59007;1.260123E-09;0.9999998;ОС-1:;состояние1_k-1.sig;1 дополнительное:;состояние2_k-38.sig;0.2823752;-0.0001150202;1.266252;351;0.03599909;39;0.7253482;1.300203;342;1.230253
62;60009;57003;59007;1.260123E-09;0.9999998;ОС-1:;состояние1_k-1.sig;1 дополнительное:;состояние2_k-39.sig;0.2823752;0.0002636441;1.266252;351;0.1027704;340;0.7269434;1.36881;353;1.163481
62;60009;57003;59007;1.260123E-09;0.9999998;ОС-1:;состояние1_k-1.sig;1 дополнительное:;состояние2_k-40.sig;0.2823752;4.209578E-09;1.266252;351;0.1706345;2;0.7299589;1.435048;340;1.095617
62;60009;57003;59007;1.260123E-09;0.9999998;ОС-1:;состояние1_k-2.sig;1 дополнительное:;состояние2_k-21.sig;0.3853994;0.008308657;2.489012;101;0.7869583;778;1.605416;3.274208;349;1.702054
62;60009;57003;59007;1.260123E-09;0.9999998;ОС-1:;состояние1_k-2.sig;1 дополнительное:;состояние2_k-22.sig;0.3853994;0.005540639;2.489012;101;0.4421889;144;1.595406;2.851767;120;2.046823
62;60009;57003;59007;1.260123E-09;0.9999998;ОС-1:;состояние1_k-2.sig;1 дополнительное:;состояние2_k-23.sig;0.3853994;0.0005614376;2.489012;101;0.1995666;42;1.575647;2.684877;347;2.289445
62;60009;57003;59007;1.260123E-09;0.9999998;ОС-1:;состояние1_k-2.sig;1 дополнительное:;состояние2_k-24.sig;0.3853994;-0.0009605689;2.489012;101;0.104476;110;1.575691;2.578821;359;2.384536
62;60009;57003;59007;1.260123E-09;0.9999998;ОС-1:;состояние1_k-2.sig;1 дополнительное:;состояние2_k-25.sig;0.3853994;0;2.489012;101;0.1456892;15;1.572378;2.628152;595;2.343323
62;60009;57003;59007;1.260123E-09;0.9999998;ОС-1:;состояние1_k-2.sig;1 дополнительное:;состояние2_k-26.sig;0.3853994;0.0004210499;2.489012;101;0.1705043;7;1.578946;2.658525;103;2.318508
62;60009;57003;59007;1.260123E-09;0.9999998;ОС-1:;состояние1_k-2.sig;1 дополнительное:;состояние2_k-27.sig;0.3853994;-0.000281668;2.489012;101;0.1547512;408;1.572681;2.633246;94;2.334261
62;60009;57003;59007;1.260123E-09;0.9999998;ОС-1:;состояние1_k-2.sig;1 дополнительное:;состояние2_k-28.sig;0.3853994;-0.0007061894;2.489012;101;0.1082488;102;1.57481;2.596977;352;2.380763
62;60009;57003;59007;1.260123E-09;0.9999998;ОС-1:;состояние1_k-2.sig;1 дополнительное:;состояние2_k-29.sig;0.3853994;-0.0002829285;2.489012;101;0.04443819;679;1.574248;2.523363;594;2.444574
62;60009;57003;59007;1.260123E-09;0.9999998;ОС-1:;состояние1_k-2.sig;1 дополнительное:;состояние2_k-30.sig;0.3853994;0;2.489012;101;0.02484063;3;1.574172;2.485794;91;2.464171
62;60009;57003;59007;1.260123E-09;0.9999998;ОС-1:;состояние1_k-2.sig;1 дополнительное:;состояние2_k-31.sig;0.3853994;-0.0006431236;2.489012;101;0.08645903;223;1.572925;2.575187;352;2.402553
62;60009;57003;59007;1.260123E-09;0.9999998;ОС-1:;состояние1_k-2.sig;1 дополнительное:;состояние2_k-32.sig;0.3853994;-0.00155715;2.489012;101;0.1332791;55;1.575038;2.621914;102;2.355733
62;60009;57003;59007;1.260123E-09;0.9999998;ОС-1:;состояние1_k-2.sig;1 дополнительное:;состояние2_k-33.sig;0.3853994;-0.00161022;2.489012;101;0.1594338;685;1.575581;2.647744;352;2.329578
62;60009;57003;59007;1.260123E-09;0.9999998;ОС-1:;состояние1_k-2.sig;1 дополнительное:;состояние2_k-34.sig;0.3853994;-0.0007565378;2.489012;101;0.1621959;278;1.567462;2.613926;88;2.326816
62;60009;57003;59007;1.260123E-09;0.9999998;ОС-1:;состояние1_k-2.sig;1 дополнительное:;состояние2_k-35.sig;0.3853994;0;2.489012;101;0.141775;37;1.574428;2.630426;351;2.347237
62;60009;57003;59007;1.260123E-09;0.9999998;ОС-1:;состояние1_k-2.sig;1 дополнительное:;состояние2_k-36.sig;0.3853994;1.417875E-05;2.489012;101;0.1010508;226;1.573672;2.590063;101;2.387961
62;60009;57003;59007;1.260123E-09;0.9999998;ОС-1:;состояние1_k-2.sig;1 дополнительное:;состояние2_k-37.sig;0.3853994;-0.0002588372;2.489012;101;0.04660486;620;1.57307;2.535423;350;2.442407
62;60009;57003;59007;1.260123E-09;0.9999998;ОС-1:;состояние1_k-2.sig;1 дополнительное:;состояние2_k-38.sig;0.3853994;-0.0001150202;2.489012;101;0.03599909;39;1.572837;2.522308;104;2.453013
62;60009;57003;59007;1.260123E-09;0.9999998;ОС-1:;состояние1_k-2.sig;1 дополнительное:;состояние2_k-39.sig;0.3853994;0.0002636441;2.489012;101;0.1027704;340;1.574399;2.587947;97;2.386242
62;60009;57003;59007;1.260123E-09;0.9999998;ОС-1:;состояние1_k-2.sig;1 дополнительное:;состояние2_k-40.sig;0.3853994;4.209578E-09;2.489012;101;0.1706345;2;1.5751;2.659363;352;2.318377
62;60009;57003;59007;1.260123E-09;0.9999998;ОС-1:;состояние1_k-3.sig;1 дополнительное:;состояние2_k-21.sig;0.2777282;0.008308657;3.626912;684;0.7869583;778;2.357243;4.120694;38;2.839954
62;60009;57003;59007;1.260123E-09;0.9999998;ОС-1:;состояние1_k-3.sig;1 дополнительное:;состояние2_k-22.sig;0.2777282;0.005540639;3.626912;684;0.4421889;144;2.289451;4.066337;349;3.184723
62;60009;57003;59007;1.260123E-09;0.9999998;ОС-1:;состояние1_k-3.sig;1 дополнительное:;состояние2_k-23.sig;0.2777282;0.0005614376;3.626912;684;0.1995666;42;2.290144;3.822137;20;3.427346
62;60009;57003;59007;1.260123E-09;0.9999998;ОС-1:;состояние1_k-3.sig;1 дополнительное:;состояние2_k-24.sig;0.2777282;-0.0009605689;3.626912;684;0.104476;110;2.289252;3.695426;190;3.522436
62;60009;57003;59007;1.260123E-09;0.9999998;ОС-1:;состояние1_k-3.sig;1 дополнительное:;состояние2_k-25.sig;0.2777282;0;3.626912;684;0.1456892;15;2.286502;3.765216;354;3.481223
62;60009;57003;59007;1.260123E-09;0.9999998;ОС-1:;состояние1_k-3.sig;1 дополнительное:;состояние2_k-26.sig;0.2777282;0.0004210499;3.626912;684;0.1705043;7;2.284734;3.78914;681;3.456408
62;60009;57003;59007;1.260123E-09;0.9999998;ОС-1:;состояние1_k-3.sig;1 дополнительное:;состояние2_k-27.sig;0.2777282;-0.000281668;3.626912;684;0.1547512;408;2.297421;3.780281;352;3.472161
62;60009;57003;59007;1.260123E-09;0.9999998;ОС-1:;состояние1_k-3.sig;1 дополнительное:;состояние2_k-28.sig;0.2777282;-0.0007061894;3.626912;684;0.1082488;102;2.286643;3.724773;14;3.518663
62;60009;57003;59007;1.260123E-09;0.9999998;ОС-1:;состояние1_k-3.sig;1 дополнительное:;состояние2_k-29.sig;0.2777282;-0.0002829285;3.626912;684;0.04443819;679;2.287056;3.671201;351;3.582474
62;60009;57003;59007;1.260123E-09;0.9999998;ОС-1:;состояние1_k-3.sig;1 дополнительное:;состояние2_k-30.sig;0.2777282;0;3.626912;684;0.02484063;3;2.287026;3.650563;685;3.602072
62;60009;57003;59007;1.260123E-09;0.9999998;ОС-1:;состояние1_k-3.sig;1 дополнительное:;состояние2_k-31.sig;0.2777282;-0.0006431236;3.626912;684;0.08645903;223;2.286862;3.704972;14;3.540453
62;60009;57003;59007;1.260123E-09;0.9999998;ОС-1:;состояние1_k-3.sig;1 дополнительное:;состояние2_k-32.sig;0.2777282;-0.00155715;3.626912;684;0.1332791;55;2.286751;3.75914;352;3.493633
62;60009;57003;59007;1.260123E-09;0.9999998;ОС-1:;состояние1_k-3.sig;1 дополнительное:;состояние2_k-33.sig;0.2777282;-0.00161022;3.626912;684;0.1594338;685;2.296261;3.676454;172;3.467478
62;60009;57003;59007;1.260123E-09;0.9999998;ОС-1:;состояние1_k-3.sig;1 дополнительное:;состояние2_k-34.sig;0.2777282;-0.0007565378;3.626912;684;0.1621959;278;2.285558;3.788126;351;3.464716
62;60009;57003;59007;1.260123E-09;0.9999998;ОС-1:;состояние1_k-3.sig;1 дополнительное:;состояние2_k-35.sig;0.2777282;0;3.626912;684;0.141775;37;2.285271;3.75834;181;3.485137
62;60009;57003;59007;1.260123E-09;0.9999998;ОС-1:;состояние1_k-3.sig;1 дополнительное:;состояние2_k-36.sig;0.2777282;1.417875E-05;3.626912;684;0.1010508;226;2.286993;3.727939;351;3.525861
62;60009;57003;59007;1.260123E-09;0.9999998;ОС-1:;состояние1_k-3.sig;1 дополнительное:;состояние2_k-37.sig;0.2777282;-0.0002588372;3.626912;684;0.04660486;620;2.287378;3.668121;186;3.580307
62;60009;57003;59007;1.260123E-09;0.9999998;ОС-1:;состояние1_k-3.sig;1 дополнительное:;состояние2_k-38.sig;0.2777282;-0.0001150202;3.626912;684;0.03599909;39;2.28697;3.662852;684;3.590913
62;60009;57003;59007;1.260123E-09;0.9999998;ОС-1:;состояние1_k-3.sig;1 дополнительное:;состояние2_k-39.sig;0.2777282;0.0002636441;3.626912;684;0.1027704;340;2.291026;3.72737;19;3.524142
62;60009;57003;59007;1.260123E-09;0.9999998;ОС-1:;состояние1_k-3.sig;1 дополнительное:;состояние2_k-40.sig;0.2777282;4.209578E-09;3.626912;684;0.1706345;2;2.285761;3.794779;15;3.456278
62;60009;57003;59007;1.260123E-09;0.9999998;ОС-1:;состояние1_k-4.sig;1 дополнительное:;состояние2_k-21.sig;0.092079;0.008308657;4.642559;226;0.7869583;778;2.912271;5.426348;350;3.8556
62;60009;57003;59007;1.260123E-09;0.9999998;ОС-1:;состояние1_k-4.sig;1 дополнительное:;состояние2_k-22.sig;0.092079;0.005540639;4.642559;226;0.4421889;144;2.889934;5.07949;99;4.20037
62;60009;57003;59007;1.260123E-09;0.9999998;ОС-1:;состояние1_k-4.sig;1 дополнительное:;состояние2_k-23.sig;0.092079;0.0005614376;4.642559;226;0.1995666;42;2.882674;4.825245;348;4.442992
62;60009;57003;59007;1.260123E-09;0.9999998;ОС-1:;состояние1_k-4.sig;1 дополнительное:;состояние2_k-24.sig;0.092079;-0.0009605689;4.642559;226;0.104476;110;2.880009;4.691579;105;4.538083
62;60009;57003;59007;1.260123E-09;0.9999998;ОС-1:;состояние1_k-4.sig;1 дополнительное:;состояние2_k-25.sig;0.092079;0;4.642559;226;0.1456892;15;2.879808;4.787457;475;4.49687
62;60009;57003;59007;1.260123E-09;0.9999998;ОС-1:;состояние1_k-4.sig;1 дополнительное:;состояние2_k-26.sig;0.092079;0.0004210499;4.642559;226;0.1705043;7;2.88114;4.80806;352;4.472054
62;60009;57003;59007;1.260123E-09;0.9999998;ОС-1:;состояние1_k-4.sig;1 дополнительное:;состояние2_k-27.sig;0.092079;-0.000281668;4.642559;226;0.1547512;408;2.88319;4.789637;724;4.487807
62;60009;57003;59007;1.260123E-09;0.9999998;ОС-1:;состояние1_k-4.sig;1 дополнительное:;состояние2_k-28.sig;0.092079;-0.0007061894;4.642559;226;0.1082488;102;2.871041;4.749144;101;4.53431
62;60009;57003;59007;1.260123E-09;0.9999998;ОС-1:;состояние1_k-4.sig;1 дополнительное:;состояние2_k-29.sig;0.092079;-0.0002829285;4.642559;226;0.04443819;679;2.882169;4.675017;727;4.59812
62;60009;57003;59007;1.260123E-09;0.9999998;ОС-1:;состояние1_k-4.sig;1 дополнительное:;состояние2_k-30.sig;0.092079;0;4.642559;226;0.02484063;3;2.880741;4.665795;101;4.617718
62;60009;57003;59007;1.260123E-09;0.9999998;ОС-1:;состояние1_k-4.sig;1 дополнительное:;состояние2_k-31.sig;0.092079;-0.0006431236;4.642559;226;0.08645903;223;2.880657;4.727315;351;4.556099
62;60009;57003;59007;1.260123E-09;0.9999998;ОС-1:;состояние1_k-4.sig;1 дополнительное:;состояние2_k-32.sig;0.092079;-0.00155715;4.642559;226;0.1332791;55;2.882268;4.774142;226;4.509279
62;60009;57003;59007;1.260123E-09;0.9999998;ОС-1:;состояние1_k-4.sig;1 дополнительное:;состояние2_k-33.sig;0.092079;-0.00161022;4.642559;226;0.1594338;685;2.882158;4.800548;351;4.483125
62;60009;57003;59007;1.260123E-09;0.9999998;ОС-1:;состояние1_k-4.sig;1 дополнительное:;состояние2_k-34.sig;0.092079;-0.0007565378;4.642559;226;0.1621959;278;2.882146;4.803797;101;4.480363
62;60009;57003;59007;1.260123E-09;0.9999998;ОС-1:;состояние1_k-4.sig;1 дополнительное:;состояние2_k-35.sig;0.092079;0;4.642559;226;0.141775;37;2.881913;4.783973;351;4.500783
62;60009;57003;59007;1.260123E-09;0.9999998;ОС-1:;состояние1_k-4.sig;1 дополнительное:;состояние2_k-36.sig;0.092079;1.417875E-05;4.642559;226;0.1010508;226;2.8725;4.577944;93;4.541508
62;60009;57003;59007;1.260123E-09;0.9999998;ОС-1:;состояние1_k-4.sig;1 дополнительное:;состояние2_k-37.sig;0.092079;-0.0002588372;4.642559;226;0.04660486;620;2.881553;4.688288;350;4.595954
62;60009;57003;59007;1.260123E-09;0.9999998;ОС-1:;состояние1_k-4.sig;1 дополнительное:;состояние2_k-38.sig;0.092079;-0.0001150202;4.642559;226;0.03599909;39;2.880772;4.674611;475;4.606559
62;60009;57003;59007;1.260123E-09;0.9999998;ОС-1:;состояние1_k-4.sig;1 дополнительное:;состояние2_k-39.sig;0.092079;0.0002636441;4.642559;226;0.1027704;340;2.880038;4.744102;225;4.539788
62;60009;57003;59007;1.260123E-09;0.9999998;ОС-1:;состояние1_k-4.sig;1 дополнительное:;состояние2_k-40.sig;0.092079;4.209578E-09;4.642559;226;0.1706345;2;2.881193;4.811051;102;4.471924
62;60009;57003;59007;1.260123E-09;0.9999998;ОС-1:;состояние1_k-5.sig;1 дополнительное:;состояние2_k-21.sig;0;0.008308657;5.504521;151;0.7869583;778;3.518515;6.268651;253;4.717563
62;60009;57003;59007;1.260123E-09;0.9999998;ОС-1:;состояние1_k-5.sig;1 дополнительное:;состояние2_k-22.sig;0;0.005540639;5.504521;151;0.4421889;144;3.512831;5.937679;349;5.062332
62;60009;57003;59007;1.260123E-09;0.9999998;ОС-1:;состояние1_k-5.sig;1 дополнительное:;состояние2_k-23.sig;0;0.0005614376;5.504521;151;0.1995666;42;3.509496;5.703885;151;5.304954
62;60009;57003;59007;1.260123E-09;0.9999998;ОС-1:;состояние1_k-5.sig;1 дополнительное:;состояние2_k-24.sig;0;-0.0009605689;5.504521;151;0.104476;110;3.505057;5.608323;651;5.400045
62;60009;57003;59007;1.260123E-09;0.9999998;ОС-1:;состояние1_k-5.sig;1 дополнительное:;состояние2_k-25.sig;0;0;5.504521;151;0.1456892;15;3.519889;5.633519;52;5.358832
62;60009;57003;59007;1.260123E-09;0.9999998;ОС-1:;состояние1_k-5.sig;1 дополнительное:;состояние2_k-26.sig;0;0.0004210499;5.504521;151;0.1705043;7;3.500346;5.639662;48;5.334017
62;60009;57003;59007;1.260123E-09;0.9999998;ОС-1:;состояние1_k-5.sig;1 дополнительное:;состояние2_k-27.sig;0;-0.000281668;5.504521;151;0.1547512;408;3.501949;5.654844;352;5.34977
62;60009;57003;59007;1.260123E-09;0.9999998;ОС-1:;состояние1_k-5.sig;1 дополнительное:;состояние2_k-28.sig;0;-0.0007061894;5.504521;151;0.1082488;102;3.503641;5.60722;550;5.396272
62;60009;57003;59007;1.260123E-09;0.9999998;ОС-1:;состояние1_k-5.sig;1 дополнительное:;состояние2_k-29.sig;0;-0.0002829285;5.504521;151;0.04443819;679;3.504325;5.548834;351;5.460083
62;60009;57003;59007;1.260123E-09;0.9999998;ОС-1:;состояние1_k-5.sig;1 дополнительное:;состояние2_k-30.sig;0;0;5.504521;151;0.02484063;3;3.504409;5.527757;151;5.47968
62;60009;57003;59007;1.260123E-09;0.9999998;ОС-1:;состояние1_k-5.sig;1 дополнительное:;состояние2_k-31.sig;0;-0.0006431236;5.504521;151;0.08645903;223;3.504507;5.587181;450;5.418062
62;60009;57003;59007;1.260123E-09;0.9999998;ОС-1:;состояние1_k-5.sig;1 дополнительное:;состояние2_k-32.sig;0;-0.00155715;5.504521;151;0.1332791;55;3.504489;5.636104;351;5.371242
62;60009;57003;59007;1.260123E-09;0.9999998;ОС-1:;состояние1_k-5.sig;1 дополнительное:;состояние2_k-33.sig;0;-0.00161022;5.504521;151;0.1594338;685;3.503815;5.656042;50;5.345087
62;60009;57003;59007;1.260123E-09;0.9999998;ОС-1:;состояние1_k-5.sig;1 дополнительное:;состояние2_k-34.sig;0;-0.0007565378;5.504521;151;0.1621959;278;3.502491;5.665759;351;5.342325
62;60009;57003;59007;1.260123E-09;0.9999998;ОС-1:;состояние1_k-5.sig;1 дополнительное:;состояние2_k-35.sig;0;0;5.504521;151;0.141775;37;3.517116;5.389407;45;5.362746
62;60009;57003;59007;1.260123E-09;0.9999998;ОС-1:;состояние1_k-5.sig;1 дополнительное:;состояние2_k-36.sig;0;1.417875E-05;5.504521;151;0.1010508;226;3.502632;5.605572;351;5.40347
62;60009;57003;59007;1.260123E-09;0.9999998;ОС-1:;состояние1_k-5.sig;1 дополнительное:;состояние2_k-37.sig;0;-0.0002588372;5.504521;151;0.04660486;620;3.503896;5.54853;51;5.457916
62;60009;57003;59007;1.260123E-09;0.9999998;ОС-1:;состояние1_k-5.sig;1 дополнительное:;состояние2_k-38.sig;0;-0.0001150202;5.504521;151;0.03599909;39;3.504753;5.5391;551;5.468522
62;60009;57003;59007;1.260123E-09;0.9999998;ОС-1:;состояние1_k-5.sig;1 дополнительное:;состояние2_k-39.sig;0;0.0002636441;5.504521;151;0.1027704;340;3.505023;5.601175;352;5.401751
62;60009;57003;59007;1.260123E-09;0.9999998;ОС-1:;состояние1_k-5.sig;1 дополнительное:;состояние2_k-40.sig;0;4.209578E-09;5.504521;151;0.1706345;2;3.505687;5.671152;52;5.333887
62;60009;57003;59007;1.260123E-09;0.9999998;ОС-1:;состояние1_k-6.sig;1 дополнительное:;состояние2_k-21.sig;0.06362128;0.008308657;6.188733;434;0.7869583;778;4.0259;6.970845;350;5.401775
62;60009;57003;59007;1.260123E-09;0.9999998;ОС-1:;состояние1_k-6.sig;1 дополнительное:;состояние2_k-22.sig;0.06362128;0.005540639;6.188733;434;0.4421889;144;4.020035;6.567791;187;5.746544
62;60009;57003;59007;1.260123E-09;0.9999998;ОС-1:;состояние1_k-6.sig;1 дополнительное:;состояние2_k-23.sig;0.06362128;0.0005614376;6.188733;434;0.1995666;42;4.012755;6.376371;518;5.989166
62;60009;57003;59007;1.260123E-09;0.9999998;ОС-1:;состояние1_k-6.sig;1 дополнительное:;состояние2_k-24.sig;0.06362128;-0.0009605689;6.188733;434;0.104476;110;4.011774;6.218559;19;6.084257
62;60009;57003;59007;1.260123E-09;0.9999998;ОС-1:;состояние1_k-6.sig;1 дополнительное:;состояние2_k-25.sig;0.06362128;0;6.188733;434;0.1456892;15;4.015459;6.333728;434;6.043044
62;60009;57003;59007;1.260123E-09;0.9999998;ОС-1:;состояние1_k-6.sig;1 дополнительное:;состояние2_k-26.sig;0.06362128;0.0004210499;6.188733;434;0.1705043;7;4.016718;6.349587;102;6.018229
62;60009;57003;59007;1.260123E-09;0.9999998;ОС-1:;состояние1_k-6.sig;1 дополнительное:;состояние2_k-27.sig;0.06362128;-0.000281668;6.188733;434;0.1547512;408;4.014237;6.339338;518;6.033982
62;60009;57003;59007;1.260123E-09;0.9999998;ОС-1:;состояние1_k-6.sig;1 дополнительное:;состояние2_k-28.sig;0.06362128;-0.0007061894;6.188733;434;0.1082488;102;4.011498;6.295087;351;6.080484
62;60009;57003;59007;1.260123E-09;0.9999998;ОС-1:;состояние1_k-6.sig;1 дополнительное:;состояние2_k-29.sig;0.06362128;-0.0002829285;6.188733;434;0.04443819;679;4.012181;6.230072;767;6.144295
62;60009;57003;59007;1.260123E-09;0.9999998;ОС-1:;состояние1_k-6.sig;1 дополнительное:;состояние2_k-30.sig;0.06362128;0;6.188733;434;0.02484063;3;4.011405;6.166095;184;6.163892
62;60009;57003;59007;1.260123E-09;0.9999998;ОС-1:;состояние1_k-6.sig;1 дополнительное:;состояние2_k-31.sig;0.06362128;-0.0006431236;6.188733;434;0.08645903;223;4.01738;6.273259;351;6.102274
62;60009;57003;59007;1.260123E-09;0.9999998;ОС-1:;состояние1_k-6.sig;1 дополнительное:;состояние2_k-32.sig;0.06362128;-0.00155715;6.188733;434;0.1332791;55;4.017543;6.320085;101;6.055454
62;60009;57003;59007;1.260123E-09;0.9999998;ОС-1:;состояние1_k-6.sig;1 дополнительное:;состояние2_k-33.sig;0.06362128;-0.00161022;6.188733;434;0.1594338;685;4.016387;6.346491;351;6.029299
62;60009;57003;59007;1.260123E-09;0.9999998;ОС-1:;состояние1_k-6.sig;1 дополнительное:;состояние2_k-34.sig;0.06362128;-0.0007565378;6.188733;434;0.1621959;278;4.015643;6.315353;16;6.026537
62;60009;57003;59007;1.260123E-09;0.9999998;ОС-1:;состояние1_k-6.sig;1 дополнительное:;состояние2_k-35.sig;0.06362128;0;6.188733;434;0.141775;37;4.015332;6.329916;351;6.046958
62;60009;57003;59007;1.260123E-09;0.9999998;ОС-1:;состояние1_k-6.sig;1 дополнительное:;состояние2_k-36.sig;0.06362128;1.417875E-05;6.188733;434;0.1010508;226;4.015242;6.289553;101;6.087682
62;60009;57003;59007;1.260123E-09;0.9999998;ОС-1:;состояние1_k-6.sig;1 дополнительное:;состояние2_k-37.sig;0.06362128;-0.0002588372;6.188733;434;0.04660486;620;4.014276;6.233351;768;6.142128
62;60009;57003;59007;1.260123E-09;0.9999998;ОС-1:;состояние1_k-6.sig;1 дополнительное:;состояние2_k-38.sig;0.06362128;-0.0001150202;6.188733;434;0.03599909;39;4.013994;6.210592;101;6.152734
62;60009;57003;59007;1.260123E-09;0.9999998;ОС-1:;состояние1_k-6.sig;1 дополнительное:;состояние2_k-39.sig;0.06362128;0.0002636441;6.188733;434;0.1027704;340;4.015283;6.283735;185;6.085963
62;60009;57003;59007;1.260123E-09;0.9999998;ОС-1:;состояние1_k-6.sig;1 дополнительное:;состояние2_k-40.sig;0.06362128;4.209578E-09;6.188733;434;0.1706345;2;4.017643;6.352578;352;6.018099
62;60009;57003;59007;1.260123E-09;0.9999998;ОС-1:;состояние1_k-7.sig;1 дополнительное:;состояние2_k-21.sig;0.1959555;0.008308657;6.678876;65;0.7869583;778;4.440504;6.008495;144;5.891918
62;60009;57003;59007;1.260123E-09;0.9999998;ОС-1:;состояние1_k-7.sig;1 дополнительное:;состояние2_k-22.sig;0.1959555;0.005540639;6.678876;65;0.4421889;144;4.261785;7.117374;280;6.236688
62;60009;57003;59007;1.260123E-09;0.9999998;ОС-1:;состояние1_k-7.sig;1 дополнительное:;состояние2_k-23.sig;0.1959555;0.0005614376;6.678876;65;0.1995666;42;4.270499;6.875099;65;6.47931
62;60009;57003;59007;1.260123E-09;0.9999998;ОС-1:;состояние1_k-7.sig;1 дополнительное:;состояние2_k-24.sig;0.1959555;-0.0009605689;6.678876;65;0.104476;110;4.276278;6.776821;279;6.5744
62;60009;57003;59007;1.260123E-09;0.9999998;ОС-1:;состояние1_k-7.sig;1 дополнительное:;состояние2_k-25.sig;0.1959555;0;6.678876;65;0.1456892;15;4.277911;6.820325;136;6.533187
62;60009;57003;59007;1.260123E-09;0.9999998;ОС-1:;состояние1_k-7.sig;1 дополнительное:;состояние2_k-26.sig;0.1959555;0.0004210499;6.678876;65;0.1705043;7;4.276706;6.849123;65;6.508372
62;60009;57003;59007;1.260123E-09;0.9999998;ОС-1:;состояние1_k-7.sig;1 дополнительное:;состояние2_k-27.sig;0.1959555;-0.000281668;6.678876;65;0.1547512;408;4.274774;6.828633;351;6.524125
62;60009;57003;59007;1.260123E-09;0.9999998;ОС-1:;состояние1_k-7.sig;1 дополнительное:;состояние2_k-28.sig;0.1959555;-0.0007061894;6.678876;65;0.1082488;102;4.274253;6.784873;708;6.570628
62;60009;57003;59007;1.260123E-09;0.9999998;ОС-1:;состояние1_k-7.sig;1 дополнительное:;состояние2_k-29.sig;0.1959555;-0.0002829285;6.678876;65;0.04443819;679;4.274379;6.72277;351;6.634438
62;60009;57003;59007;1.260123E-09;0.9999998;ОС-1:;состояние1_k-7.sig;1 дополнительное:;состояние2_k-30.sig;0.1959555;0;6.678876;65;0.02484063;3;4.274781;6.702345;136;6.654036
62;60009;57003;59007;1.260123E-09;0.9999998;ОС-1:;состояние1_k-7.sig;1 дополнительное:;состояние2_k-31.sig;0.1959555;-0.0006431236;6.678876;65;0.08645903;223;4.275129;6.763131;208;6.592417
62;60009;57003;59007;1.260123E-09;0.9999998;ОС-1:;состояние1_k-7.sig;1 дополнительное:;состояние2_k-32.sig;0.1959555;-0.00155715;6.678876;65;0.1332791;55;4.276312;6.81004;351;6.545597
62;60009;57003;59007;1.260123E-09;0.9999998;ОС-1:;состояние1_k-7.sig;1 дополнительное:;состояние2_k-33.sig;0.1959555;-0.00161022;6.678876;65;0.1594338;685;4.278732;6.833164;65;6.519443
62;60009;57003;59007;1.260123E-09;0.9999998;ОС-1:;состояние1_k-7.sig;1 дополнительное:;состояние2_k-34.sig;0.1959555;-0.0007565378;6.678876;65;0.1621959;278;4.281287;6.839695;351;6.516681
62;60009;57003;59007;1.260123E-09;0.9999998;ОС-1:;состояние1_k-7.sig;1 дополнительное:;состояние2_k-35.sig;0.1959555;0;6.678876;65;0.141775;37;4.258472;6.539553;493;6.537101
62;60009;57003;59007;1.260123E-09;0.9999998;ОС-1:;состояние1_k-7.sig;1 дополнительное:;состояние2_k-36.sig;0.1959555;1.417875E-05;6.678876;65;0.1010508;226;4.278818;6.779508;351;6.577826
62;60009;57003;59007;1.260123E-09;0.9999998;ОС-1:;состояние1_k-7.sig;1 дополнительное:;состояние2_k-37.sig;0.1959555;-0.0002588372;6.678876;65;0.04660486;620;4.27555;6.724335;65;6.632272
62;60009;57003;59007;1.260123E-09;0.9999998;ОС-1:;состояние1_k-7.sig;1 дополнительное:;состояние2_k-38.sig;0.1959555;-0.0001150202;6.678876;65;0.03599909;39;4.274154;6.714758;565;6.642877
62;60009;57003;59007;1.260123E-09;0.9999998;ОС-1:;состояние1_k-7.sig;1 дополнительное:;состояние2_k-39.sig;0.1959555;0.0002636441;6.678876;65;0.1027704;340;4.275078;6.776456;136;6.576106
62;60009;57003;59007;1.260123E-09;0.9999998;ОС-1:;состояние1_k-7.sig;1 дополнительное:;состояние2_k-40.sig;0.1959555;4.209578E-09;6.678876;65;0.1706345;2;4.276605;6.850575;65;6.508242
62;60009;57003;59007;1.260123E-09;0.9999998;ОС-1:;состояние1_k-8.sig;1 дополнительное:;состояние2_k-21.sig;0.2541874;0.008308657;6.967289;38;0.7869583;778;4.431257;7.747644;350;6.180331
62;60009;57003;59007;1.260123E-09;0.9999998;ОС-1:;состояние1_k-8.sig;1 дополнительное:;состояние2_k-22.sig;0.2541874;0.005540639;6.967289;38;0.4421889;144;4.424479;7.396759;100;6.5251
62;60009;57003;59007;1.260123E-09;0.9999998;ОС-1:;состояние1_k-8.sig;1 дополнительное:;состояние2_k-23.sig;0.2541874;0.0005614376;6.967289;38;0.1995666;42;4.428003;7.165431;476;6.767722
62;60009;57003;59007;1.260123E-09;0.9999998;ОС-1:;состояние1_k-8.sig;1 дополнительное:;состояние2_k-24.sig;0.2541874;-0.0009605689;6.967289;38;0.104476;110;4.433507;6.990914;39;6.862813
62;60009;57003;59007;1.260123E-09;0.9999998;ОС-1:;состояние1_k-8.sig;1 дополнительное:;состояние2_k-25.sig;0.2541874;0;6.967289;38;0.1456892;15;4.44513;7.093908;38;6.8216
62;60009;57003;59007;1.260123E-09;0.9999998;ОС-1:;состояние1_k-8.sig;1 дополнительное:;состояние2_k-26.sig;0.2541874;0.0004210499;6.967289;38;0.1705043;7;4.44585;7.127464;351;6.796785
62;60009;57003;59007;1.260123E-09;0.9999998;ОС-1:;состояние1_k-8.sig;1 дополнительное:;состояние2_k-27.sig;0.2541874;-0.000281668;6.967289;38;0.1547512;408;4.442138;7.121723;538;6.812538
62;60009;57003;59007;1.260123E-09;0.9999998;ОС-1:;состояние1_k-8.sig;1 дополнительное:;состояние2_k-28.sig;0.2541874;-0.0007061894;6.967289;38;0.1082488;102;4.438035;7.0737;101;6.85904
62;60009;57003;59007;1.260123E-09;0.9999998;ОС-1:;состояние1_k-8.sig;1 дополнительное:;состояние2_k-29.sig;0.2541874;-0.0002829285;6.967289;38;0.04443819;679;4.43668;7.010593;663;6.922851
62;60009;57003;59007;1.260123E-09;0.9999998;ОС-1:;состояние1_k-8.sig;1 дополнительное:;состояние2_k-30.sig;0.2541874;0;6.967289;38;0.02484063;3;4.437084;6.990796;288;6.942448
62;60009;57003;59007;1.260123E-09;0.9999998;ОС-1:;состояние1_k-8.sig;1 дополнительное:;состояние2_k-31.sig;0.2541874;-0.0006431236;6.967289;38;0.08645903;223;4.437664;7.053346;788;6.88083
62;60009;57003;59007;1.260123E-09;0.9999998;ОС-1:;состояние1_k-8.sig;1 дополнительное:;состояние2_k-32.sig;0.2541874;-0.00155715;6.967289;38;0.1332791;55;4.438092;7.096071;38;6.83401
62;60009;57003;59007;1.260123E-09;0.9999998;ОС-1:;состояние1_k-8.sig;1 дополнительное:;состояние2_k-33.sig;0.2541874;-0.00161022;6.967289;38;0.1594338;685;4.43768;7.125103;351;6.807855
62;60009;57003;59007;1.260123E-09;0.9999998;ОС-1:;состояние1_k-8.sig;1 дополнительное:;состояние2_k-34.sig;0.2541874;-0.0007565378;6.967289;38;0.1621959;278;4.43836;7.128353;101;6.805093
62;60009;57003;59007;1.260123E-09;0.9999998;ОС-1:;состояние1_k-8.sig;1 дополнительное:;состояние2_k-35.sig;0.2541874;0;6.967289;38;0.141775;37;4.439048;7.108528;351;6.825514
62;60009;57003;59007;1.260123E-09;0.9999998;ОС-1:;состояние1_k-8.sig;1 дополнительное:;состояние2_k-36.sig;0.2541874;1.417875E-05;6.967289;38;0.1010508;226;4.438939;7.068165;226;6.866238
62;60009;57003;59007;1.260123E-09;0.9999998;ОС-1:;состояние1_k-8.sig;1 дополнительное:;состояние2_k-37.sig;0.2541874;-0.0002588372;6.967289;38;0.04660486;620;4.437875;7.012812;38;6.920684
62;60009;57003;59007;1.260123E-09;0.9999998;ОС-1:;состояние1_k-8.sig;1 дополнительное:;состояние2_k-38.sig;0.2541874;-0.0001150202;6.967289;38;0.03599909;39;4.436741;7.002221;288;6.93129
62;60009;57003;59007;1.260123E-09;0.9999998;ОС-1:;состояние1_k-8.sig;1 дополнительное:;состояние2_k-39.sig;0.2541874;0.0002636441;6.967289;38;0.1027704;340;4.435702;7.068435;788;6.864519
62;60009;57003;59007;1.260123E-09;0.9999998;ОС-1:;состояние1_k-8.sig;1 дополнительное:;состояние2_k-40.sig;0.2541874;4.209578E-09;6.967289;38;0.1706345;2;4.458541;7.129418;39;6.796655
62;60009;57003;59007;1.260123E-09;0.9999998;ОС-1:;состояние1_k-9.sig;1 дополнительное:;состояние2_k-21.sig;0.1701298;0.008308657;7.056938;684;0.7869583;778;4.535955;7.659372;131;6.269979
62;60009;57003;59007;1.260123E-09;0.9999998;ОС-1:;состояние1_k-9.sig;1 дополнительное:;состояние2_k-22.sig;0.1701298;0.005540639;7.056938;684;0.4421889;144;4.536956;7.484906;350;6.614749
62;60009;57003;59007;1.260123E-09;0.9999998;ОС-1:;состояние1_k-9.sig;1 дополнительное:;состояние2_k-23.sig;0.1701298;0.0005614376;7.056938;684;0.1995666;42;4.537262;7.248612;239;6.857371
62;60009;57003;59007;1.260123E-09;0.9999998;ОС-1:;состояние1_k-9.sig;1 дополнительное:;состояние2_k-24.sig;0.1701298;-0.0009605689;7.056938;684;0.104476;110;4.536857;7.155098;462;6.952462
62;60009;57003;59007;1.260123E-09;0.9999998;ОС-1:;состояние1_k-9.sig;1 дополнительное:;состояние2_k-25.sig;0.1701298;0;7.056938;684;0.1456892;15;4.540031;7.202371;295;6.911249
62;60009;57003;59007;1.260123E-09;0.9999998;ОС-1:;состояние1_k-9.sig;1 дополнительное:;состояние2_k-26.sig;0.1701298;0.0004210499;7.056938;684;0.1705043;7;4.545221;7.226766;795;6.886434
62;60009;57003;59007;1.260123E-09;0.9999998;ОС-1:;состояние1_k-9.sig;1 дополнительное:;состояние2_k-27.sig;0.1701298;-0.000281668;7.056938;684;0.1547512;408;4.507731;7.206218;351;6.902186
62;60009;57003;59007;1.260123E-09;0.9999998;ОС-1:;состояние1_k-9.sig;1 дополнительное:;состояние2_k-28.sig;0.1701298;-0.0007061894;7.056938;684;0.1082488;102;4.544471;7.147512;796;6.948689
62;60009;57003;59007;1.260123E-09;0.9999998;ОС-1:;состояние1_k-9.sig;1 дополнительное:;состояние2_k-29.sig;0.1701298;-0.0002829285;7.056938;684;0.04443819;679;4.539862;7.100355;351;7.012499
62;60009;57003;59007;1.260123E-09;0.9999998;ОС-1:;состояние1_k-9.sig;1 дополнительное:;состояние2_k-30.sig;0.1701298;0;7.056938;684;0.02484063;3;4.537566;7.079576;684;7.032097
62;60009;57003;59007;1.260123E-09;0.9999998;ОС-1:;состояние1_k-9.sig;1 дополнительное:;состояние2_k-31.sig;0.1701298;-0.0006431236;7.056938;684;0.08645903;223;4.53863;7.140372;240;6.970479
62;60009;57003;59007;1.260123E-09;0.9999998;ОС-1:;состояние1_k-9.sig;1 дополнительное:;состояние2_k-32.sig;0.1701298;-0.00155715;7.056938;684;0.1332791;55;4.54003;7.187625;351;6.923658
62;60009;57003;59007;1.260123E-09;0.9999998;ОС-1:;состояние1_k-9.sig;1 дополнительное:;состояние2_k-33.sig;0.1701298;-0.00161022;7.056938;684;0.1594338;685;4.539517;7.17305;461;6.897504
62;60009;57003;59007;1.260123E-09;0.9999998;ОС-1:;состояние1_k-9.sig;1 дополнительное:;состояние2_k-34.sig;0.1701298;-0.0007565378;7.056938;684;0.1621959;278;4.537979;7.21728;351;6.894742
62;60009;57003;59007;1.260123E-09;0.9999998;ОС-1:;состояние1_k-9.sig;1 дополнительное:;состояние2_k-35.sig;0.1701298;0;7.056938;684;0.141775;37;4.537201;7.196188;295;6.915163
62;60009;57003;59007;1.260123E-09;0.9999998;ОС-1:;состояние1_k-9.sig;1 дополнительное:;состояние2_k-36.sig;0.1701298;1.417875E-05;7.056938;684;0.1010508;226;4.538316;7.15786;573;6.955887
62;60009;57003;59007;1.260123E-09;0.9999998;ОС-1:;состояние1_k-9.sig;1 дополнительное:;состояние2_k-37.sig;0.1701298;-0.0002588372;7.056938;684;0.04660486;620;4.538441;7.102696;295;7.010333
62;60009;57003;59007;1.260123E-09;0.9999998;ОС-1:;состояние1_k-9.sig;1 дополнительное:;состояние2_k-38.sig;0.1701298;-0.0001150202;7.056938;684;0.03599909;39;4.537757;7.092878;684;7.020938
62;60009;57003;59007;1.260123E-09;0.9999998;ОС-1:;состояние1_k-9.sig;1 дополнительное:;состояние2_k-39.sig;0.1701298;0.0002636441;7.056938;684;0.1027704;340;4.537047;7.148661;351;6.954167
62;60009;57003;59007;1.260123E-09;0.9999998;ОС-1:;состояние1_k-9.sig;1 дополнительное:;состояние2_k-40.sig;0.1701298;4.209578E-09;7.056938;684;0.1706345;2;4.537816;7.226887;240;6.886303
62;60009;57003;59007;1.260123E-09;0.9999998;ОС-1:;состояние1_k-10.sig;1 дополнительное:;состояние2_k-21.sig;0;0.008308657;6.955225;1;0.7869583;778;4.42517;7.734452;350;6.168266
62;60009;57003;59007;1.260123E-09;0.9999998;ОС-1:;состояние1_k-10.sig;1 дополнительное:;состояние2_k-22.sig;0;0.005540639;6.955225;1;0.4421889;144;4.423444;7.378481;51;6.513036
62;60009;57003;59007;1.260123E-09;0.9999998;ОС-1:;состояние1_k-10.sig;1 дополнительное:;состояние2_k-23.sig;0;0.0005614376;6.955225;1;0.1995666;42;4.428959;7.154589;651;6.755658
62;60009;57003;59007;1.260123E-09;0.9999998;ОС-1:;состояние1_k-10.sig;1 дополнительное:;состояние2_k-24.sig;0;-0.0009605689;6.955225;1;0.104476;110;4.431241;7.059026;151;6.850749
62;60009;57003;59007;1.260123E-09;0.9999998;ОС-1:;состояние1_k-10.sig;1 дополнительное:;состояние2_k-25.sig;0;0;6.955225;1;0.1456892;15;4.429138;7.07722;51;6.809536
62;60009;57003;59007;1.260123E-09;0.9999998;ОС-1:;состояние1_k-10.sig;1 дополнительное:;состояние2_k-26.sig;0;0.0004210499;6.955225;1;0.1705043;7;4.428695;7.115574;101;6.78472
62;60009;57003;59007;1.260123E-09;0.9999998;ОС-1:;состояние1_k-10.sig;1 дополнительное:;состояние2_k-27.sig;0;-0.000281668;6.955225;1;0.1547512;408;4.430856;7.109593;501;6.800473
62;60009;57003;59007;1.260123E-09;0.9999998;ОС-1:;состояние1_k-10.sig;1 дополнительное:;состояние2_k-28.sig;0;-0.0007061894;6.955225;1;0.1082488;102;4.432726;7.06181;351;6.846976
62;60009;57003;59007;1.260123E-09;0.9999998;ОС-1:;состояние1_k-10.sig;1 дополнительное:;состояние2_k-29.sig;0;-0.0002829285;6.955225;1;0.04443819;679;4.431361;6.993035;751;6.910786
62;60009;57003;59007;1.260123E-09;0.9999998;ОС-1:;состояние1_k-10.sig;1 дополнительное:;состояние2_k-30.sig;0;0;6.955225;1;0.02484063;3;4.433784;6.931988;1;6.930384
62;60009;57003;59007;1.260123E-09;0.9999998;ОС-1:;состояние1_k-10.sig;1 дополнительное:;состояние2_k-31.sig;0;-0.0006431236;6.955225;1;0.08645903;223;4.425511;7.041109;401;6.868765
62;60009;57003;59007;1.260123E-09;0.9999998;ОС-1:;состояние1_k-10.sig;1 дополнительное:;состояние2_k-32.sig;0;-0.00155715;6.955225;1;0.1332791;55;4.425832;7.086808;101;6.821945
62;60009;57003;59007;1.260123E-09;0.9999998;ОС-1:;состояние1_k-10.sig;1 дополнительное:;состояние2_k-33.sig;0;-0.00161022;6.955225;1;0.1594338;685;4.427735;7.113214;351;6.795791
62;60009;57003;59007;1.260123E-09;0.9999998;ОС-1:;состояние1_k-10.sig;1 дополнительное:;состояние2_k-34.sig;0;-0.0007565378;6.955225;1;0.1621959;278;4.428984;7.10454;0;6.793029
62;60009;57003;59007;1.260123E-09;0.9999998;ОС-1:;состояние1_k-10.sig;1 дополнительное:;состояние2_k-35.sig;0;0;6.955225;1;0.141775;37;4.429043;7.096639;151;6.813449
62;60009;57003;59007;1.260123E-09;0.9999998;ОС-1:;состояние1_k-10.sig;1 дополнительное:;состояние2_k-36.sig;0;1.417875E-05;6.955225;1;0.1010508;226;4.428864;7.056275;101;6.854174
62;60009;57003;59007;1.260123E-09;0.9999998;ОС-1:;состояние1_k-10.sig;1 дополнительное:;состояние2_k-37.sig;0;-0.0002588372;6.955225;1;0.04660486;620;4.428916;7.001819;201;6.90862
62;60009;57003;59007;1.260123E-09;0.9999998;ОС-1:;состояние1_k-10.sig;1 дополнительное:;состояние2_k-38.sig;0;-0.0001150202;6.955225;1;0.03599909;39;4.429125;6.989085;1;6.919225
62;60009;57003;59007;1.260123E-09;0.9999998;ОС-1:;состояние1_k-10.sig;1 дополнительное:;состояние2_k-39.sig;0;0.0002636441;6.955225;1;0.1027704;340;4.429176;7.057073;301;6.852454
62;60009;57003;59007;1.260123E-09;0.9999998;ОС-1:;состояние1_k-10.sig;1 дополнительное:;состояние2_k-40.sig;0;4.209578E-09;6.955225;1;0.1706345;2;4.429586;7.115716;51;6.78459
62;60009;57003;59007;1.260123E-09;0.9999998;ОС-1:;состояние1_k-11.sig;1 дополнительное:;состояние2_k-21.sig;-0.1382897;0.008308657;6.683884;78;0.7869583;778;4.225649;7.463392;396;5.896925
62;60009;57003;59007;1.260123E-09;0.9999998;ОС-1:;состояние1_k-11.sig;1 дополнительное:;состояние2_k-22.sig;-0.1382897;0.005540639;6.683884;78;0.4421889;144;4.216832;7.111525;623;6.241695
62;60009;57003;59007;1.260123E-09;0.9999998;ОС-1:;состояние1_k-11.sig;1 дополнительное:;состояние2_k-23.sig;-0.1382897;0.0005614376;6.683884;78;0.1995666;42;4.21256;6.874466;214;6.484317
62;60009;57003;59007;1.260123E-09;0.9999998;ОС-1:;состояние1_k-11.sig;1 дополнительное:;состояние2_k-24.sig;-0.1382897;-0.0009605689;6.683884;78;0.104476;110;4.215967;6.786823;714;6.579408
62;60009;57003;59007;1.260123E-09;0.9999998;ОС-1:;состояние1_k-11.sig;1 дополнительное:;состояние2_k-25.sig;-0.1382897;0;6.683884;78;0.1456892;15;4.216634;6.827412;214;6.538195
62;60009;57003;59007;1.260123E-09;0.9999998;ОС-1:;состояние1_k-11.sig;1 дополнительное:;состояние2_k-26.sig;-0.1382897;0.0004210499;6.683884;78;0.1705043;7;4.21568;6.850948;123;6.51338
62;60009;57003;59007;1.260123E-09;0.9999998;ОС-1:;состояние1_k-11.sig;1 дополнительное:;состояние2_k-27.sig;-0.1382897;-0.000281668;6.683884;78;0.1547512;408;4.214872;6.83239;351;6.529132
62;60009;57003;59007;1.260123E-09;0.9999998;ОС-1:;состояние1_k-11.sig;1 дополнительное:;состояние2_k-28.sig;-0.1382897;-0.0007061894;6.683884;78;0.1082488;102;4.214228;6.788517;442;6.575635
62;60009;57003;59007;1.260123E-09;0.9999998;ОС-1:;состояние1_k-11.sig;1 дополнительное:;состояние2_k-29.sig;-0.1382897;-0.0002829285;6.683884;78;0.04443819;679;4.214091;6.726527;351;6.639445
62;60009;57003;59007;1.260123E-09;0.9999998;ОС-1:;состояние1_k-11.sig;1 дополнительное:;состояние2_k-30.sig;-0.1382897;0;6.683884;78;0.02484063;3;4.213377;6.708283;669;6.659043
62;60009;57003;59007;1.260123E-09;0.9999998;ОС-1:;состояние1_k-11.sig;1 дополнительное:;состояние2_k-31.sig;-0.1382897;-0.0006431236;6.683884;78;0.08645903;223;4.211858;6.770294;78;6.597425
62;60009;57003;59007;1.260123E-09;0.9999998;ОС-1:;состояние1_k-11.sig;1 дополнительное:;состояние2_k-32.sig;-0.1382897;-0.00155715;6.683884;78;0.1332791;55;4.21003;6.816457;305;6.550605
62;60009;57003;59007;1.260123E-09;0.9999998;ОС-1:;состояние1_k-11.sig;1 дополнительное:;состояние2_k-33.sig;-0.1382897;-0.00161022;6.683884;78;0.1594338;685;4.249145;6.52862;214;6.52445
62;60009;57003;59007;1.260123E-09;0.9999998;ОС-1:;состояние1_k-11.sig;1 дополнительное:;состояние2_k-34.sig;-0.1382897;-0.0007565378;6.683884;78;0.1621959;278;4.207916;6.845362;396;6.521688
62;60009;57003;59007;1.260123E-09;0.9999998;ОС-1:;состояние1_k-11.sig;1 дополнительное:;состояние2_k-35.sig;-0.1382897;0;6.683884;78;0.141775;37;4.209318;6.822966;123;6.542109
62;60009;57003;59007;1.260123E-09;0.9999998;ОС-1:;состояние1_k-11.sig;1 дополнительное:;состояние2_k-36.sig;-0.1382897;1.417875E-05;6.683884;78;0.1010508;226;4.211967;6.783265;351;6.582833
62;60009;57003;59007;1.260123E-09;0.9999998;ОС-1:;состояние1_k-11.sig;1 дополнительное:;состояние2_k-37.sig;-0.1382897;-0.0002588372;6.683884;78;0.04660486;620;4.213682;6.728563;214;6.637279
62;60009;57003;59007;1.260123E-09;0.9999998;ОС-1:;состояние1_k-11.sig;1 дополнительное:;состояние2_k-38.sig;-0.1382897;-0.0001150202;6.683884;78;0.03599909;39;4.213888;6.719631;78;6.647884
62;60009;57003;59007;1.260123E-09;0.9999998;ОС-1:;состояние1_k-11.sig;1 дополнительное:;состояние2_k-39.sig;-0.1382897;0.0002636441;6.683884;78;0.1027704;340;4.213642;6.782564;32;6.581113
62;60009;57003;59007;1.260123E-09;0.9999998;ОС-1:;состояние1_k-11.sig;1 дополнительное:;состояние2_k-40.sig;-0.1382897;4.209578E-09;6.683884;78;0.1706345;2;4.214252;6.85394;578;6.513249
62;60009;57003;59007;1.260123E-09;0.9999998;ОС-1:;состояние1_k-12.sig;1 дополнительное:;состояние2_k-21.sig;-0.1692305;0.008308657;6.263149;59;0.7869583;778;4.003091;7.042576;17;5.476191
62;60009;57003;59007;1.260123E-09;0.9999998;ОС-1:;состояние1_k-12.sig;1 дополнительное:;состояние2_k-22.sig;-0.1692305;0.005540639;6.263149;59;0.4421889;144;3.984747;6.69238;393;5.820961
62;60009;57003;59007;1.260123E-09;0.9999998;ОС-1:;состояние1_k-12.sig;1 дополнительное:;состояние2_k-23.sig;-0.1692305;0.0005614376;6.263149;59;0.1995666;42;3.979298;6.461686;434;6.063582
62;60009;57003;59007;1.260123E-09;0.9999998;ОС-1:;состояние1_k-12.sig;1 дополнительное:;состояние2_k-24.sig;-0.1692305;-0.0009605689;6.263149;59;0.104476;110;3.980131;6.281619;101;6.158673
62;60009;57003;59007;1.260123E-09;0.9999998;ОС-1:;состояние1_k-12.sig;1 дополнительное:;состояние2_k-25.sig;-0.1692305;0;6.263149;59;0.1456892;15;3.981282;6.403696;476;6.11746
62;60009;57003;59007;1.260123E-09;0.9999998;ОС-1:;состояние1_k-12.sig;1 дополнительное:;состояние2_k-26.sig;-0.1692305;0.0004210499;6.263149;59;0.1705043;7;3.981197;6.43156;142;6.092645
62;60009;57003;59007;1.260123E-09;0.9999998;ОС-1:;состояние1_k-12.sig;1 дополнительное:;состояние2_k-27.sig;-0.1692305;-0.000281668;6.263149;59;0.1547512;408;3.980951;6.410975;184;6.108398
62;60009;57003;59007;1.260123E-09;0.9999998;ОС-1:;состояние1_k-12.sig;1 дополнительное:;состояние2_k-28.sig;-0.1692305;-0.0007061894;6.263149;59;0.1082488;102;3.979728;6.367486;101;6.154901
62;60009;57003;59007;1.260123E-09;0.9999998;ОС-1:;состояние1_k-12.sig;1 дополнительное:;состояние2_k-29.sig;-0.1692305;-0.0002829285;6.263149;59;0.04443819;679;3.979408;6.307236;559;6.218711
62;60009;57003;59007;1.260123E-09;0.9999998;ОС-1:;состояние1_k-12.sig;1 дополнительное:;состояние2_k-30.sig;-0.1692305;0;6.263149;59;0.02484063;3;3.978756;6.285788;434;6.238308
62;60009;57003;59007;1.260123E-09;0.9999998;ОС-1:;состояние1_k-12.sig;1 дополнительное:;состояние2_k-31.sig;-0.1692305;-0.0006431236;6.263149;59;0.08645903;223;3.978845;6.347711;142;6.17669
62;60009;57003;59007;1.260123E-09;0.9999998;ОС-1:;состояние1_k-12.sig;1 дополнительное:;состояние2_k-32.sig;-0.1692305;-0.00155715;6.263149;59;0.1332791;55;3.97969;6.392483;226;6.12987
62;60009;57003;59007;1.260123E-09;0.9999998;ОС-1:;состояние1_k-12.sig;1 дополнительное:;состояние2_k-33.sig;-0.1692305;-0.00161022;6.263149;59;0.1594338;685;3.978875;6.419281;684;6.103715
62;60009;57003;59007;1.260123E-09;0.9999998;ОС-1:;состояние1_k-12.sig;1 дополнительное:;состояние2_k-34.sig;-0.1692305;-0.0007565378;6.263149;59;0.1621959;278;3.976635;6.422138;101;6.100954
62;60009;57003;59007;1.260123E-09;0.9999998;ОС-1:;состояние1_k-12.sig;1 дополнительное:;состояние2_k-35.sig;-0.1692305;0;6.263149;59;0.141775;37;3.974446;6.403968;309;6.121374
62;60009;57003;59007;1.260123E-09;0.9999998;ОС-1:;состояние1_k-12.sig;1 дополнительное:;состояние2_k-36.sig;-0.1692305;1.417875E-05;6.263149;59;0.1010508;226;4.000982;6.162358;59;6.162098
62;60009;57003;59007;1.260123E-09;0.9999998;ОС-1:;состояние1_k-12.sig;1 дополнительное:;состояние2_k-37.sig;-0.1692305;-0.0002588372;6.263149;59;0.04660486;620;3.977101;6.309704;309;6.216545
62;60009;57003;59007;1.260123E-09;0.9999998;ОС-1:;состояние1_k-12.sig;1 дополнительное:;состояние2_k-38.sig;-0.1692305;-0.0001150202;6.263149;59;0.03599909;39;3.980376;6.299089;434;6.22715
62;60009;57003;59007;1.260123E-09;0.9999998;ОС-1:;состояние1_k-12.sig;1 дополнительное:;состояние2_k-39.sig;-0.1692305;0.0002636441;6.263149;59;0.1027704;340;3.981776;6.362583;559;6.160379
62;60009;57003;59007;1.260123E-09;0.9999998;ОС-1:;состояние1_k-12.sig;1 дополнительное:;состояние2_k-40.sig;-0.1692305;4.209578E-09;6.263149;59;0.1706345;2;3.981862;6.421391;101;6.092515
62;60009;57003;59007;1.260123E-09;0.9999998;ОС-1:;состояние1_k-13.sig;1 дополнительное:;состояние2_k-21.sig;-0.1097449;0.008308657;5.722777;43;0.7869583;778;3.676479;6.502156;158;4.935819
62;60009;57003;59007;1.260123E-09;0.9999998;ОС-1:;состояние1_k-13.sig;1 дополнительное:;состояние2_k-22.sig;-0.1097449;0.005540639;5.722777;43;0.4421889;144;3.65088;6.16412;235;5.280589
62;60009;57003;59007;1.260123E-09;0.9999998;ОС-1:;состояние1_k-13.sig;1 дополнительное:;состояние2_k-23.sig;-0.1097449;0.0005614376;5.722777;43;0.1995666;42;3.638057;5.920983;389;5.523211
62;60009;57003;59007;1.260123E-09;0.9999998;ОС-1:;состояние1_k-13.sig;1 дополнительное:;состояние2_k-24.sig;-0.1097449;-0.0009605689;5.722777;43;0.104476;110;3.638114;5.826416;235;5.618301
62;60009;57003;59007;1.260123E-09;0.9999998;ОС-1:;состояние1_k-13.sig;1 дополнительное:;состояние2_k-25.sig;-0.1097449;0;5.722777;43;0.1456892;15;3.641619;5.866026;274;5.577088
62;60009;57003;59007;1.260123E-09;0.9999998;ОС-1:;состояние1_k-13.sig;1 дополнительное:;состояние2_k-26.sig;-0.1097449;0.0004210499;5.722777;43;0.1705043;7;3.641858;5.880682;697;5.552273
62;60009;57003;59007;1.260123E-09;0.9999998;ОС-1:;состояние1_k-13.sig;1 дополнительное:;состояние2_k-27.sig;-0.1097449;-0.000281668;5.722777;43;0.1547512;408;3.639254;5.871708;427;5.568026
62;60009;57003;59007;1.260123E-09;0.9999998;ОС-1:;состояние1_k-13.sig;1 дополнительное:;состояние2_k-28.sig;-0.1097449;-0.0007061894;5.722777;43;0.1082488;102;3.637081;5.830636;120;5.614529
62;60009;57003;59007;1.260123E-09;0.9999998;ОС-1:;состояние1_k-13.sig;1 дополнительное:;состояние2_k-29.sig;-0.1097449;-0.0002829285;5.722777;43;0.04443819;679;3.637464;5.764489;43;5.678339
62;60009;57003;59007;1.260123E-09;0.9999998;ОС-1:;состояние1_k-13.sig;1 дополнительное:;состояние2_k-30.sig;-0.1097449;0;5.722777;43;0.02484063;3;3.63755;5.74719;120;5.697937
62;60009;57003;59007;1.260123E-09;0.9999998;ОС-1:;состояние1_k-13.sig;1 дополнительное:;состояние2_k-31.sig;-0.1097449;-0.0006431236;5.722777;43;0.08645903;223;3.636576;5.80726;158;5.636318
62;60009;57003;59007;1.260123E-09;0.9999998;ОС-1:;состояние1_k-13.sig;1 дополнительное:;состояние2_k-32.sig;-0.1097449;-0.00155715;5.722777;43;0.1332791;55;3.636059;5.854039;774;5.589499
62;60009;57003;59007;1.260123E-09;0.9999998;ОС-1:;состояние1_k-13.sig;1 дополнительное:;состояние2_k-33.sig;-0.1097449;-0.00161022;5.722777;43;0.1594338;685;3.638127;5.876973;428;5.563344
62;60009;57003;59007;1.260123E-09;0.9999998;ОС-1:;состояние1_k-13.sig;1 дополнительное:;состояние2_k-34.sig;-0.1097449;-0.0007565378;5.722777;43;0.1621959;278;3.639657;5.884609;543;5.560582
62;60009;57003;59007;1.260123E-09;0.9999998;ОС-1:;состояние1_k-13.sig;1 дополнительное:;состояние2_k-35.sig;-0.1097449;0;5.722777;43;0.141775;37;3.639643;5.864172;466;5.581002
62;60009;57003;59007;1.260123E-09;0.9999998;ОС-1:;состояние1_k-13.sig;1 дополнительное:;состояние2_k-36.sig;-0.1097449;1.417875E-05;5.722777;43;0.1010508;226;3.637678;5.82105;351;5.621727
62;60009;57003;59007;1.260123E-09;0.9999998;ОС-1:;состояние1_k-13.sig;1 дополнительное:;состояние2_k-37.sig;-0.1097449;-0.0002588372;5.722777;43;0.04660486;620;3.636143;5.769027;120;5.676173
62;60009;57003;59007;1.260123E-09;0.9999998;ОС-1:;состояние1_k-13.sig;1 дополнительное:;состояние2_k-38.sig;-0.1097449;-0.0001150202;5.722777;43;0.03599909;39;3.638016;5.757832;697;5.686778
62;60009;57003;59007;1.260123E-09;0.9999998;ОС-1:;состояние1_k-13.sig;1 дополнительное:;состояние2_k-39.sig;-0.1097449;0.0002636441;5.722777;43;0.1027704;340;3.619687;5.812795;274;5.620007
62;60009;57003;59007;1.260123E-09;0.9999998;ОС-1:;состояние1_k-13.sig;1 дополнительное:;состояние2_k-40.sig;-0.1097449;4.209578E-09;5.722777;43;0.1706345;2;3.647766;5.877734;4;5.552143
62;60009;57003;59007;1.260123E-09;0.9999998;ОС-1:;состояние1_k-14.sig;1 дополнительное:;состояние2_k-21.sig;-0.03378846;0.008308657;5.095005;172;0.7869583;778;3.259161;5.875154;636;4.308046
62;60009;57003;59007;1.260123E-09;0.9999998;ОС-1:;состояние1_k-14.sig;1 дополнительное:;состояние2_k-22.sig;-0.03378846;0.005540639;5.095005;172;0.4421889;144;3.240591;5.528591;29;4.652816
62;60009;57003;59007;1.260123E-09;0.9999998;ОС-1:;состояние1_k-14.sig;1 дополнительное:;состояние2_k-23.sig;-0.03378846;0.0005614376;5.095005;172;0.1995666;42;3.226746;5.294191;672;4.895438
62;60009;57003;59007;1.260123E-09;0.9999998;ОС-1:;состояние1_k-14.sig;1 дополнительное:;состояние2_k-24.sig;-0.03378846;-0.0009605689;5.095005;172;0.104476;110;3.222757;5.199073;172;4.990529
62;60009;57003;59007;1.260123E-09;0.9999998;ОС-1:;состояние1_k-14.sig;1 дополнительное:;состояние2_k-25.sig;-0.03378846;0;5.095005;172;0.1456892;15;3.22505;5.240271;315;4.949316
62;60009;57003;59007;1.260123E-09;0.9999998;ОС-1:;состояние1_k-14.sig;1 дополнительное:;состояние2_k-26.sig;-0.03378846;0.0004210499;5.095005;172;0.1705043;7;3.227178;5.251672;101;4.9245
62;60009;57003;59007;1.260123E-09;0.9999998;ОС-1:;состояние1_k-14.sig;1 дополнительное:;состояние2_k-27.sig;-0.03378846;-0.000281668;5.095005;172;0.1547512;408;3.225497;5.248977;315;4.940253
62;60009;57003;59007;1.260123E-09;0.9999998;ОС-1:;состояние1_k-14.sig;1 дополнительное:;состояние2_k-28.sig;-0.03378846;-0.0007061894;5.095005;172;0.1082488;102;3.22359;5.200083;65;4.986756
62;60009;57003;59007;1.260123E-09;0.9999998;ОС-1:;состояние1_k-14.sig;1 дополнительное:;состояние2_k-29.sig;-0.03378846;-0.0002829285;5.095005;172;0.04443819;679;3.222499;5.137867;386;5.050566
62;60009;57003;59007;1.260123E-09;0.9999998;ОС-1:;состояние1_k-14.sig;1 дополнительное:;состояние2_k-30.sig;-0.03378846;0;5.095005;172;0.02484063;3;3.223001;5.118253;136;5.070164
62;60009;57003;59007;1.260123E-09;0.9999998;ОС-1:;состояние1_k-14.sig;1 дополнительное:;состояние2_k-31.sig;-0.03378846;-0.0006431236;5.095005;172;0.08645903;223;3.2232;5.180765;529;5.008545
62;60009;57003;59007;1.260123E-09;0.9999998;ОС-1:;состояние1_k-14.sig;1 дополнительное:;состояние2_k-32.sig;-0.03378846;-0.00155715;5.095005;172;0.1332791;55;3.221647;5.223845;493;4.961725
62;60009;57003;59007;1.260123E-09;0.9999998;ОС-1:;состояние1_k-14.sig;1 дополнительное:;состояние2_k-33.sig;-0.03378846;-0.00161022;5.095005;172;0.1594338;685;3.221813;5.252503;458;4.935571
62;60009;57003;59007;1.260123E-09;0.9999998;ОС-1:;состояние1_k-14.sig;1 дополнительное:;состояние2_k-34.sig;-0.03378846;-0.0007565378;5.095005;172;0.1621959;278;3.223254;5.252984;29;4.932809
62;60009;57003;59007;1.260123E-09;0.9999998;ОС-1:;состояние1_k-14.sig;1 дополнительное:;состояние2_k-35.sig;-0.03378846;0;5.095005;172;0.141775;37;3.223538;5.235076;65;4.953229
62;60009;57003;59007;1.260123E-09;0.9999998;ОС-1:;состояние1_k-14.sig;1 дополнительное:;состояние2_k-36.sig;-0.03378846;1.417875E-05;5.095005;172;0.1010508;226;3.223901;5.192373;101;4.993954
62;60009;57003;59007;1.260123E-09;0.9999998;ОС-1:;состояние1_k-14.sig;1 дополнительное:;состояние2_k-37.sig;-0.03378846;-0.0002588372;5.095005;172;0.04660486;620;3.222991;5.14004;565;5.0484
62;60009;57003;59007;1.260123E-09;0.9999998;ОС-1:;состояние1_k-14.sig;1 дополнительное:;состояние2_k-38.sig;-0.03378846;-0.0001150202;5.095005;172;0.03599909;39;3.222459;5.130464;65;5.059005
62;60009;57003;59007;1.260123E-09;0.9999998;ОС-1:;состояние1_k-14.sig;1 дополнительное:;состояние2_k-39.sig;-0.03378846;0.0002636441;5.095005;172;0.1027704;340;3.223986;5.192364;136;4.992234
62;60009;57003;59007;1.260123E-09;0.9999998;ОС-1:;состояние1_k-14.sig;1 дополнительное:;состояние2_k-40.sig;-0.03378846;4.209578E-09;5.095005;172;0.1706345;2;3.227704;5.266281;315;4.92437
62;60009;57003;59007;1.260123E-09;0.9999998;ОС-1:;состояние1_k-15.sig;1 дополнительное:;состояние2_k-21.sig;0;0.008308657;4.412145;84;0.7869583;778;2.836812;5.131886;418;3.625187
62;60009;57003;59007;1.260123E-09;0.9999998;ОС-1:;состояние1_k-15.sig;1 дополнительное:;состояние2_k-22.sig;0;0.005540639;4.412145;84;0.4421889;144;2.823466;4.850587;484;3.969956
62;60009;57003;59007;1.260123E-09;0.9999998;ОС-1:;состояние1_k-15.sig;1 дополнительное:;состояние2_k-23.sig;0;0.0005614376;4.412145;84;0.1995666;42;2.814093;4.607361;151;4.212578
62;60009;57003;59007;1.260123E-09;0.9999998;ОС-1:;состояние1_k-15.sig;1 дополнительное:;состояние2_k-24.sig;0;-0.0009605689;4.412145;84;0.104476;110;2.809678;4.514023;317;4.307669
62;60009;57003;59007;1.260123E-09;0.9999998;ОС-1:;состояние1_k-15.sig;1 дополнительное:;состояние2_k-25.sig;0;0;4.412145;84;0.1456892;15;2.809547;4.529993;51;4.266456
62;60009;57003;59007;1.260123E-09;0.9999998;ОС-1:;состояние1_k-15.sig;1 дополнительное:;состояние2_k-26.sig;0;0.0004210499;4.412145;84;0.1705043;7;2.811114;4.582626;584;4.241641
62;60009;57003;59007;1.260123E-09;0.9999998;ОС-1:;состояние1_k-15.sig;1 дополнительное:;состояние2_k-27.sig;0;-0.000281668;4.412145;84;0.1547512;408;2.81115;4.55997;184;4.257394
62;60009;57003;59007;1.260123E-09;0.9999998;ОС-1:;состояние1_k-15.sig;1 дополнительное:;состояние2_k-28.sig;0;-0.0007061894;4.412145;84;0.1082488;102;2.810086;4.520361;84;4.303896
62;60009;57003;59007;1.260123E-09;0.9999998;ОС-1:;состояние1_k-15.sig;1 дополнительное:;состояние2_k-29.sig;0;-0.0002829285;4.412145;84;0.04443819;679;2.809331;4.454816;284;4.367707
62;60009;57003;59007;1.260123E-09;0.9999998;ОС-1:;состояние1_k-15.sig;1 дополнительное:;состояние2_k-30.sig;0;0;4.412145;84;0.02484063;3;2.809257;4.434783;84;4.387304
62;60009;57003;59007;1.260123E-09;0.9999998;ОС-1:;состояние1_k-15.sig;1 дополнительное:;состояние2_k-31.sig;0;-0.0006431236;4.412145;84;0.08645903;223;2.809328;4.498477;384;4.325686
62;60009;57003;59007;1.260123E-09;0.9999998;ОС-1:;состояние1_k-15.sig;1 дополнительное:;состояние2_k-32.sig;0;-0.00155715;4.412145;84;0.1332791;55;2.809823;4.544757;117;4.278866
62;60009;57003;59007;1.260123E-09;0.9999998;ОС-1:;состояние1_k-15.sig;1 дополнительное:;состояние2_k-33.sig;0;-0.00161022;4.412145;84;0.1594338;685;2.810189;4.56142;217;4.252711
62;60009;57003;59007;1.260123E-09;0.9999998;ОС-1:;состояние1_k-15.sig;1 дополнительное:;состояние2_k-34.sig;0;-0.0007565378;4.412145;84;0.1621959;278;2.810163;4.571867;617;4.249949
62;60009;57003;59007;1.260123E-09;0.9999998;ОС-1:;состояние1_k-15.sig;1 дополнительное:;состояние2_k-35.sig;0;0;4.412145;84;0.141775;37;2.810835;4.508543;83;4.27037
62;60009;57003;59007;1.260123E-09;0.9999998;ОС-1:;состояние1_k-15.sig;1 дополнительное:;состояние2_k-36.sig;0;1.417875E-05;4.412145;84;0.1010508;226;2.808973;4.512936;684;4.311094
62;60009;57003;59007;1.260123E-09;0.9999998;ОС-1:;состояние1_k-15.sig;1 дополнительное:;состояние2_k-37.sig;0;-0.0002588372;4.412145;84;0.04660486;620;2.808982;4.45843;417;4.365541
62;60009;57003;59007;1.260123E-09;0.9999998;ОС-1:;состояние1_k-15.sig;1 дополнительное:;состояние2_k-38.sig;0;-0.0001150202;4.412145;84;0.03599909;39;2.809616;4.448085;684;4.376146
62;60009;57003;59007;1.260123E-09;0.9999998;ОС-1:;состояние1_k-15.sig;1 дополнительное:;состояние2_k-39.sig;0;0.0002636441;4.412145;84;0.1027704;340;2.810074;4.500823;184;4.309375
62;60009;57003;59007;1.260123E-09;0.9999998;ОС-1:;состояние1_k-15.sig;1 дополнительное:;состояние2_k-40.sig;0;4.209578E-09;4.412145;84;0.1706345;2;2.809993;4.568488;51;4.241511
62;60009;57003;59007;1.260123E-09;0.9999998;ОС-1:;состояние1_k-16.sig;1 дополнительное:;состояние2_k-21.sig;-0.01176802;0.008308657;3.707611;69;0.7869583;778;2.400155;4.489155;350;2.920653
62;60009;57003;59007;1.260123E-09;0.9999998;ОС-1:;состояние1_k-16.sig;1 дополнительное:;состояние2_k-22.sig;-0.01176802;0.005540639;3.707611;69;0.4421889;144;2.389743;4.146954;257;3.265422
62;60009;57003;59007;1.260123E-09;0.9999998;ОС-1:;состояние1_k-16.sig;1 дополнительное:;состояние2_k-23.sig;-0.01176802;0.0005614376;3.707611;69;0.1995666;42;2.385819;3.907121;194;3.508044
62;60009;57003;59007;1.260123E-09;0.9999998;ОС-1:;состояние1_k-16.sig;1 дополнительное:;состояние2_k-24.sig;-0.01176802;-0.0009605689;3.707611;69;0.104476;110;2.380032;3.809777;7;3.603135
62;60009;57003;59007;1.260123E-09;0.9999998;ОС-1:;состояние1_k-16.sig;1 дополнительное:;состояние2_k-25.sig;-0.01176802;0;3.707611;69;0.1456892;15;2.377681;3.852606;194;3.561922
62;60009;57003;59007;1.260123E-09;0.9999998;ОС-1:;состояние1_k-16.sig;1 дополнительное:;состояние2_k-26.sig;-0.01176802;0.0004210499;3.707611;69;0.1705043;7;2.378986;3.877162;257;3.537107
62;60009;57003;59007;1.260123E-09;0.9999998;ОС-1:;состояние1_k-16.sig;1 дополнительное:;состояние2_k-27.sig;-0.01176802;-0.000281668;3.707611;69;0.1547512;408;2.381127;3.862739;38;3.55286
62;60009;57003;59007;1.260123E-09;0.9999998;ОС-1:;состояние1_k-16.sig;1 дополнительное:;состояние2_k-28.sig;-0.01176802;-0.0007061894;3.707611;69;0.1082488;102;2.381069;3.809252;101;3.599362
62;60009;57003;59007;1.260123E-09;0.9999998;ОС-1:;состояние1_k-16.sig;1 дополнительное:;состояние2_k-29.sig;-0.01176802;-0.0002829285;3.707611;69;0.04443819;679;2.378992;3.751609;163;3.663173
62;60009;57003;59007;1.260123E-09;0.9999998;ОС-1:;состояние1_k-16.sig;1 дополнительное:;состояние2_k-30.sig;-0.01176802;0;3.707611;69;0.02484063;3;2.378243;3.732303;319;3.68277
62;60009;57003;59007;1.260123E-09;0.9999998;ОС-1:;состояние1_k-16.sig;1 дополнительное:;состояние2_k-31.sig;-0.01176802;-0.0006431236;3.707611;69;0.08645903;223;2.378904;3.794362;288;3.621152
62;60009;57003;59007;1.260123E-09;0.9999998;ОС-1:;состояние1_k-16.sig;1 дополнительное:;состояние2_k-32.sig;-0.01176802;-0.00155715;3.707611;69;0.1332791;55;2.37992;3.837004;7;3.574332
62;60009;57003;59007;1.260123E-09;0.9999998;ОС-1:;состояние1_k-16.sig;1 дополнительное:;состояние2_k-33.sig;-0.01176802;-0.00161022;3.707611;69;0.1594338;685;2.378791;3.865847;413;3.548177
62;60009;57003;59007;1.260123E-09;0.9999998;ОС-1:;состояние1_k-16.sig;1 дополнительное:;состояние2_k-34.sig;-0.01176802;-0.0007565378;3.707611;69;0.1621959;278;2.378071;3.864565;382;3.545415
62;60009;57003;59007;1.260123E-09;0.9999998;ОС-1:;состояние1_k-16.sig;1 дополнительное:;состояние2_k-35.sig;-0.01176802;0;3.707611;69;0.141775;37;2.3782;3.849276;194;3.565836
62;60009;57003;59007;1.260123E-09;0.9999998;ОС-1:;состояние1_k-16.sig;1 дополнительное:;состояние2_k-36.sig;-0.01176802;1.417875E-05;3.707611;69;0.1010508;226;2.379193;3.803718;226;3.60656
62;60009;57003;59007;1.260123E-09;0.9999998;ОС-1:;состояние1_k-16.sig;1 дополнительное:;состояние2_k-37.sig;-0.01176802;-0.0002588372;3.707611;69;0.04660486;620;2.378836;3.754076;444;3.661006
62;60009;57003;59007;1.260123E-09;0.9999998;ОС-1:;состояние1_k-16.sig;1 дополнительное:;состояние2_k-38.sig;-0.01176802;-0.0001150202;3.707611;69;0.03599909;39;2.378111;3.743237;38;3.671612
62;60009;57003;59007;1.260123E-09;0.9999998;ОС-1:;состояние1_k-16.sig;1 дополнительное:;состояние2_k-39.sig;-0.01176802;0.0002636441;3.707611;69;0.1027704;340;2.378208;3.809451;288;3.604841
62;60009;57003;59007;1.260123E-09;0.9999998;ОС-1:;состояние1_k-16.sig;1 дополнительное:;состояние2_k-40.sig;-0.01176802;4.209578E-09;3.707611;69;0.1706345;2;2.379372;3.863158;101;3.536977
62;60009;57003;59007;1.260123E-09;0.9999998;ОС-1:;состояние1_k-17.sig;1 дополнительное:;состояние2_k-21.sig;-0.03427864;0.008308657;3.012864;468;0.7869583;778;1.959155;3.798388;468;2.225905
62;60009;57003;59007;1.260123E-09;0.9999998;ОС-1:;состояние1_k-17.sig;1 дополнительное:;состояние2_k-22.sig;-0.03427864;0.005540639;3.012864;468;0.4421889;144;1.930949;3.451095;144;2.570675
62;60009;57003;59007;1.260123E-09;0.9999998;ОС-1:;состояние1_k-17.sig;1 дополнительное:;состояние2_k-23.sig;-0.03427864;0.0005614376;3.012864;468;0.1995666;42;1.928524;3.20982;86;2.813297
62;60009;57003;59007;1.260123E-09;0.9999998;ОС-1:;состояние1_k-17.sig;1 дополнительное:;состояние2_k-24.sig;-0.03427864;-0.0009605689;3.012864;468;0.104476;110;1.926555;3.116804;27;2.908388
62;60009;57003;59007;1.260123E-09;0.9999998;ОС-1:;состояние1_k-17.sig;1 дополнительное:;состояние2_k-25.sig;-0.03427864;0;3.012864;468;0.1456892;15;1.922519;3.158474;115;2.867175
62;60009;57003;59007;1.260123E-09;0.9999998;ОС-1:;состояние1_k-17.sig;1 дополнительное:;состояние2_k-26.sig;-0.03427864;0.0004210499;3.012864;468;0.1705043;7;1.921581;3.18144;527;2.84236
62;60009;57003;59007;1.260123E-09;0.9999998;ОС-1:;состояние1_k-17.sig;1 дополнительное:;состояние2_k-27.sig;-0.03427864;-0.000281668;3.012864;468;0.1547512;408;1.923754;3.166543;56;2.858113
62;60009;57003;59007;1.260123E-09;0.9999998;ОС-1:;состояние1_k-17.sig;1 дополнительное:;состояние2_k-28.sig;-0.03427864;-0.0007061894;3.012864;468;0.1082488;102;1.925024;3.120362;674;2.904615
62;60009;57003;59007;1.260123E-09;0.9999998;ОС-1:;состояние1_k-17.sig;1 дополнительное:;состояние2_k-29.sig;-0.03427864;-0.0002829285;3.012864;468;0.04443819;679;1.923848;3.053585;350;2.968426
62;60009;57003;59007;1.260123E-09;0.9999998;ОС-1:;состояние1_k-17.sig;1 дополнительное:;состояние2_k-30.sig;-0.03427864;0;3.012864;468;0.02484063;3;1.922151;3.036122;203;2.988023
62;60009;57003;59007;1.260123E-09;0.9999998;ОС-1:;состояние1_k-17.sig;1 дополнительное:;состояние2_k-31.sig;-0.03427864;-0.0006431236;3.012864;468;0.08645903;223;1.923006;3.098531;174;2.926405
62;60009;57003;59007;1.260123E-09;0.9999998;ОС-1:;состояние1_k-17.sig;1 дополнительное:;состояние2_k-32.sig;-0.03427864;-0.00155715;3.012864;468;0.1332791;55;1.923998;3.144052;86;2.879585
62;60009;57003;59007;1.260123E-09;0.9999998;ОС-1:;состояние1_k-17.sig;1 дополнительное:;состояние2_k-33.sig;-0.03427864;-0.00161022;3.012864;468;0.1594338;685;1.923899;3.171846;321;2.85343
62;60009;57003;59007;1.260123E-09;0.9999998;ОС-1:;состояние1_k-17.sig;1 дополнительное:;состояние2_k-34.sig;-0.03427864;-0.0007565378;3.012864;468;0.1621959;278;1.924617;3.171042;527;2.850668
62;60009;57003;59007;1.260123E-09;0.9999998;ОС-1:;состояние1_k-17.sig;1 дополнительное:;состояние2_k-35.sig;-0.03427864;0;3.012864;468;0.141775;37;1.922072;3.153732;380;2.871089
62;60009;57003;59007;1.260123E-09;0.9999998;ОС-1:;состояние1_k-17.sig;1 дополнительное:;состояние2_k-36.sig;-0.03427864;1.417875E-05;3.012864;468;0.1010508;226;1.922089;3.113795;615;2.911813
62;60009;57003;59007;1.260123E-09;0.9999998;ОС-1:;состояние1_k-17.sig;1 дополнительное:;состояние2_k-37.sig;-0.03427864;-0.0002588372;3.012864;468;0.04660486;620;1.923089;3.059264;174;2.966259
62;60009;57003;59007;1.260123E-09;0.9999998;ОС-1:;состояние1_k-17.sig;1 дополнительное:;состояние2_k-38.sig;-0.03427864;-0.0001150202;3.012864;468;0.03599909;39;1.922557;3.048077;762;2.976865
62;60009;57003;59007;1.260123E-09;0.9999998;ОС-1:;состояние1_k-17.sig;1 дополнительное:;состояние2_k-39.sig;-0.03427864;0.0002636441;3.012864;468;0.1027704;340;1.921632;3.114101;174;2.910094
62;60009;57003;59007;1.260123E-09;0.9999998;ОС-1:;состояние1_k-17.sig;1 дополнительное:;состояние2_k-40.sig;-0.03427864;4.209578E-09;3.012864;468;0.1706345;2;1.921707;3.184484;115;2.842229
62;60009;57003;59007;1.260123E-09;0.9999998;ОС-1:;состояние1_k-18.sig;1 дополнительное:;состояние2_k-21.sig;-0.0374528;0.008308657;2.35319;378;0.7869583;778;1.571119;3.136872;350;1.566232
62;60009;57003;59007;1.260123E-09;0.9999998;ОС-1:;состояние1_k-18.sig;1 дополнительное:;состояние2_k-22.sig;-0.0374528;0.005540639;2.35319;378;0.4421889;144;1.514017;2.788964;212;1.911001
62;60009;57003;59007;1.260123E-09;0.9999998;ОС-1:;состояние1_k-18.sig;1 дополнительное:;состояние2_k-23.sig;-0.0374528;0.0005614376;2.35319;378;0.1995666;42;1.501529;2.550884;128;2.153623
62;60009;57003;59007;1.260123E-09;0.9999998;ОС-1:;состояние1_k-18.sig;1 дополнительное:;состояние2_k-24.sig;-0.0374528;-0.0009605689;2.35319;378;0.104476;110;1.500888;2.44835;45;2.248714
62;60009;57003;59007;1.260123E-09;0.9999998;ОС-1:;состояние1_k-18.sig;1 дополнительное:;состояние2_k-25.sig;-0.0374528;0;2.35319;378;0.1456892;15;1.49932;2.497439;295;2.207501
62;60009;57003;59007;1.260123E-09;0.9999998;ОС-1:;состояние1_k-18.sig;1 дополнительное:;состояние2_k-26.sig;-0.0374528;0.0004210499;2.35319;378;0.1705043;7;1.497621;2.519827;239;2.182686
62;60009;57003;59007;1.260123E-09;0.9999998;ОС-1:;состояние1_k-18.sig;1 дополнительное:;состояние2_k-27.sig;-0.0374528;-0.000281668;2.35319;378;0.1547512;408;1.498218;2.498685;295;2.198439
62;60009;57003;59007;1.260123E-09;0.9999998;ОС-1:;состояние1_k-18.sig;1 дополнительное:;состояние2_k-28.sig;-0.0374528;-0.0007061894;2.35319;378;0.1082488;102;1.498945;2.460538;156;2.244941
62;60009;57003;59007;1.260123E-09;0.9999998;ОС-1:;состояние1_k-18.sig;1 дополнительное:;состояние2_k-29.sig;-0.0374528;-0.0002829285;2.35319;378;0.04443819;679;1.498717;2.397277;489;2.308752
62;60009;57003;59007;1.260123E-09;0.9999998;ОС-1:;состояние1_k-18.sig;1 дополнительное:;состояние2_k-30.sig;-0.0374528;0;2.35319;378;0.02484063;3;1.497499;2.374511;239;2.328349
62;60009;57003;59007;1.260123E-09;0.9999998;ОС-1:;состояние1_k-18.sig;1 дополнительное:;состояние2_k-31.sig;-0.0374528;-0.0006431236;2.35319;378;0.08645903;223;1.497183;2.439363;739;2.266731
62;60009;57003;59007;1.260123E-09;0.9999998;ОС-1:;состояние1_k-18.sig;1 дополнительное:;состояние2_k-32.sig;-0.0374528;-0.00155715;2.35319;378;0.1332791;55;1.49763;2.484501;461;2.219911
62;60009;57003;59007;1.260123E-09;0.9999998;ОС-1:;состояние1_k-18.sig;1 дополнительное:;состояние2_k-33.sig;-0.0374528;-0.00161022;2.35319;378;0.1594338;685;1.498828;2.509038;489;2.193756
62;60009;57003;59007;1.260123E-09;0.9999998;ОС-1:;состояние1_k-18.sig;1 дополнительное:;состояние2_k-34.sig;-0.0374528;-0.0007565378;2.35319;378;0.1621959;278;1.499197;2.51207;72;2.190994
62;60009;57003;59007;1.260123E-09;0.9999998;ОС-1:;состояние1_k-18.sig;1 дополнительное:;состояние2_k-35.sig;-0.0374528;0;2.35319;378;0.141775;37;1.49835;2.491256;295;2.211415
62;60009;57003;59007;1.260123E-09;0.9999998;ОС-1:;состояние1_k-18.sig;1 дополнительное:;состояние2_k-36.sig;-0.0374528;1.417875E-05;2.35319;378;0.1010508;226;1.498686;2.45304;267;2.252139
62;60009;57003;59007;1.260123E-09;0.9999998;ОС-1:;состояние1_k-18.sig;1 дополнительное:;состояние2_k-37.sig;-0.0374528;-0.0002588372;2.35319;378;0.04660486;620;1.497791;2.398812;350;2.306585
62;60009;57003;59007;1.260123E-09;0.9999998;ОС-1:;состояние1_k-18.sig;1 дополнительное:;состояние2_k-38.sig;-0.0374528;-0.0001150202;2.35319;378;0.03599909;39;1.497813;2.386483;156;2.317191
62;60009;57003;59007;1.260123E-09;0.9999998;ОС-1:;состояние1_k-18.sig;1 дополнительное:;состояние2_k-39.sig;-0.0374528;0.0002636441;2.35319;378;0.1027704;340;1.497778;2.455279;378;2.25042
62;60009;57003;59007;1.260123E-09;0.9999998;ОС-1:;состояние1_k-18.sig;1 дополнительное:;состояние2_k-40.sig;-0.0374528;4.209578E-09;2.35319;378;0.1706345;2;1.498378;2.523246;128;2.182555
62;60009;57003;59007;1.260123E-09;0.9999998;ОС-1:;состояние1_k-19.sig;1 дополнительное:;состояние2_k-21.sig;-0.02000976;0.008308657;1.751801;508;0.7869583;778;1.247968;2.536944;87;0.964843
62;60009;57003;59007;1.260123E-09;0.9999998;ОС-1:;состояние1_k-19.sig;1 дополнительное:;состояние2_k-22.sig;-0.02000976;0.005540639;1.751801;508;0.4421889;144;1.154855;2.193537;8;1.309613
62;60009;57003;59007;1.260123E-09;0.9999998;ОС-1:;состояние1_k-19.sig;1 дополнительное:;состояние2_k-23.sig;-0.02000976;0.0005614376;1.751801;508;0.1995666;42;1.123519;1.949905;455;1.552235
62;60009;57003;59007;1.260123E-09;0.9999998;ОС-1:;состояние1_k-19.sig;1 дополнительное:;состояние2_k-24.sig;-0.02000976;-0.0009605689;1.751801;508;0.104476;110;1.12127;1.853462;692;1.647325
62;60009;57003;59007;1.260123E-09;0.9999998;ОС-1:;состояние1_k-19.sig;1 дополнительное:;состояние2_k-25.sig;-0.02000976;0;1.751801;508;0.1456892;15;1.123656;1.895753;34;1.606112
62;60009;57003;59007;1.260123E-09;0.9999998;ОС-1:;состояние1_k-19.sig;1 дополнительное:;состояние2_k-26.sig;-0.02000976;0.0004210499;1.751801;508;0.1705043;7;1.122438;1.919899;8;1.581297
62;60009;57003;59007;1.260123E-09;0.9999998;ОС-1:;состояние1_k-19.sig;1 дополнительное:;состояние2_k-27.sig;-0.02000976;-0.000281668;1.751801;508;0.1547512;408;1.120569;1.905098;482;1.59705
62;60009;57003;59007;1.260123E-09;0.9999998;ОС-1:;состояние1_k-19.sig;1 дополнительное:;состояние2_k-28.sig;-0.02000976;-0.0007061894;1.751801;508;0.1082488;102;1.120283;1.859604;745;1.643553
62;60009;57003;59007;1.260123E-09;0.9999998;ОС-1:;состояние1_k-19.sig;1 дополнительное:;состояние2_k-29.sig;-0.02000976;-0.0002829285;1.751801;508;0.04443819;679;1.120733;1.794765;455;1.707363
62;60009;57003;59007;1.260123E-09;0.9999998;ОС-1:;состояние1_k-19.sig;1 дополнительное:;состояние2_k-30.sig;-0.02000976;0;1.751801;508;0.02484063;3;1.120223;1.77633;87;1.726961
62;60009;57003;59007;1.260123E-09;0.9999998;ОС-1:;состояние1_k-19.sig;1 дополнительное:;состояние2_k-31.sig;-0.02000976;-0.0006431236;1.751801;508;0.08645903;223;1.119654;1.835534;61;1.665342
62;60009;57003;59007;1.260123E-09;0.9999998;ОС-1:;состояние1_k-19.sig;1 дополнительное:;состояние2_k-32.sig;-0.02000976;-0.00155715;1.751801;508;0.1332791;55;1.11986;1.88509;508;1.618522
62;60009;57003;59007;1.260123E-09;0.9999998;ОС-1:;состояние1_k-19.sig;1 дополнительное:;состояние2_k-33.sig;-0.02000976;-0.00161022;1.751801;508;0.1594338;685;1.121222;1.909636;245;1.592368
62;60009;57003;59007;1.260123E-09;0.9999998;ОС-1:;состояние1_k-19.sig;1 дополнительное:;состояние2_k-34.sig;-0.02000976;-0.0007565378;1.751801;508;0.1621959;278;1.122079;1.913788;87;1.589605
62;60009;57003;59007;1.260123E-09;0.9999998;ОС-1:;состояние1_k-19.sig;1 дополнительное:;состояние2_k-35.sig;-0.02000976;0;1.751801;508;0.141775;37;1.121614;1.892825;8;1.610026
62;60009;57003;59007;1.260123E-09;0.9999998;ОС-1:;состояние1_k-19.sig;1 дополнительное:;состояние2_k-36.sig;-0.02000976;1.417875E-05;1.751801;508;0.1010508;226;1.120867;1.852761;587;1.650751
62;60009;57003;59007;1.260123E-09;0.9999998;ОС-1:;состояние1_k-19.sig;1 дополнительное:;состояние2_k-37.sig;-0.02000976;-0.0002588372;1.751801;508;0.04660486;620;1.120169;1.795724;376;1.705196
62;60009;57003;59007;1.260123E-09;0.9999998;ОС-1:;состояние1_k-19.sig;1 дополнительное:;состояние2_k-38.sig;-0.02000976;-0.0001150202;1.751801;508;0.03599909;39;1.120499;1.768319;482;1.715802
62;60009;57003;59007;1.260123E-09;0.9999998;ОС-1:;состояние1_k-19.sig;1 дополнительное:;состояние2_k-39.sig;-0.02000976;0.0002636441;1.751801;508;0.1027704;340;1.121063;1.852636;455;1.649031
62;60009;57003;59007;1.260123E-09;0.9999998;ОС-1:;состояние1_k-19.sig;1 дополнительное:;состояние2_k-40.sig;-0.02000976;4.209578E-09;1.751801;508;0.1706345;2;1.121397;1.921021;140;1.581167
62;60009;57003;59007;1.260123E-09;0.9999998;ОС-1:;состояние1_k-20.sig;1 дополнительное:;состояние2_k-21.sig;0;0.008308657;1.225565;25;0.7869583;778;0.9806991;2.010144;350;0.4386063
62;60009;57003;59007;1.260123E-09;0.9999998;ОС-1:;состояние1_k-20.sig;1 дополнительное:;состояние2_k-22.sig;0;0.005540639;1.225565;25;0.4421889;144;0.8448048;1.664695;75;0.7833757
62;60009;57003;59007;1.260123E-09;0.9999998;ОС-1:;состояние1_k-20.sig;1 дополнительное:;состояние2_k-23.sig;0;0.0005614376;1.225565;25;0.1995666;42;0.7880738;1.4248;325;1.025998
62;60009;57003;59007;1.260123E-09;0.9999998;ОС-1:;состояние1_k-20.sig;1 дополнительное:;состояние2_k-24.sig;0;-0.0009605689;1.225565;25;0.104476;110;0.7775104;1.326394;150;1.121089
62;60009;57003;59007;1.260123E-09;0.9999998;ОС-1:;состояние1_k-20.sig;1 дополнительное:;состояние2_k-25.sig;0;0;1.225565;25;0.1456892;15;0.7831227;1.371254;75;1.079875
62;60009;57003;59007;1.260123E-09;0.9999998;ОС-1:;состояние1_k-20.sig;1 дополнительное:;состояние2_k-26.sig;0;0.0004210499;1.225565;25;0.1705043;7;0.7853143;1.394884;200;1.05506
62;60009;57003;59007;1.260123E-09;0.9999998;ОС-1:;состояние1_k-20.sig;1 дополнительное:;состояние2_k-27.sig;0;-0.000281668;1.225565;25;0.1547512;408;0.782465;1.380057;575;1.070813
62;60009;57003;59007;1.260123E-09;0.9999998;ОС-1:;состояние1_k-20.sig;1 дополнительное:;состояние2_k-28.sig;0;-0.0007061894;1.225565;25;0.1082488;102;0.7796292;1.327196;100;1.117316
62;60009;57003;59007;1.260123E-09;0.9999998;ОС-1:;состояние1_k-20.sig;1 дополнительное:;состояние2_k-29.sig;0;-0.0002829285;1.225565;25;0.04443819;679;0.7799845;1.269931;300;1.181126
62;60009;57003;59007;1.260123E-09;0.9999998;ОС-1:;состояние1_k-20.sig;1 дополнительное:;состояние2_k-30.sig;0;0;1.225565;25;0.02484063;3;0.7807323;1.246742;0;1.200724
62;60009;57003;59007;1.260123E-09;0.9999998;ОС-1:;состояние1_k-20.sig;1 дополнительное:;состояние2_k-31.sig;0;-0.0006431236;1.225565;25;0.08645903;223;0.7798278;1.311763;175;1.139106
62;60009;57003;59007;1.260123E-09;0.9999998;ОС-1:;состояние1_k-20.sig;1 дополнительное:;состояние2_k-32.sig;0;-0.00155715;1.225565;25;0.1332791;55;0.7793357;1.354143;150;1.092286
62;60009;57003;59007;1.260123E-09;0.9999998;ОС-1:;состояние1_k-20.sig;1 дополнительное:;состояние2_k-33.sig;0;-0.00161022;1.225565;25;0.1594338;685;0.7803491;1.384937;200;1.066131
62;60009;57003;59007;1.260123E-09;0.9999998;ОС-1:;состояние1_k-20.sig;1 дополнительное:;состояние2_k-34.sig;0;-0.0007565378;1.225565;25;0.1621959;278;0.7822809;1.387756;175;1.063369
62;60009;57003;59007;1.260123E-09;0.9999998;ОС-1:;состояние1_k-20.sig;1 дополнительное:;состояние2_k-35.sig;0;0;1.225565;25;0.141775;37;0.7831461;1.361349;150;1.08379
62;60009;57003;59007;1.260123E-09;0.9999998;ОС-1:;состояние1_k-20.sig;1 дополнительное:;состояние2_k-36.sig;0;1.417875E-05;1.225565;25;0.1010508;226;0.7814376;1.318621;74;1.124514
62;60009;57003;59007;1.260123E-09;0.9999998;ОС-1:;состояние1_k-20.sig;1 дополнительное:;состояние2_k-37.sig;0;-0.0002588372;1.225565;25;0.04660486;620;0.7801611;1.272084;350;1.17896
62;60009;57003;59007;1.260123E-09;0.9999998;ОС-1:;состояние1_k-20.sig;1 дополнительное:;состояние2_k-38.sig;0;-0.0001150202;1.225565;25;0.03599909;39;0.7805427;1.261355;250;1.189566
62;60009;57003;59007;1.260123E-09;0.9999998;ОС-1:;состояние1_k-20.sig;1 дополнительное:;состояние2_k-39.sig;0;0.0002636441;1.225565;25;0.1027704;340;0.7823456;1.328119;750;1.122794
62;60009;57003;59007;1.260123E-09;0.9999998;ОС-1:;состояние1_k-20.sig;1 дополнительное:;состояние2_k-40.sig;0;4.209578E-09;1.225565;25;0.1706345;2;0.7857085;1.373099;1;1.05493
62;59004;50007;57006;1.004664E-09;1;ОС-1:;состояние1_k-1.sig;1 дополнительное:;состояние2_k-21.sig;0.2822959;0.008313612;1.26591;351;0.7879476;397;0.8330956;2.041249;373;0.4779622
62;59004;50007;57006;1.004664E-09;1;ОС-1:;состояние1_k-1.sig;1 дополнительное:;состояние2_k-22.sig;0.2822959;0.00553396;1.26591;351;0.4429393;144;0.7617965;1.707942;349;0.8229704
62;59004;50007;57006;1.004664E-09;1;ОС-1:;состояние1_k-1.sig;1 дополнительное:;состояние2_k-23.sig;0.2822959;0.0005444344;1.26591;351;0.2003068;42;0.7322493;1.458813;368;1.065603
62;59004;50007;57006;1.004664E-09;1;ОС-1:;состояние1_k-1.sig;1 дополнительное:;состояние2_k-24.sig;0.2822959;-0.000974059;1.26591;351;0.1058456;110;0.7256014;1.36823;339;1.160064
62;59004;50007;57006;1.004664E-09;1;ОС-1:;состояние1_k-1.sig;1 дополнительное:;состояние2_k-25.sig;0.2822959;0;1.26591;351;0.1471648;15;0.7295468;1.41263;355;1.118745
62;59004;50007;57006;1.004664E-09;1;ОС-1:;состояние1_k-1.sig;1 дополнительное:;состояние2_k-26.sig;0.2822959;0.0004310453;1.26591;351;0.1721031;7;0.7300028;1.430973;334;1.093807
62;59004;50007;57006;1.004664E-09;1;ОС-1:;состояние1_k-1.sig;1 дополнительное:;состояние2_k-27.sig;0.2822959;-0.000273566;1.26591;351;0.156518;371;0.7282724;1.4219;352;1.109392
62;59004;50007;57006;1.004664E-09;1;ОС-1:;состояние1_k-1.sig;1 дополнительное:;состояние2_k-28.sig;0.2822959;-0.0007072785;1.26591;351;0.1101312;102;0.7263669;1.368959;334;1.155779
62;59004;50007;57006;1.004664E-09;1;ОС-1:;состояние1_k-1.sig;1 дополнительное:;состояние2_k-29.sig;0.2822959;-0.0002889394;1.26591;351;0.04631875;24;0.7260591;1.31204;352;1.219591
62;59004;50007;57006;1.004664E-09;1;ОС-1:;состояние1_k-1.sig;1 дополнительное:;состояние2_k-30.sig;0.2822959;0;1.26591;351;0.02270418;36;0.7252194;1.288472;353;1.243206
62;59004;50007;57006;1.004664E-09;1;ОС-1:;состояние1_k-1.sig;1 дополнительное:;состояние2_k-31.sig;0.2822959;-0.0006301296;1.26591;351;0.08452523;481;0.7266099;1.344936;336;1.181385
62;59004;50007;57006;1.004664E-09;1;ОС-1:;состояние1_k-1.sig;1 дополнительное:;состояние2_k-32.sig;0.2822959;-0.001534189;1.26591;351;0.1315016;55;0.7261188;1.397251;352;1.134408
62;59004;50007;57006;1.004664E-09;1;ОС-1:;состояние1_k-1.sig;1 дополнительное:;состояние2_k-33.sig;0.2822959;-0.001587458;1.26591;351;0.1579058;291;0.7276334;1.418082;337;1.108004
62;59004;50007;57006;1.004664E-09;1;ОС-1:;состояние1_k-1.sig;1 дополнительное:;состояние2_k-34.sig;0.2822959;-0.000743581;1.26591;351;0.1609299;425;0.7284448;1.426032;351;1.10498
62;59004;50007;57006;1.004664E-09;1;ОС-1:;состояние1_k-1.sig;1 дополнительное:;состояние2_k-35.sig;0.2822959;0;1.26591;351;0.1408045;37;0.7282795;1.401977;337;1.125105
62;59004;50007;57006;1.004664E-09;1;ОС-1:;состояние1_k-1.sig;1 дополнительное:;состояние2_k-36.sig;0.2822959;5.050254E-06;1.26591;351;0.1004073;87;0.7265956;1.366305;351;1.165502
62;59004;50007;57006;1.004664E-09;1;ОС-1:;состояние1_k-1.sig;1 дополнительное:;состояние2_k-37.sig;0.2822959;-0.0002700068;1.26591;351;0.04654999;728;0.724194;1.308708;363;1.21936
62;59004;50007;57006;1.004664E-09;1;ОС-1:;состояние1_k-1.sig;1 дополнительное:;состояние2_k-38.sig;0.2822959;-0.0001225883;1.26591;351;0.03706674;118;0.7251568;1.300961;342;1.228843
62;59004;50007;57006;1.004664E-09;1;ОС-1:;состояние1_k-1.sig;1 дополнительное:;состояние2_k-39.sig;0.2822959;0.0002610748;1.26591;351;0.1033588;699;0.7267752;1.369084;353;1.162551
62;59004;50007;57006;1.004664E-09;1;ОС-1:;состояние1_k-1.sig;1 дополнительное:;состояние2_k-40.sig;0.2822959;-1.009554E-08;1.26591;351;0.1709666;2;0.7297875;1.435123;340;1.094943
62;59004;50007;57006;1.004664E-09;1;ОС-1:;состояние1_k-2.sig;1 дополнительное:;состояние2_k-21.sig;0.3852795;0.008313612;2.488357;101;0.7879476;397;1.605092;3.274625;349;1.700409
62;59004;50007;57006;1.004664E-09;1;ОС-1:;состояние1_k-2.sig;1 дополнительное:;состояние2_k-22.sig;0.3852795;0.00553396;2.488357;101;0.4429393;144;1.595024;2.852066;120;2.045418
62;59004;50007;57006;1.004664E-09;1;ОС-1:;состояние1_k-2.sig;1 дополнительное:;состояние2_k-23.sig;0.3852795;0.0005444344;2.488357;101;0.2003068;42;1.57526;2.684855;347;2.28805
62;59004;50007;57006;1.004664E-09;1;ОС-1:;состояние1_k-2.sig;1 дополнительное:;состояние2_k-24.sig;0.3852795;-0.000974059;2.488357;101;0.1058456;110;1.575311;2.579547;359;2.382511
62;59004;50007;57006;1.004664E-09;1;ОС-1:;состояние1_k-2.sig;1 дополнительное:;состояние2_k-25.sig;0.3852795;0;2.488357;101;0.1471648;15;1.571982;2.628986;595;2.341192
62;59004;50007;57006;1.004664E-09;1;ОС-1:;состояние1_k-2.sig;1 дополнительное:;состояние2_k-26.sig;0.3852795;0.0004310453;2.488357;101;0.1721031;7;1.578585;2.659445;103;2.316254
62;59004;50007;57006;1.004664E-09;1;ОС-1:;состояние1_k-2.sig;1 дополнительное:;состояние2_k-27.sig;0.3852795;-0.000273566;2.488357;101;0.156518;371;1.57228;2.634467;94;2.331839
62;59004;50007;57006;1.004664E-09;1;ОС-1:;состояние1_k-2.sig;1 дополнительное:;состояние2_k-28.sig;0.3852795;-0.0007072785;2.488357;101;0.1101312;102;1.574436;2.598202;352;2.378226
62;59004;50007;57006;1.004664E-09;1;ОС-1:;состояние1_k-2.sig;1 дополнительное:;состояние2_k-29.sig;0.3852795;-0.0002889394;2.488357;101;0.04631875;24;1.573873;2.52489;595;2.442038
62;59004;50007;57006;1.004664E-09;1;ОС-1:;состояние1_k-2.sig;1 дополнительное:;состояние2_k-30.sig;0.3852795;0;2.488357;101;0.02270418;36;1.573714;2.483299;91;2.465653
62;59004;50007;57006;1.004664E-09;1;ОС-1:;состояние1_k-2.sig;1 дополнительное:;состояние2_k-31.sig;0.3852795;-0.0006301296;2.488357;101;0.08452523;481;1.572536;2.572593;352;2.403831
62;59004;50007;57006;1.004664E-09;1;ОС-1:;состояние1_k-2.sig;1 дополнительное:;состояние2_k-32.sig;0.3852795;-0.001534189;2.488357;101;0.1315016;55;1.574611;2.619448;102;2.356855
62;59004;50007;57006;1.004664E-09;1;ОС-1:;состояние1_k-2.sig;1 дополнительное:;состояние2_k-33.sig;0.3852795;-0.001587458;2.488357;101;0.1579058;291;1.575154;2.645459;352;2.330451
62;59004;50007;57006;1.004664E-09;1;ОС-1:;состояние1_k-2.sig;1 дополнительное:;состояние2_k-34.sig;0.3852795;-0.000743581;2.488357;101;0.1609299;425;1.567038;2.611911;87;2.327427
62;59004;50007;57006;1.004664E-09;1;ОС-1:;состояние1_k-2.sig;1 дополнительное:;состояние2_k-35.sig;0.3852795;0;2.488357;101;0.1408045;37;1.573992;2.628891;351;2.347552
62;59004;50007;57006;1.004664E-09;1;ОС-1:;состояние1_k-2.sig;1 дополнительное:;состояние2_k-36.sig;0.3852795;5.050254E-06;2.488357;101;0.1004073;87;1.573248;2.588752;101;2.387949
62;59004;50007;57006;1.004664E-09;1;ОС-1:;состояние1_k-2.sig;1 дополнительное:;состояние2_k-37.sig;0.3852795;-0.0002700068;2.488357;101;0.04654999;728;1.572661;2.534613;350;2.441807
62;59004;50007;57006;1.004664E-09;1;ОС-1:;состояние1_k-2.sig;1 дополнительное:;состояние2_k-38.sig;0.3852795;-0.0001225883;2.488357;101;0.03706674;118;1.572433;2.522608;104;2.45129
62;59004;50007;57006;1.004664E-09;1;ОС-1:;состояние1_k-2.sig;1 дополнительное:;состояние2_k-39.sig;0.3852795;0.0002610748;2.488357;101;0.1033588;699;1.574005;2.587985;97;2.384998
62;59004;50007;57006;1.004664E-09;1;ОС-1:;состояние1_k-2.sig;1 дополнительное:;состояние2_k-40.sig;0.3852795;-1.009554E-08;2.488357;101;0.1709666;2;1.574699;2.659037;352;2.31739
62;59004;50007;57006;1.004664E-09;1;ОС-1:;состояние1_k-3.sig;1 дополнительное:;состояние2_k-21.sig;0.2776211;0.008313612;3.626;684;0.7879476;397;2.356722;4.121042;38;2.838052
62;59004;50007;57006;1.004664E-09;1;ОС-1:;состояние1_k-3.sig;1 дополнительное:;состояние2_k-22.sig;0.2776211;0.00553396;3.626;684;0.4429393;144;2.288882;4.066101;349;3.18306
62;59004;50007;57006;1.004664E-09;1;ОС-1:;состояние1_k-3.sig;1 дополнительное:;состояние2_k-23.sig;0.2776211;0.0005444344;3.626;684;0.2003068;42;2.2896;3.821991;20;3.425693
62;59004;50007;57006;1.004664E-09;1;ОС-1:;состояние1_k-3.sig;1 дополнительное:;состояние2_k-24.sig;0.2776211;-0.000974059;3.626;684;0.1058456;110;2.288693;3.69581;190;3.520154
62;59004;50007;57006;1.004664E-09;1;ОС-1:;состояние1_k-3.sig;1 дополнительное:;состояние2_k-25.sig;0.2776211;0;3.626;684;0.1471648;15;2.285937;3.765672;354;3.478835
62;59004;50007;57006;1.004664E-09;1;ОС-1:;состояние1_k-3.sig;1 дополнительное:;состояние2_k-26.sig;0.2776211;0.0004310453;3.626;684;0.1721031;7;2.284153;3.789933;681;3.453897
62;59004;50007;57006;1.004664E-09;1;ОС-1:;состояние1_k-3.sig;1 дополнительное:;состояние2_k-27.sig;0.2776211;-0.000273566;3.626;684;0.156518;371;2.296939;3.781059;352;3.469482
62;59004;50007;57006;1.004664E-09;1;ОС-1:;состояние1_k-3.sig;1 дополнительное:;состояние2_k-28.sig;0.2776211;-0.0007072785;3.626;684;0.1101312;102;2.286059;3.72593;14;3.515868
62;59004;50007;57006;1.004664E-09;1;ОС-1:;состояние1_k-3.sig;1 дополнительное:;состояние2_k-29.sig;0.2776211;-0.0002889394;3.626;684;0.04631875;24;2.286479;3.672057;351;3.579681
62;59004;50007;57006;1.004664E-09;1;ОС-1:;состояние1_k-3.sig;1 дополнительное:;состояние2_k-30.sig;0.2776211;0;3.626;684;0.02270418;36;2.286438;3.647714;685;3.603296
62;59004;50007;57006;1.004664E-09;1;ОС-1:;состояние1_k-3.sig;1 дополнительное:;состояние2_k-31.sig;0.2776211;-0.0006301296;3.626;684;0.08452523;481;2.286274;3.702015;14;3.541474
62;59004;50007;57006;1.004664E-09;1;ОС-1:;состояние1_k-3.sig;1 дополнительное:;состояние2_k-32.sig;0.2776211;-0.001534189;3.626;684;0.1315016;55;2.28616;3.75641;352;3.494498
62;59004;50007;57006;1.004664E-09;1;ОС-1:;состояние1_k-3.sig;1 дополнительное:;состояние2_k-33.sig;0.2776211;-0.001587458;3.626;684;0.1579058;291;2.295588;3.673689;172;3.468094
62;59004;50007;57006;1.004664E-09;1;ОС-1:;состояние1_k-3.sig;1 дополнительное:;состояние2_k-34.sig;0.2776211;-0.000743581;3.626;684;0.1609299;425;2.284967;3.786095;351;3.46507
62;59004;50007;57006;1.004664E-09;1;ОС-1:;состояние1_k-3.sig;1 дополнительное:;состояние2_k-35.sig;0.2776211;0;3.626;684;0.1408045;37;2.2847;3.756158;181;3.485195
62;59004;50007;57006;1.004664E-09;1;ОС-1:;состояние1_k-3.sig;1 дополнительное:;состояние2_k-36.sig;0.2776211;5.050254E-06;3.626;684;0.1004073;87;2.286417;3.726367;351;3.525592
62;59004;50007;57006;1.004664E-09;1;ОС-1:;состояние1_k-3.sig;1 дополнительное:;состояние2_k-37.sig;0.2776211;-0.0002700068;3.626;684;0.04654999;728;2.286806;3.667606;186;3.57945
62;59004;50007;57006;1.004664E-09;1;ОС-1:;состояние1_k-3.sig;1 дополнительное:;состояние2_k-38.sig;0.2776211;-0.0001225883;3.626;684;0.03706674;118;2.286388;3.663028;684;3.588933
62;59004;50007;57006;1.004664E-09;1;ОС-1:;состояние1_k-3.sig;1 дополнительное:;состояние2_k-39.sig;0.2776211;0.0002610748;3.626;684;0.1033588;699;2.290444;3.726937;19;3.522641
62;59004;50007;57006;1.004664E-09;1;ОС-1:;состояние1_k-3.sig;1 дополнительное:;состояние2_k-40.sig;0.2776211;-1.009554E-08;3.626;684;0.1709666;2;2.285172;3.794295;15;3.455033
62;59004;50007;57006;1.004664E-09;1;ОС-1:;состояние1_k-4.sig;1 дополнительное:;состояние2_k-21.sig;0.09202234;0.008313612;4.641461;226;0.7879476;397;2.911598;5.426131;350;3.853513
62;59004;50007;57006;1.004664E-09;1;ОС-1:;состояние1_k-4.sig;1 дополнительное:;состояние2_k-22.sig;0.09202234;0.00553396;4.641461;226;0.4429393;144;2.889238;5.07909;99;4.198522
62;59004;50007;57006;1.004664E-09;1;ОС-1:;состояние1_k-4.sig;1 дополнительное:;состояние2_k-23.sig;0.09202234;0.0005444344;4.641461;226;0.2003068;42;2.881979;4.824638;348;4.441154
62;59004;50007;57006;1.004664E-09;1;ОС-1:;состояние1_k-4.sig;1 дополнительное:;состояние2_k-24.sig;0.09202234;-0.000974059;4.641461;226;0.1058456;110;2.879291;4.691614;105;4.535615
62;59004;50007;57006;1.004664E-09;1;ОС-1:;состояние1_k-4.sig;1 дополнительное:;состояние2_k-25.sig;0.09202234;0;4.641461;226;0.1471648;15;2.879102;4.787851;475;4.494296
62;59004;50007;57006;1.004664E-09;1;ОС-1:;состояние1_k-4.sig;1 дополнительное:;состояние2_k-26.sig;0.09202234;0.0004310453;4.641461;226;0.1721031;7;2.880445;4.808388;352;4.469358
62;59004;50007;57006;1.004664E-09;1;ОС-1:;состояние1_k-4.sig;1 дополнительное:;состояние2_k-27.sig;0.09202234;-0.000273566;4.641461;226;0.156518;371;2.882516;4.790466;724;4.484943
62;59004;50007;57006;1.004664E-09;1;ОС-1:;состояние1_k-4.sig;1 дополнительное:;состояние2_k-28.sig;0.09202234;-0.0007072785;4.641461;226;0.1101312;102;2.870183;4.749734;101;4.53133
62;59004;50007;57006;1.004664E-09;1;ОС-1:;состояние1_k-4.sig;1 дополнительное:;состояние2_k-29.sig;0.09202234;-0.0002889394;4.641461;226;0.04631875;24;2.881533;4.674616;727;4.595142
62;59004;50007;57006;1.004664E-09;1;ОС-1:;состояние1_k-4.sig;1 дополнительное:;состояние2_k-30.sig;0.09202234;0;4.641461;226;0.02270418;36;2.880096;4.662928;101;4.618757
62;59004;50007;57006;1.004664E-09;1;ОС-1:;состояние1_k-4.sig;1 дополнительное:;состояние2_k-31.sig;0.09202234;-0.0006301296;4.641461;226;0.08452523;481;2.879991;4.72453;351;4.556936
62;59004;50007;57006;1.004664E-09;1;ОС-1:;состояние1_k-4.sig;1 дополнительное:;состояние2_k-32.sig;0.09202234;-0.001534189;4.641461;226;0.1315016;55;2.881563;4.771504;226;4.509959
62;59004;50007;57006;1.004664E-09;1;ОС-1:;состояние1_k-4.sig;1 дополнительное:;состояние2_k-33.sig;0.09202234;-0.001587458;4.641461;226;0.1579058;291;2.881455;4.798108;351;4.483555
62;59004;50007;57006;1.004664E-09;1;ОС-1:;состояние1_k-4.sig;1 дополнительное:;состояние2_k-34.sig;0.09202234;-0.000743581;4.641461;226;0.1609299;425;2.881435;4.801584;101;4.480531
62;59004;50007;57006;1.004664E-09;1;ОС-1:;состояние1_k-4.sig;1 дополнительное:;состояние2_k-35.sig;0.09202234;0;4.641461;226;0.1408045;37;2.881207;4.781995;351;4.500657
62;59004;50007;57006;1.004664E-09;1;ОС-1:;состояние1_k-4.sig;1 дополнительное:;состояние2_k-36.sig;0.09202234;5.050254E-06;4.641461;226;0.1004073;87;2.871857;4.575491;93;4.541054
62;59004;50007;57006;1.004664E-09;1;ОС-1:;состояние1_k-4.sig;1 дополнительное:;состояние2_k-37.sig;0.09202234;-0.0002700068;4.641461;226;0.04654999;728;2.880848;4.68705;350;4.594911
62;59004;50007;57006;1.004664E-09;1;ОС-1:;состояние1_k-4.sig;1 дополнительное:;состояние2_k-38.sig;0.09202234;-0.0001225883;4.641461;226;0.03706674;118;2.880067;4.674681;475;4.604394
62;59004;50007;57006;1.004664E-09;1;ОС-1:;состояние1_k-4.sig;1 дополнительное:;состояние2_k-39.sig;0.09202234;0.0002610748;4.641461;226;0.1033588;699;2.879328;4.743673;225;4.538102
62;59004;50007;57006;1.004664E-09;1;ОС-1:;состояние1_k-4.sig;1 дополнительное:;состояние2_k-40.sig;0.09202234;-1.009554E-08;4.641461;226;0.1709666;2;2.880481;4.810271;102;4.470494
62;59004;50007;57006;1.004664E-09;1;ОС-1:;состояние1_k-5.sig;1 дополнительное:;состояние2_k-21.sig;0;0.008313612;5.503331;151;0.7879476;397;3.517803;6.268616;253;4.715384
62;59004;50007;57006;1.004664E-09;1;ОС-1:;состояние1_k-5.sig;1 дополнительное:;состояние2_k-22.sig;0;0.00553396;5.503331;151;0.4429393;144;3.512118;5.937216;349;5.060392
62;59004;50007;57006;1.004664E-09;1;ОС-1:;состояние1_k-5.sig;1 дополнительное:;состояние2_k-23.sig;0;0.0005444344;5.503331;151;0.2003068;42;3.508764;5.703383;151;5.303024
62;59004;50007;57006;1.004664E-09;1;ОС-1:;состояние1_k-5.sig;1 дополнительное:;состояние2_k-24.sig;0;-0.000974059;5.503331;151;0.1058456;110;3.504307;5.608523;651;5.397486
62;59004;50007;57006;1.004664E-09;1;ОС-1:;состояние1_k-5.sig;1 дополнительное:;состояние2_k-25.sig;0;0;5.503331;151;0.1471648;15;3.519254;5.633415;52;5.356166
62;59004;50007;57006;1.004664E-09;1;ОС-1:;состояние1_k-5.sig;1 дополнительное:;состояние2_k-26.sig;0;0.0004310453;5.503331;151;0.1721031;7;3.499567;5.640307;48;5.331228
62;59004;50007;57006;1.004664E-09;1;ОС-1:;состояние1_k-5.sig;1 дополнительное:;состояние2_k-27.sig;0;-0.000273566;5.503331;151;0.156518;371;3.501176;5.655324;352;5.346813
62;59004;50007;57006;1.004664E-09;1;ОС-1:;состояние1_k-5.sig;1 дополнительное:;состояние2_k-28.sig;0;-0.0007072785;5.503331;151;0.1101312;102;3.502871;5.608129;550;5.3932
62;59004;50007;57006;1.004664E-09;1;ОС-1:;состояние1_k-5.sig;1 дополнительное:;состояние2_k-29.sig;0;-0.0002889394;5.503331;151;0.04631875;24;3.503572;5.549416;351;5.457013
62;59004;50007;57006;1.004664E-09;1;ОС-1:;состояние1_k-5.sig;1 дополнительное:;состояние2_k-30.sig;0;0;5.503331;151;0.02270418;36;3.503661;5.524798;151;5.480627
62;59004;50007;57006;1.004664E-09;1;ОС-1:;состояние1_k-5.sig;1 дополнительное:;состояние2_k-31.sig;0;-0.0006301296;5.503331;151;0.08452523;481;3.503751;5.583881;450;5.418806
62;59004;50007;57006;1.004664E-09;1;ОС-1:;состояние1_k-5.sig;1 дополнительное:;состояние2_k-32.sig;0;-0.001534189;5.503331;151;0.1315016;55;3.503722;5.633375;351;5.37183
62;59004;50007;57006;1.004664E-09;1;ОС-1:;состояние1_k-5.sig;1 дополнительное:;состояние2_k-33.sig;0;-0.001587458;5.503331;151;0.1579058;291;3.503048;5.653037;50;5.345426
62;59004;50007;57006;1.004664E-09;1;ОС-1:;состояние1_k-5.sig;1 дополнительное:;состояние2_k-34.sig;0;-0.000743581;5.503331;151;0.1609299;425;3.501736;5.663454;351;5.342402
62;59004;50007;57006;1.004664E-09;1;ОС-1:;состояние1_k-5.sig;1 дополнительное:;состояние2_k-35.sig;0;0;5.503331;151;0.1408045;37;3.516303;5.387211;45;5.362527
62;59004;50007;57006;1.004664E-09;1;ОС-1:;состояние1_k-5.sig;1 дополнительное:;состояние2_k-36.sig;0;5.050254E-06;5.503331;151;0.1004073;87;3.501893;5.603726;351;5.402924
62;59004;50007;57006;1.004664E-09;1;ОС-1:;состояние1_k-5.sig;1 дополнительное:;состояние2_k-37.sig;0;-0.0002700068;5.503331;151;0.04654999;728;3.503159;5.547712;51;5.456781
62;59004;50007;57006;1.004664E-09;1;ОС-1:;состояние1_k-5.sig;1 дополнительное:;состояние2_k-38.sig;0;-0.0001225883;5.503331;151;0.03706674;118;3.504014;5.538831;250;5.466264
62;59004;50007;57006;1.004664E-09;1;ОС-1:;состояние1_k-5.sig;1 дополнительное:;состояние2_k-39.sig;0;0.0002610748;5.503331;151;0.1033588;699;3.504275;5.600377;352;5.399972
62;59004;50007;57006;1.004664E-09;1;ОС-1:;состояние1_k-5.sig;1 дополнительное:;состояние2_k-40.sig;0;-1.009554E-08;5.503331;151;0.1709666;2;3.504941;5.670264;52;5.332365
62;59004;50007;57006;1.004664E-09;1;ОС-1:;состояние1_k-6.sig;1 дополнительное:;состояние2_k-21.sig;0.06365763;0.008313612;6.18757;434;0.7879476;397;4.025208;6.970579;350;5.399622
62;59004;50007;57006;1.004664E-09;1;ОС-1:;состояние1_k-6.sig;1 дополнительное:;состояние2_k-22.sig;0.06365763;0.00553396;6.18757;434;0.4429393;144;4.019285;6.567645;187;5.74463
62;59004;50007;57006;1.004664E-09;1;ОС-1:;состояние1_k-6.sig;1 дополнительное:;состояние2_k-23.sig;0.06365763;0.0005444344;6.18757;434;0.2003068;42;4.011968;6.376255;518;5.987263
62;59004;50007;57006;1.004664E-09;1;ОС-1:;состояние1_k-6.sig;1 дополнительное:;состояние2_k-24.sig;0.06365763;-0.000974059;6.18757;434;0.1058456;110;4.010972;6.218121;19;6.081724
62;59004;50007;57006;1.004664E-09;1;ОС-1:;состояние1_k-6.sig;1 дополнительное:;состояние2_k-25.sig;0.06365763;0;6.18757;434;0.1471648;15;4.014692;6.333954;434;6.040405
62;59004;50007;57006;1.004664E-09;1;ОС-1:;состояние1_k-6.sig;1 дополнительное:;состояние2_k-26.sig;0.06365763;0.0004310453;6.18757;434;0.1721031;7;4.015975;6.349799;102;6.015467
62;59004;50007;57006;1.004664E-09;1;ОС-1:;состояние1_k-6.sig;1 дополнительное:;состояние2_k-27.sig;0.06365763;-0.000273566;6.18757;434;0.156518;371;4.013483;6.339725;518;6.031052
62;59004;50007;57006;1.004664E-09;1;ОС-1:;состояние1_k-6.sig;1 дополнительное:;состояние2_k-28.sig;0.06365763;-0.0007072785;6.18757;434;0.1101312;102;4.010693;6.295597;351;6.077438
62;59004;50007;57006;1.004664E-09;1;ОС-1:;состояние1_k-6.sig;1 дополнительное:;состояние2_k-29.sig;0.06365763;-0.0002889394;6.18757;434;0.04631875;24;4.01134;6.231072;767;6.141251
62;59004;50007;57006;1.004664E-09;1;ОС-1:;состояние1_k-6.sig;1 дополнительное:;состояние2_k-30.sig;0.06365763;0;6.18757;434;0.02270418;36;4.010808;6.16661;184;6.164865
62;59004;50007;57006;1.004664E-09;1;ОС-1:;состояние1_k-6.sig;1 дополнительное:;состояние2_k-31.sig;0.06365763;-0.0006301296;6.18757;434;0.08452523;481;4.016508;6.270392;351;6.103045
62;59004;50007;57006;1.004664E-09;1;ОС-1:;состояние1_k-6.sig;1 дополнительное:;состояние2_k-32.sig;0.06365763;-0.001534189;6.18757;434;0.1315016;55;4.016698;6.317368;101;6.056068
62;59004;50007;57006;1.004664E-09;1;ОС-1:;состояние1_k-6.sig;1 дополнительное:;состояние2_k-33.sig;0.06365763;-0.001587458;6.18757;434;0.1579058;291;4.015581;6.34397;351;6.029664
62;59004;50007;57006;1.004664E-09;1;ОС-1:;состояние1_k-6.sig;1 дополнительное:;состояние2_k-34.sig;0.06365763;-0.000743581;6.18757;434;0.1609299;425;4.014858;6.312434;16;6.02664
62;59004;50007;57006;1.004664E-09;1;ОС-1:;состояние1_k-6.sig;1 дополнительное:;состояние2_k-35.sig;0.06365763;0;6.18757;434;0.1408045;37;4.014555;6.327857;351;6.046765
62;59004;50007;57006;1.004664E-09;1;ОС-1:;состояние1_k-6.sig;1 дополнительное:;состояние2_k-36.sig;0.06365763;5.050254E-06;6.18757;434;0.1004073;87;4.01447;6.287811;434;6.087162
62;59004;50007;57006;1.004664E-09;1;ОС-1:;состояние1_k-6.sig;1 дополнительное:;состояние2_k-37.sig;0.06365763;-0.0002700068;6.18757;434;0.04654999;728;4.013505;6.232287;768;6.14102
62;59004;50007;57006;1.004664E-09;1;ОС-1:;состояние1_k-6.sig;1 дополнительное:;состояние2_k-38.sig;0.06365763;-0.0001225883;6.18757;434;0.03706674;118;4.013215;6.20972;101;6.150503
62;59004;50007;57006;1.004664E-09;1;ОС-1:;состояние1_k-6.sig;1 дополнительное:;состояние2_k-39.sig;0.06365763;0.0002610748;6.18757;434;0.1033588;699;4.014512;6.282877;185;6.084211
62;59004;50007;57006;1.004664E-09;1;ОС-1:;состояние1_k-6.sig;1 дополнительное:;состояние2_k-40.sig;0.06365763;-1.009554E-08;6.18757;434;0.1709666;2;4.016867;6.351682;352;6.016603
62;59004;50007;57006;1.004664E-09;1;ОС-1:;состояние1_k-7.sig;1 дополнительное:;состояние2_k-21.sig;0.1959989;0.008313612;6.677825;65;0.7879476;397;4.440027;6.007992;144;5.889878
62;59004;50007;57006;1.004664E-09;1;ОС-1:;состояние1_k-7.sig;1 дополнительное:;состояние2_k-22.sig;0.1959989;0.00553396;6.677825;65;0.4429393;144;4.26111;7.117092;280;6.234886
62;59004;50007;57006;1.004664E-09;1;ОС-1:;состояние1_k-7.sig;1 дополнительное:;состояние2_k-23.sig;0.1959989;0.0005444344;6.677825;65;0.2003068;42;4.269833;6.874564;65;6.477519
62;59004;50007;57006;1.004664E-09;1;ОС-1:;состояние1_k-7.sig;1 дополнительное:;состояние2_k-24.sig;0.1959989;-0.000974059;6.677825;65;0.1058456;110;4.275631;6.776982;279;6.57198
62;59004;50007;57006;1.004664E-09;1;ОС-1:;состояние1_k-7.sig;1 дополнительное:;состояние2_k-25.sig;0.1959989;0;6.677825;65;0.1471648;15;4.277256;6.820832;136;6.530661
62;59004;50007;57006;1.004664E-09;1;ОС-1:;состояние1_k-7.sig;1 дополнительное:;состояние2_k-26.sig;0.1959989;0.0004310453;6.677825;65;0.1721031;7;4.276036;6.849703;65;6.505723
62;59004;50007;57006;1.004664E-09;1;ОС-1:;состояние1_k-7.sig;1 дополнительное:;состояние2_k-27.sig;0.1959989;-0.000273566;6.677825;65;0.156518;371;4.274092;6.829078;351;6.521307
62;59004;50007;57006;1.004664E-09;1;ОС-1:;состояние1_k-7.sig;1 дополнительное:;состояние2_k-28.sig;0.1959989;-0.0007072785;6.677825;65;0.1101312;102;4.273551;6.78547;708;6.567694
62;59004;50007;57006;1.004664E-09;1;ОС-1:;состояние1_k-7.sig;1 дополнительное:;состояние2_k-29.sig;0.1959989;-0.0002889394;6.677825;65;0.04631875;24;4.273666;6.72347;351;6.631507
62;59004;50007;57006;1.004664E-09;1;ОС-1:;состояние1_k-7.sig;1 дополнительное:;состояние2_k-30.sig;0.1959989;0;6.677825;65;0.02270418;36;4.274065;6.699214;136;6.655121
62;59004;50007;57006;1.004664E-09;1;ОС-1:;состояние1_k-7.sig;1 дополнительное:;состояние2_k-31.sig;0.1959989;-0.0006301296;6.677825;65;0.08452523;481;4.274427;6.759939;208;6.5933
62;59004;50007;57006;1.004664E-09;1;ОС-1:;состояние1_k-7.sig;1 дополнительное:;состояние2_k-32.sig;0.1959989;-0.001534189;6.677825;65;0.1315016;55;4.275597;6.807429;351;6.546324
62;59004;50007;57006;1.004664E-09;1;ОС-1:;состояние1_k-7.sig;1 дополнительное:;состояние2_k-33.sig;0.1959989;-0.001587458;6.677825;65;0.1579058;291;4.278026;6.830294;65;6.51992
62;59004;50007;57006;1.004664E-09;1;ОС-1:;состояние1_k-7.sig;1 дополнительное:;состояние2_k-34.sig;0.1959989;-0.000743581;6.677825;65;0.1609299;425;4.28057;6.837508;351;6.516895
62;59004;50007;57006;1.004664E-09;1;ОС-1:;состояние1_k-7.sig;1 дополнительное:;состояние2_k-35.sig;0.1959989;0;6.677825;65;0.1408045;37;4.257879;6.539134;493;6.537021
62;59004;50007;57006;1.004664E-09;1;ОС-1:;состояние1_k-7.sig;1 дополнительное:;состояние2_k-36.sig;0.1959989;5.050254E-06;6.677825;65;0.1004073;87;4.278089;6.777781;351;6.577418
62;59004;50007;57006;1.004664E-09;1;ОС-1:;состояние1_k-7.sig;1 дополнительное:;состояние2_k-37.sig;0.1959989;-0.0002700068;6.677825;65;0.04654999;728;4.274833;6.723508;65;6.631276
62;59004;50007;57006;1.004664E-09;1;ОС-1:;состояние1_k-7.sig;1 дополнительное:;состояние2_k-38.sig;0.1959989;-0.0001225883;6.677825;65;0.03706674;118;4.273457;6.714734;565;6.640759
62;59004;50007;57006;1.004664E-09;1;ОС-1:;состояние1_k-7.sig;1 дополнительное:;состояние2_k-39.sig;0.1959989;0.0002610748;6.677825;65;0.1033588;699;4.2744;6.776204;136;6.574467
62;59004;50007;57006;1.004664E-09;1;ОС-1:;состояние1_k-7.sig;1 дополнительное:;состояние2_k-40.sig;0.1959989;-1.009554E-08;6.677825;65;0.1709666;2;4.275929;6.849937;65;6.506859
62;59004;50007;57006;1.004664E-09;1;ОС-1:;состояние1_k-8.sig;1 дополнительное:;состояние2_k-21.sig;0.2542161;0.008313612;6.966473;38;0.7879476;397;4.430767;7.747742;350;6.178525
62;59004;50007;57006;1.004664E-09;1;ОС-1:;состояние1_k-8.sig;1 дополнительное:;состояние2_k-22.sig;0.2542161;0.00553396;6.966473;38;0.4429393;144;4.423957;7.396457;100;6.523534
62;59004;50007;57006;1.004664E-09;1;ОС-1:;состояние1_k-8.sig;1 дополнительное:;состояние2_k-23.sig;0.2542161;0.0005444344;6.966473;38;0.2003068;42;4.427481;7.165433;476;6.766166
62;59004;50007;57006;1.004664E-09;1;ОС-1:;состояние1_k-8.sig;1 дополнительное:;состояние2_k-24.sig;0.2542161;-0.000974059;6.966473;38;0.1058456;110;4.43291;6.990654;39;6.860628
62;59004;50007;57006;1.004664E-09;1;ОС-1:;состояние1_k-8.sig;1 дополнительное:;состояние2_k-25.sig;0.2542161;0;6.966473;38;0.1471648;15;4.444683;7.094604;38;6.819308
62;59004;50007;57006;1.004664E-09;1;ОС-1:;состояние1_k-8.sig;1 дополнительное:;состояние2_k-26.sig;0.2542161;0.0004310453;6.966473;38;0.1721031;7;4.445427;7.127979;413;6.79437
62;59004;50007;57006;1.004664E-09;1;ОС-1:;состояние1_k-8.sig;1 дополнительное:;состояние2_k-27.sig;0.2542161;-0.000273566;6.966473;38;0.156518;371;4.441697;7.12272;538;6.809955
62;59004;50007;57006;1.004664E-09;1;ОС-1:;состояние1_k-8.sig;1 дополнительное:;состояние2_k-28.sig;0.2542161;-0.0007072785;6.966473;38;0.1101312;102;4.437547;7.074522;101;6.856342
62;59004;50007;57006;1.004664E-09;1;ОС-1:;состояние1_k-8.sig;1 дополнительное:;состояние2_k-29.sig;0.2542161;-0.0002889394;6.966473;38;0.04631875;24;4.436169;7.011861;663;6.920155
62;59004;50007;57006;1.004664E-09;1;ОС-1:;состояние1_k-8.sig;1 дополнительное:;состояние2_k-30.sig;0.2542161;0;6.966473;38;0.02270418;36;4.436519;6.987733;288;6.943769
62;59004;50007;57006;1.004664E-09;1;ОС-1:;состояние1_k-8.sig;1 дополнительное:;состояние2_k-31.sig;0.2542161;-0.0006301296;6.966473;38;0.08452523;481;4.437103;7.050494;788;6.881948
62;59004;50007;57006;1.004664E-09;1;ОС-1:;состояние1_k-8.sig;1 дополнительное:;состояние2_k-32.sig;0.2542161;-0.001534189;6.966473;38;0.1315016;55;4.437561;7.093874;38;6.834971
62;59004;50007;57006;1.004664E-09;1;ОС-1:;состояние1_k-8.sig;1 дополнительное:;состояние2_k-33.sig;0.2542161;-0.001587458;6.966473;38;0.1579058;291;4.43715;7.122895;351;6.808568
62;59004;50007;57006;1.004664E-09;1;ОС-1:;состояние1_k-8.sig;1 дополнительное:;состояние2_k-34.sig;0.2542161;-0.000743581;6.966473;38;0.1609299;425;4.437839;7.126371;101;6.805543
62;59004;50007;57006;1.004664E-09;1;ОС-1:;состояние1_k-8.sig;1 дополнительное:;состояние2_k-35.sig;0.2542161;0;6.966473;38;0.1408045;37;4.438526;7.106782;351;6.825669
62;59004;50007;57006;1.004664E-09;1;ОС-1:;состояние1_k-8.sig;1 дополнительное:;состояние2_k-36.sig;0.2542161;5.050254E-06;6.966473;38;0.1004073;87;4.438412;7.066644;226;6.866066
62;59004;50007;57006;1.004664E-09;1;ОС-1:;состояние1_k-8.sig;1 дополнительное:;состояние2_k-37.sig;0.2542161;-0.0002700068;6.966473;38;0.04654999;728;4.437365;7.012211;38;6.919923
62;59004;50007;57006;1.004664E-09;1;ОС-1:;состояние1_k-8.sig;1 дополнительное:;состояние2_k-38.sig;0.2542161;-0.0001225883;6.966473;38;0.03706674;118;4.436251;7.002332;288;6.929406
62;59004;50007;57006;1.004664E-09;1;ОС-1:;состояние1_k-8.sig;1 дополнительное:;состояние2_k-39.sig;0.2542161;0.0002610748;6.966473;38;0.1033588;699;4.435204;7.068063;788;6.863114
62;59004;50007;57006;1.004664E-09;1;ОС-1:;состояние1_k-8.sig;1 дополнительное:;состояние2_k-40.sig;0.2542161;-1.009554E-08;6.966473;38;0.1709666;2;4.458038;7.128749;39;6.795506
62;59004;50007;57006;1.004664E-09;1;ОС-1:;состояние1_k-9.sig;1 дополнительное:;состояние2_k-21.sig;0.1701386;0.008313612;7.056398;684;0.7879476;397;4.535659;7.660143;131;6.26845
62;59004;50007;57006;1.004664E-09;1;ОС-1:;состояние1_k-9.sig;1 дополнительное:;состояние2_k-22.sig;0.1701386;0.00553396;7.056398;684;0.4429393;144;4.536657;7.484915;350;6.613459
62;59004;50007;57006;1.004664E-09;1;ОС-1:;состояние1_k-9.sig;1 дополнительное:;состояние2_k-23.sig;0.1701386;0.0005444344;7.056398;684;0.2003068;42;4.536943;7.24864;239;6.856091
62;59004;50007;57006;1.004664E-09;1;ОС-1:;состояние1_k-9.sig;1 дополнительное:;состояние2_k-24.sig;0.1701386;-0.000974059;7.056398;684;0.1058456;110;4.536516;7.155915;462;6.950552
62;59004;50007;57006;1.004664E-09;1;ОС-1:;состояние1_k-9.sig;1 дополнительное:;состояние2_k-25.sig;0.1701386;0;7.056398;684;0.1471648;15;4.539695;7.203317;295;6.909233
62;59004;50007;57006;1.004664E-09;1;ОС-1:;состояние1_k-9.sig;1 дополнительное:;состояние2_k-26.sig;0.1701386;0.0004310453;7.056398;684;0.1721031;7;4.544924;7.227778;795;6.884295
62;59004;50007;57006;1.004664E-09;1;ОС-1:;состояние1_k-9.sig;1 дополнительное:;состояние2_k-27.sig;0.1701386;-0.000273566;7.056398;684;0.156518;371;4.507099;7.207149;351;6.89988
62;59004;50007;57006;1.004664E-09;1;ОС-1:;состояние1_k-9.sig;1 дополнительное:;состояние2_k-28.sig;0.1701386;-0.0007072785;7.056398;684;0.1101312;102;4.544264;7.14818;796;6.946267
62;59004;50007;57006;1.004664E-09;1;ОС-1:;состояние1_k-9.sig;1 дополнительное:;состояние2_k-29.sig;0.1701386;-0.0002889394;7.056398;684;0.04631875;24;4.539629;7.101542;351;7.010079
62;59004;50007;57006;1.004664E-09;1;ОС-1:;состояние1_k-9.sig;1 дополнительное:;состояние2_k-30.sig;0.1701386;0;7.056398;684;0.02270418;36;4.537279;7.077357;684;7.033694
62;59004;50007;57006;1.004664E-09;1;ОС-1:;состояние1_k-9.sig;1 дополнительное:;состояние2_k-31.sig;0.1701386;-0.0006301296;7.056398;684;0.08452523;481;4.538287;7.137674;240;6.971873
62;59004;50007;57006;1.004664E-09;1;ОС-1:;состояние1_k-9.sig;1 дополнительное:;состояние2_k-32.sig;0.1701386;-0.001534189;7.056398;684;0.1315016;55;4.539643;7.1855;351;6.924896
62;59004;50007;57006;1.004664E-09;1;ОС-1:;состояние1_k-9.sig;1 дополнительное:;состояние2_k-33.sig;0.1701386;-0.001587458;7.056398;684;0.1579058;291;4.539156;7.170578;461;6.898492
62;59004;50007;57006;1.004664E-09;1;ОС-1:;состояние1_k-9.sig;1 дополнительное:;состояние2_k-34.sig;0.1701386;-0.000743581;7.056398;684;0.1609299;425;4.537629;7.21558;351;6.895468
62;59004;50007;57006;1.004664E-09;1;ОС-1:;состояние1_k-9.sig;1 дополнительное:;состояние2_k-35.sig;0.1701386;0;7.056398;684;0.1408045;37;4.536852;7.19444;295;6.915594
62;59004;50007;57006;1.004664E-09;1;ОС-1:;состояние1_k-9.sig;1 дополнительное:;состояние2_k-36.sig;0.1701386;5.050254E-06;7.056398;684;0.1004073;87;4.537995;7.156717;573;6.955991
62;59004;50007;57006;1.004664E-09;1;ОС-1:;состояние1_k-9.sig;1 дополнительное:;состояние2_k-37.sig;0.1701386;-0.0002700068;7.056398;684;0.04654999;728;4.538101;7.102306;295;7.009848
62;59004;50007;57006;1.004664E-09;1;ОС-1:;состояние1_k-9.sig;1 дополнительное:;состояние2_k-38.sig;0.1701386;-0.0001225883;7.056398;684;0.03706674;118;4.537424;7.093427;684;7.019331
62;59004;50007;57006;1.004664E-09;1;ОС-1:;состояние1_k-9.sig;1 дополнительное:;состояние2_k-39.sig;0.1701386;0.0002610748;7.056398;684;0.1033588;699;4.536707;7.14828;351;6.953039
62;59004;50007;57006;1.004664E-09;1;ОС-1:;состояние1_k-9.sig;1 дополнительное:;состояние2_k-40.sig;0.1701386;-1.009554E-08;7.056398;684;0.1709666;2;4.537467;7.226699;240;6.885431
62;59004;50007;57006;1.004664E-09;1;ОС-1:;состояние1_k-10.sig;1 дополнительное:;состояние2_k-21.sig;0;0.008313612;6.954978;1;0.7879476;397;4.425068;7.73523;350;6.16703
62;59004;50007;57006;1.004664E-09;1;ОС-1:;состояние1_k-10.sig;1 дополнительное:;состояние2_k-22.sig;0;0.00553396;6.954978;1;0.4429393;144;4.423349;7.379339;51;6.512039
62;59004;50007;57006;1.004664E-09;1;ОС-1:;состояние1_k-10.sig;1 дополнительное:;состояние2_k-23.sig;0;0.0005444344;6.954978;1;0.2003068;42;4.428866;7.15503;651;6.754671
62;59004;50007;57006;1.004664E-09;1;ОС-1:;состояние1_k-10.sig;1 дополнительное:;состояние2_k-24.sig;0;-0.000974059;6.954978;1;0.1058456;110;4.431165;7.06017;151;6.849133
62;59004;50007;57006;1.004664E-09;1;ОС-1:;состояние1_k-10.sig;1 дополнительное:;состояние2_k-25.sig;0;0;6.954978;1;0.1471648;15;4.429022;7.077912;51;6.807813
62;59004;50007;57006;1.004664E-09;1;ОС-1:;состояние1_k-10.sig;1 дополнительное:;состояние2_k-26.sig;0;0.0004310453;6.954978;1;0.1721031;7;4.428555;7.11659;101;6.782875
62;59004;50007;57006;1.004664E-09;1;ОС-1:;состояние1_k-10.sig;1 дополнительное:;состояние2_k-27.sig;0;-0.000273566;6.954978;1;0.156518;371;4.430727;7.111164;501;6.79846
62;59004;50007;57006;1.004664E-09;1;ОС-1:;состояние1_k-10.sig;1 дополнительное:;состояние2_k-28.sig;0;-0.0007072785;6.954978;1;0.1101312;102;4.432641;7.063251;351;6.844847
62;59004;50007;57006;1.004664E-09;1;ОС-1:;состояние1_k-10.sig;1 дополнительное:;состояние2_k-29.sig;0;-0.0002889394;6.954978;1;0.04631875;24;4.431318;6.994998;751;6.908659
62;59004;50007;57006;1.004664E-09;1;ОС-1:;состояние1_k-10.sig;1 дополнительное:;состояние2_k-30.sig;0;0;6.954978;1;0.02270418;36;4.433331;6.933511;1;6.932274
62;59004;50007;57006;1.004664E-09;1;ОС-1:;состояние1_k-10.sig;1 дополнительное:;состояние2_k-31.sig;0;-0.0006301296;6.954978;1;0.08452523;481;4.425487;7.03881;401;6.870453
62;59004;50007;57006;1.004664E-09;1;ОС-1:;состояние1_k-10.sig;1 дополнительное:;состояние2_k-32.sig;0;-0.001534189;6.954978;1;0.1315016;55;4.425783;7.085022;101;6.823476
62;59004;50007;57006;1.004664E-09;1;ОС-1:;состояние1_k-10.sig;1 дополнительное:;состояние2_k-33.sig;0;-0.001587458;6.954978;1;0.1579058;291;4.427627;7.111625;351;6.797072
62;59004;50007;57006;1.004664E-09;1;ОС-1:;состояние1_k-10.sig;1 дополнительное:;состояние2_k-34.sig;0;-0.000743581;6.954978;1;0.1609299;425;4.428856;7.102823;0;6.794048
62;59004;50007;57006;1.004664E-09;1;ОС-1:;состояние1_k-10.sig;1 дополнительное:;состояние2_k-35.sig;0;0;6.954978;1;0.1408045;37;4.428937;7.095511;151;6.814174
62;59004;50007;57006;1.004664E-09;1;ОС-1:;состояние1_k-10.sig;1 дополнительное:;состояние2_k-36.sig;0;5.050254E-06;6.954978;1;0.1004073;87;4.428757;7.055373;101;6.854571
62;59004;50007;57006;1.004664E-09;1;ОС-1:;состояние1_k-10.sig;1 дополнительное:;состояние2_k-37.sig;0;-0.0002700068;6.954978;1;0.04654999;728;4.428811;7.001526;201;6.908428
62;59004;50007;57006;1.004664E-09;1;ОС-1:;состояние1_k-10.sig;1 дополнительное:;состояние2_k-38.sig;0;-0.0001225883;6.954978;1;0.03706674;118;4.429021;6.98999;1;6.917911
62;59004;50007;57006;1.004664E-09;1;ОС-1:;состояние1_k-10.sig;1 дополнительное:;состояние2_k-39.sig;0;0.0002610748;6.954978;1;0.1033588;699;4.429071;7.057307;301;6.851619
62;59004;50007;57006;1.004664E-09;1;ОС-1:;состояние1_k-10.sig;1 дополнительное:;состояние2_k-40.sig;0;-1.009554E-08;6.954978;1;0.1709666;2;4.429433;7.115625;51;6.784011
62;59004;50007;57006;1.004664E-09;1;ОС-1:;состояние1_k-11.sig;1 дополнительное:;состояние2_k-21.sig;-0.1382802;0.008313612;6.684059;78;0.7879476;397;4.225815;7.464785;396;5.896111
62;59004;50007;57006;1.004664E-09;1;ОС-1:;состояние1_k-11.sig;1 дополнительное:;состояние2_k-22.sig;-0.1382802;0.00553396;6.684059;78;0.4429393;144;4.216985;7.112197;532;6.241119
62;59004;50007;57006;1.004664E-09;1;ОС-1:;состояние1_k-11.sig;1 дополнительное:;состояние2_k-23.sig;-0.1382802;0.0005444344;6.684059;78;0.2003068;42;4.212735;6.875745;214;6.483752
62;59004;50007;57006;1.004664E-09;1;ОС-1:;состояние1_k-11.sig;1 дополнительное:;состояние2_k-24.sig;-0.1382802;-0.000974059;6.684059;78;0.1058456;110;4.216146;6.788445;714;6.578213
62;59004;50007;57006;1.004664E-09;1;ОС-1:;состояние1_k-11.sig;1 дополнительное:;состояние2_k-25.sig;-0.1382802;0;6.684059;78;0.1471648;15;4.216796;6.829047;214;6.536894
62;59004;50007;57006;1.004664E-09;1;ОС-1:;состояние1_k-11.sig;1 дополнительное:;состояние2_k-26.sig;-0.1382802;0.0004310453;6.684059;78;0.1721031;7;4.215835;6.85287;123;6.511956
62;59004;50007;57006;1.004664E-09;1;ОС-1:;состояние1_k-11.sig;1 дополнительное:;состояние2_k-27.sig;-0.1382802;-0.000273566;6.684059;78;0.156518;371;4.21503;6.83403;351;6.527541
62;59004;50007;57006;1.004664E-09;1;ОС-1:;состояние1_k-11.sig;1 дополнительное:;состояние2_k-28.sig;-0.1382802;-0.0007072785;6.684059;78;0.1101312;102;4.214347;6.790611;442;6.573927
62;59004;50007;57006;1.004664E-09;1;ОС-1:;состояние1_k-11.sig;1 дополнительное:;состояние2_k-29.sig;-0.1382802;-0.0002889394;6.684059;78;0.04631875;24;4.214213;6.728422;351;6.63774
62;59004;50007;57006;1.004664E-09;1;ОС-1:;состояние1_k-11.sig;1 дополнительное:;состояние2_k-30.sig;-0.1382802;0;6.684059;78;0.02270418;36;4.213501;6.706383;669;6.661355
62;59004;50007;57006;1.004664E-09;1;ОС-1:;состояние1_k-11.sig;1 дополнительное:;состояние2_k-31.sig;-0.1382802;-0.0006301296;6.684059;78;0.08452523;481;4.211997;6.768493;78;6.599534
62;59004;50007;57006;1.004664E-09;1;ОС-1:;состояние1_k-11.sig;1 дополнительное:;состояние2_k-32.sig;-0.1382802;-0.001534189;6.684059;78;0.1315016;55;4.210177;6.814908;305;6.552557
62;59004;50007;57006;1.004664E-09;1;ОС-1:;состояние1_k-11.sig;1 дополнительное:;состояние2_k-33.sig;-0.1382802;-0.001587458;6.684059;78;0.1579058;291;4.248966;6.530006;305;6.526153
62;59004;50007;57006;1.004664E-09;1;ОС-1:;состояние1_k-11.sig;1 дополнительное:;состояние2_k-34.sig;-0.1382802;-0.000743581;6.684059;78;0.1609299;425;4.208084;6.844191;396;6.523129
62;59004;50007;57006;1.004664E-09;1;ОС-1:;состояние1_k-11.sig;1 дополнительное:;состояние2_k-35.sig;-0.1382802;0;6.684059;78;0.1408045;37;4.209488;6.822171;123;6.543254
62;59004;50007;57006;1.004664E-09;1;ОС-1:;состояние1_k-11.sig;1 дополнительное:;состояние2_k-36.sig;-0.1382802;5.050254E-06;6.684059;78;0.1004073;87;4.212142;6.782732;351;6.583652
62;59004;50007;57006;1.004664E-09;1;ОС-1:;состояние1_k-11.sig;1 дополнительное:;состояние2_k-37.sig;-0.1382802;-0.0002700068;6.684059;78;0.04654999;728;4.213841;6.728922;214;6.637509
62;59004;50007;57006;1.004664E-09;1;ОС-1:;состояние1_k-11.sig;1 дополнительное:;состояние2_k-38.sig;-0.1382802;-0.0001225883;6.684059;78;0.03706674;118;4.214031;6.720842;487;6.646992
62;59004;50007;57006;1.004664E-09;1;ОС-1:;состояние1_k-11.sig;1 дополнительное:;состояние2_k-39.sig;-0.1382802;0.0002610748;6.684059;78;0.1033588;699;4.213778;6.783368;32;6.5807
62;59004;50007;57006;1.004664E-09;1;ОС-1:;состояние1_k-11.sig;1 дополнительное:;состояние2_k-40.sig;-0.1382802;-1.009554E-08;6.684059;78;0.1709666;2;4.214376;6.854602;578;6.513092
62;59004;50007;57006;1.004664E-09;1;ОС-1:;состояние1_k-12.sig;1 дополнительное:;состояние2_k-21.sig;-0.1691997;0.008313612;6.26372;59;0.7879476;397;4.003555;7.044009;17;5.475772
62;59004;50007;57006;1.004664E-09;1;ОС-1:;состояние1_k-12.sig;1 дополнительное:;состояние2_k-22.sig;-0.1691997;0.00553396;6.26372;59;0.4429393;144;3.985161;6.693738;393;5.820781
62;59004;50007;57006;1.004664E-09;1;ОС-1:;состояние1_k-12.sig;1 дополнительное:;состояние2_k-23.sig;-0.1691997;0.0005444344;6.26372;59;0.2003068;42;3.979701;6.462875;434;6.063413
62;59004;50007;57006;1.004664E-09;1;ОС-1:;состояние1_k-12.sig;1 дополнительное:;состояние2_k-24.sig;-0.1691997;-0.000974059;6.26372;59;0.1058456;110;3.980535;6.282678;101;6.157875
62;59004;50007;57006;1.004664E-09;1;ОС-1:;состояние1_k-12.sig;1 дополнительное:;состояние2_k-25.sig;-0.1691997;0;6.26372;59;0.1471648;15;3.981707;6.40572;476;6.116555
62;59004;50007;57006;1.004664E-09;1;ОС-1:;состояние1_k-12.sig;1 дополнительное:;состояние2_k-26.sig;-0.1691997;0.0004310453;6.26372;59;0.1721031;7;3.981607;6.433838;142;6.091617
62;59004;50007;57006;1.004664E-09;1;ОС-1:;состояние1_k-12.sig;1 дополнительное:;состояние2_k-27.sig;-0.1691997;-0.000273566;6.26372;59;0.156518;371;3.981375;6.412991;184;6.107202
62;59004;50007;57006;1.004664E-09;1;ОС-1:;состояние1_k-12.sig;1 дополнительное:;состояние2_k-28.sig;-0.1691997;-0.0007072785;6.26372;59;0.1101312;102;3.98013;6.369671;101;6.153589
62;59004;50007;57006;1.004664E-09;1;ОС-1:;состояние1_k-12.sig;1 дополнительное:;состояние2_k-29.sig;-0.1691997;-0.0002889394;6.26372;59;0.04631875;24;3.979806;6.309806;559;6.217402
62;59004;50007;57006;1.004664E-09;1;ОС-1:;состояние1_k-12.sig;1 дополнительное:;состояние2_k-30.sig;-0.1691997;0;6.26372;59;0.02270418;36;3.979148;6.284679;434;6.241016
62;59004;50007;57006;1.004664E-09;1;ОС-1:;состояние1_k-12.sig;1 дополнительное:;состояние2_k-31.sig;-0.1691997;-0.0006301296;6.26372;59;0.08452523;481;3.979227;6.346487;142;6.179195
62;59004;50007;57006;1.004664E-09;1;ОС-1:;состояние1_k-12.sig;1 дополнительное:;состояние2_k-32.sig;-0.1691997;-0.001534189;6.26372;59;0.1315016;55;3.980067;6.391441;226;6.132218
62;59004;50007;57006;1.004664E-09;1;ОС-1:;состояние1_k-12.sig;1 дополнительное:;состояние2_k-33.sig;-0.1691997;-0.001587458;6.26372;59;0.1579058;291;3.979231;6.418618;684;6.105814
62;59004;50007;57006;1.004664E-09;1;ОС-1:;состояние1_k-12.sig;1 дополнительное:;состояние2_k-34.sig;-0.1691997;-0.000743581;6.26372;59;0.1609299;425;3.977012;6.421521;101;6.10279
62;59004;50007;57006;1.004664E-09;1;ОС-1:;состояние1_k-12.sig;1 дополнительное:;состояние2_k-35.sig;-0.1691997;0;6.26372;59;0.1408045;37;3.97483;6.403399;309;6.122916
62;59004;50007;57006;1.004664E-09;1;ОС-1:;состояние1_k-12.sig;1 дополнительное:;состояние2_k-36.sig;-0.1691997;5.050254E-06;6.26372;59;0.1004073;87;4.001244;6.163478;59;6.163313
62;59004;50007;57006;1.004664E-09;1;ОС-1:;состояние1_k-12.sig;1 дополнительное:;состояние2_k-37.sig;-0.1691997;-0.0002700068;6.26372;59;0.04654999;728;3.977524;6.310263;309;6.21717
62;59004;50007;57006;1.004664E-09;1;ОС-1:;состояние1_k-12.sig;1 дополнительное:;состояние2_k-38.sig;-0.1691997;-0.0001225883;6.26372;59;0.03706674;118;3.980801;6.300749;434;6.226653
62;59004;50007;57006;1.004664E-09;1;ОС-1:;состояние1_k-12.sig;1 дополнительное:;состояние2_k-39.sig;-0.1691997;0.0002610748;6.26372;59;0.1033588;699;3.982208;6.36391;559;6.160361
62;59004;50007;57006;1.004664E-09;1;ОС-1:;состояние1_k-12.sig;1 дополнительное:;состояние2_k-40.sig;-0.1691997;-1.009554E-08;6.26372;59;0.1709666;2;3.982274;6.422045;101;6.092753
62;59004;50007;57006;1.004664E-09;1;ОС-1:;состояние1_k-13.sig;1 дополнительное:;состояние2_k-21.sig;-0.1096995;0.008313612;5.723696;43;0.7879476;397;3.677136;6.504333;158;4.935748
62;59004;50007;57006;1.004664E-09;1;ОС-1:;состояние1_k-13.sig;1 дополнительное:;состояние2_k-22.sig;-0.1096995;0.00553396;5.723696;43;0.4429393;144;3.651491;6.165846;235;5.280756
62;59004;50007;57006;1.004664E-09;1;ОС-1:;состояние1_k-13.sig;1 дополнительное:;состояние2_k-23.sig;-0.1096995;0.0005444344;5.723696;43;0.2003068;42;3.638645;5.922815;389;5.523389
62;59004;50007;57006;1.004664E-09;1;ОС-1:;состояние1_k-13.sig;1 дополнительное:;состояние2_k-24.sig;-0.1096995;-0.000974059;5.723696;43;0.1058456;110;3.638706;5.828779;235;5.61785
62;59004;50007;57006;1.004664E-09;1;ОС-1:;состояние1_k-13.sig;1 дополнительное:;состояние2_k-25.sig;-0.1096995;0;5.723696;43;0.1471648;15;3.642256;5.868281;274;5.576531
62;59004;50007;57006;1.004664E-09;1;ОС-1:;состояние1_k-13.sig;1 дополнительное:;состояние2_k-26.sig;-0.1096995;0.0004310453;5.723696;43;0.1721031;7;3.642494;5.882796;697;5.551593
62;59004;50007;57006;1.004664E-09;1;ОС-1:;состояние1_k-13.sig;1 дополнительное:;состояние2_k-27.sig;-0.1096995;-0.000273566;5.723696;43;0.156518;371;3.63987;5.874598;427;5.567178
62;59004;50007;57006;1.004664E-09;1;ОС-1:;состояние1_k-13.sig;1 дополнительное:;состояние2_k-28.sig;-0.1096995;-0.0007072785;5.723696;43;0.1101312;102;3.637661;5.833441;120;5.613564
62;59004;50007;57006;1.004664E-09;1;ОС-1:;состояние1_k-13.sig;1 дополнительное:;состояние2_k-29.sig;-0.1096995;-0.0002889394;5.723696;43;0.04631875;24;3.638016;5.767567;43;5.677377
62;59004;50007;57006;1.004664E-09;1;ОС-1:;состояние1_k-13.sig;1 дополнительное:;состояние2_k-30.sig;-0.1096995;0;5.723696;43;0.02270418;36;3.638115;5.745898;120;5.700992
62;59004;50007;57006;1.004664E-09;1;ОС-1:;состояние1_k-13.sig;1 дополнительное:;состояние2_k-31.sig;-0.1096995;-0.0006301296;5.723696;43;0.08452523;481;3.637167;5.806437;158;5.639171
62;59004;50007;57006;1.004664E-09;1;ОС-1:;состояние1_k-13.sig;1 дополнительное:;состояние2_k-32.sig;-0.1096995;-0.001534189;5.723696;43;0.1315016;55;3.636636;5.853068;774;5.592194
62;59004;50007;57006;1.004664E-09;1;ОС-1:;состояние1_k-13.sig;1 дополнительное:;состояние2_k-33.sig;-0.1096995;-0.001587458;5.723696;43;0.1579058;291;3.638712;5.876115;428;5.56579
62;59004;50007;57006;1.004664E-09;1;ОС-1:;состояние1_k-13.sig;1 дополнительное:;состояние2_k-34.sig;-0.1096995;-0.000743581;5.723696;43;0.1609299;425;3.640227;5.884165;543;5.562766
62;59004;50007;57006;1.004664E-09;1;ОС-1:;состояние1_k-13.sig;1 дополнительное:;состояние2_k-35.sig;-0.1096995;0;5.723696;43;0.1408045;37;3.640191;5.864012;466;5.582891
62;59004;50007;57006;1.004664E-09;1;ОС-1:;состояние1_k-13.sig;1 дополнительное:;состояние2_k-36.sig;-0.1096995;5.050254E-06;5.723696;43;0.1004073;87;3.63822;5.821241;351;5.623289
62;59004;50007;57006;1.004664E-09;1;ОС-1:;состояние1_k-13.sig;1 дополнительное:;состояние2_k-37.sig;-0.1096995;-0.0002700068;5.723696;43;0.04654999;728;3.636704;5.769855;120;5.677146
62;59004;50007;57006;1.004664E-09;1;ОС-1:;состояние1_k-13.sig;1 дополнительное:;состояние2_k-38.sig;-0.1096995;-0.0001225883;5.723696;43;0.03706674;118;3.638587;5.759789;697;5.686629
62;59004;50007;57006;1.004664E-09;1;ОС-1:;состояние1_k-13.sig;1 дополнительное:;состояние2_k-39.sig;-0.1096995;0.0002610748;5.723696;43;0.1033588;699;3.620276;5.813847;274;5.620337
62;59004;50007;57006;1.004664E-09;1;ОС-1:;состояние1_k-13.sig;1 дополнительное:;состояние2_k-40.sig;-0.1096995;-1.009554E-08;5.723696;43;0.1709666;2;3.648378;5.87939;4;5.552729
62;59004;50007;57006;1.004664E-09;1;ОС-1:;состояние1_k-14.sig;1 дополнительное:;состояние2_k-21.sig;-0.03375275;0.008313612;5.096256;172;0.7879476;397;3.260025;5.87728;636;4.308309
62;59004;50007;57006;1.004664E-09;1;ОС-1:;состояние1_k-14.sig;1 дополнительное:;состояние2_k-22.sig;-0.03375275;0.00553396;5.096256;172;0.4429393;144;3.241388;5.530868;29;4.653317
62;59004;50007;57006;1.004664E-09;1;ОС-1:;состояние1_k-14.sig;1 дополнительное:;состояние2_k-23.sig;-0.03375275;0.0005444344;5.096256;172;0.2003068;42;3.22752;5.296256;672;4.895949
62;59004;50007;57006;1.004664E-09;1;ОС-1:;состояние1_k-14.sig;1 дополнительное:;состояние2_k-24.sig;-0.03375275;-0.000974059;5.096256;172;0.1058456;110;3.223526;5.201712;172;4.990411
62;59004;50007;57006;1.004664E-09;1;ОС-1:;состояние1_k-14.sig;1 дополнительное:;состояние2_k-25.sig;-0.03375275;0;5.096256;172;0.1471648;15;3.225833;5.242961;315;4.949091
62;59004;50007;57006;1.004664E-09;1;ОС-1:;состояние1_k-14.sig;1 дополнительное:;состояние2_k-26.sig;-0.03375275;0.0004310453;5.096256;172;0.1721031;7;3.227983;5.25408;101;4.924153
62;59004;50007;57006;1.004664E-09;1;ОС-1:;состояние1_k-14.sig;1 дополнительное:;состояние2_k-27.sig;-0.03375275;-0.000273566;5.096256;172;0.156518;371;3.226323;5.251898;315;4.939738
62;59004;50007;57006;1.004664E-09;1;ОС-1:;состояние1_k-14.sig;1 дополнительное:;состояние2_k-28.sig;-0.03375275;-0.0007072785;5.096256;172;0.1101312;102;3.224387;5.20292;65;4.986125
62;59004;50007;57006;1.004664E-09;1;ОС-1:;состояние1_k-14.sig;1 дополнительное:;состояние2_k-29.sig;-0.03375275;-0.0002889394;5.096256;172;0.04631875;24;3.223256;5.141078;386;5.049938
62;59004;50007;57006;1.004664E-09;1;ОС-1:;состояние1_k-14.sig;1 дополнительное:;состояние2_k-30.sig;-0.03375275;0;5.096256;172;0.02270418;36;3.223732;5.117463;136;5.073552
62;59004;50007;57006;1.004664E-09;1;ОС-1:;состояние1_k-14.sig;1 дополнительное:;состояние2_k-31.sig;-0.03375275;-0.0006301296;5.096256;172;0.08452523;481;3.223933;5.180211;529;5.011731
62;59004;50007;57006;1.004664E-09;1;ОС-1:;состояние1_k-14.sig;1 дополнительное:;состояние2_k-32.sig;-0.03375275;-0.001534189;5.096256;172;0.1315016;55;3.222425;5.223314;493;4.964755
62;59004;50007;57006;1.004664E-09;1;ОС-1:;состояние1_k-14.sig;1 дополнительное:;состояние2_k-33.sig;-0.03375275;-0.001587458;5.096256;172;0.1579058;291;3.222576;5.252071;458;4.938351
62;59004;50007;57006;1.004664E-09;1;ОС-1:;состояние1_k-14.sig;1 дополнительное:;состояние2_k-34.sig;-0.03375275;-0.000743581;5.096256;172;0.1609299;425;3.224045;5.252729;29;4.935327
62;59004;50007;57006;1.004664E-09;1;ОС-1:;состояние1_k-14.sig;1 дополнительное:;состояние2_k-35.sig;-0.03375275;0;5.096256;172;0.1408045;37;3.22431;5.235505;65;4.955452
62;59004;50007;57006;1.004664E-09;1;ОС-1:;состояние1_k-14.sig;1 дополнительное:;состояние2_k-36.sig;-0.03375275;5.050254E-06;5.096256;172;0.1004073;87;3.224677;5.192863;101;4.995849
62;59004;50007;57006;1.004664E-09;1;ОС-1:;состояние1_k-14.sig;1 дополнительное:;состояние2_k-37.sig;-0.03375275;-0.0002700068;5.096256;172;0.04654999;728;3.223747;5.141479;565;5.049706
62;59004;50007;57006;1.004664E-09;1;ОС-1:;состояние1_k-14.sig;1 дополнительное:;состояние2_k-38.sig;-0.03375275;-0.0001225883;5.096256;172;0.03706674;118;3.223191;5.132705;65;5.059189
62;59004;50007;57006;1.004664E-09;1;ОС-1:;состояние1_k-14.sig;1 дополнительное:;состояние2_k-39.sig;-0.03375275;0.0002610748;5.096256;172;0.1033588;699;3.224729;5.194452;136;4.992898
62;59004;50007;57006;1.004664E-09;1;ОС-1:;состояние1_k-14.sig;1 дополнительное:;состояние2_k-40.sig;-0.03375275;-1.009554E-08;5.096256;172;0.1709666;2;3.228453;5.267909;315;4.92529
62;59004;50007;57006;1.004664E-09;1;ОС-1:;состояние1_k-15.sig;1 дополнительное:;состояние2_k-21.sig;0;0.008313612;4.413599;84;0.7879476;397;2.837827;5.134638;418;3.625651
62;59004;50007;57006;1.004664E-09;1;ОС-1:;состояние1_k-15.sig;1 дополнительное:;состояние2_k-22.sig;0;0.00553396;4.413599;84;0.4429393;144;2.824475;4.852955;484;3.97066
62;59004;50007;57006;1.004664E-09;1;ОС-1:;состояние1_k-15.sig;1 дополнительное:;состояние2_k-23.sig;0;0.0005444344;4.413599;84;0.2003068;42;2.81507;4.609412;151;4.213292
62;59004;50007;57006;1.004664E-09;1;ОС-1:;состояние1_k-15.sig;1 дополнительное:;состояние2_k-24.sig;0;-0.000974059;4.413599;84;0.1058456;110;2.810643;4.51696;317;4.307754
62;59004;50007;57006;1.004664E-09;1;ОС-1:;состояние1_k-15.sig;1 дополнительное:;состояние2_k-25.sig;0;0;4.413599;84;0.1471648;15;2.810462;4.532293;51;4.266434
62;59004;50007;57006;1.004664E-09;1;ОС-1:;состояние1_k-15.sig;1 дополнительное:;состояние2_k-26.sig;0;0.0004310453;4.413599;84;0.1721031;7;2.812097;4.585687;584;4.241496
62;59004;50007;57006;1.004664E-09;1;ОС-1:;состояние1_k-15.sig;1 дополнительное:;состояние2_k-27.sig;0;-0.000273566;4.413599;84;0.156518;371;2.812139;4.56287;184;4.257081
62;59004;50007;57006;1.004664E-09;1;ОС-1:;состояние1_k-15.sig;1 дополнительное:;состояние2_k-28.sig;0;-0.0007072785;4.413599;84;0.1101312;102;2.811071;4.523673;84;4.303468
62;59004;50007;57006;1.004664E-09;1;ОС-1:;состояние1_k-15.sig;1 дополнительное:;состояние2_k-29.sig;0;-0.0002889394;4.413599;84;0.04631875;24;2.810291;4.458392;284;4.36728
62;59004;50007;57006;1.004664E-09;1;ОС-1:;состояние1_k-15.sig;1 дополнительное:;состояние2_k-30.sig;0;0;4.413599;84;0.02270418;36;2.81021;4.434558;84;4.390895
62;59004;50007;57006;1.004664E-09;1;ОС-1:;состояние1_k-15.sig;1 дополнительное:;состояние2_k-31.sig;0;-0.0006301296;4.413599;84;0.08452523;481;2.810268;4.498052;384;4.329074
62;59004;50007;57006;1.004664E-09;1;ОС-1:;состояние1_k-15.sig;1 дополнительное:;состояние2_k-32.sig;0;-0.001534189;4.413599;84;0.1315016;55;2.810759;4.54465;117;4.282097
62;59004;50007;57006;1.004664E-09;1;ОС-1:;состояние1_k-15.sig;1 дополнительное:;состояние2_k-33.sig;0;-0.001587458;4.413599;84;0.1579058;291;2.811123;4.56106;217;4.255693
62;59004;50007;57006;1.004664E-09;1;ОС-1:;состояние1_k-15.sig;1 дополнительное:;состояние2_k-34.sig;0;-0.000743581;4.413599;84;0.1609299;425;2.811105;4.571921;617;4.252669
62;59004;50007;57006;1.004664E-09;1;ОС-1:;состояние1_k-15.sig;1 дополнительное:;состояние2_k-35.sig;0;0;4.413599;84;0.1408045;37;2.81178;4.508606;83;4.272795
62;59004;50007;57006;1.004664E-09;1;ОС-1:;состояние1_k-15.sig;1 дополнительное:;состояние2_k-36.sig;0;5.050254E-06;4.413599;84;0.1004073;87;2.809917;4.513841;684;4.313192
62;59004;50007;57006;1.004664E-09;1;ОС-1:;состояние1_k-15.sig;1 дополнительное:;состояние2_k-37.sig;0;-0.0002700068;4.413599;84;0.04654999;728;2.809944;4.459992;417;4.367049
62;59004;50007;57006;1.004664E-09;1;ОС-1:;состояние1_k-15.sig;1 дополнительное:;состояние2_k-38.sig;0;-0.0001225883;4.413599;84;0.03706674;118;2.810579;4.450628;684;4.376532
62;59004;50007;57006;1.004664E-09;1;ОС-1:;состояние1_k-15.sig;1 дополнительное:;состояние2_k-39.sig;0;0.0002610748;4.413599;84;0.1033588;699;2.811031;4.502404;184;4.31024
62;59004;50007;57006;1.004664E-09;1;ОС-1:;состояние1_k-15.sig;1 дополнительное:;состояние2_k-40.sig;0;-1.009554E-08;4.413599;84;0.1709666;2;2.81098;4.570007;51;4.242632
62;59004;50007;57006;1.004664E-09;1;ОС-1:;состояние1_k-16.sig;1 дополнительное:;состояние2_k-21.sig;-0.01181063;0.008313612;3.709305;69;0.7879476;397;2.4012;4.491779;350;2.921357
62;59004;50007;57006;1.004664E-09;1;ОС-1:;состояние1_k-16.sig;1 дополнительное:;состояние2_k-22.sig;-0.01181063;0.00553396;3.709305;69;0.4429393;144;2.390836;4.149381;257;3.266365
62;59004;50007;57006;1.004664E-09;1;ОС-1:;состояние1_k-16.sig;1 дополнительное:;состояние2_k-23.sig;-0.01181063;0.0005444344;3.709305;69;0.2003068;42;2.386911;3.909583;194;3.508998
62;59004;50007;57006;1.004664E-09;1;ОС-1:;состояние1_k-16.sig;1 дополнительное:;состояние2_k-24.sig;-0.01181063;-0.000974059;3.709305;69;0.1058456;110;2.38105;3.812638;7;3.603459
62;59004;50007;57006;1.004664E-09;1;ОС-1:;состояние1_k-16.sig;1 дополнительное:;состояние2_k-25.sig;-0.01181063;0;3.709305;69;0.1471648;15;2.378731;3.855689;194;3.56214
62;59004;50007;57006;1.004664E-09;1;ОС-1:;состояние1_k-16.sig;1 дополнительное:;состояние2_k-26.sig;-0.01181063;0.0004310453;3.709305;69;0.1721031;7;2.380044;3.880321;257;3.537201
62;59004;50007;57006;1.004664E-09;1;ОС-1:;состояние1_k-16.sig;1 дополнительное:;состояние2_k-27.sig;-0.01181063;-0.000273566;3.709305;69;0.156518;371;2.382214;3.86618;38;3.552787
62;59004;50007;57006;1.004664E-09;1;ОС-1:;состояние1_k-16.sig;1 дополнительное:;состояние2_k-28.sig;-0.01181063;-0.0007072785;3.709305;69;0.1101312;102;2.38216;3.812435;101;3.599173
62;59004;50007;57006;1.004664E-09;1;ОС-1:;состояние1_k-16.sig;1 дополнительное:;состояние2_k-29.sig;-0.01181063;-0.0002889394;3.709305;69;0.04631875;24;2.380073;3.755321;163;3.662986
62;59004;50007;57006;1.004664E-09;1;ОС-1:;состояние1_k-16.sig;1 дополнительное:;состояние2_k-30.sig;-0.01181063;0;3.709305;69;0.02270418;36;2.379293;3.731938;319;3.6866
62;59004;50007;57006;1.004664E-09;1;ОС-1:;состояние1_k-16.sig;1 дополнительное:;состояние2_k-31.sig;-0.01181063;-0.0006301296;3.709305;69;0.08452523;481;2.379923;3.793953;288;3.624779
62;59004;50007;57006;1.004664E-09;1;ОС-1:;состояние1_k-16.sig;1 дополнительное:;состояние2_k-32.sig;-0.01181063;-0.001534189;3.709305;69;0.1315016;55;2.380949;3.837103;7;3.577803
62;59004;50007;57006;1.004664E-09;1;ОС-1:;состояние1_k-16.sig;1 дополнительное:;состояние2_k-33.sig;-0.01181063;-0.001587458;3.709305;69;0.1579058;291;2.3798;3.865754;413;3.551399
62;59004;50007;57006;1.004664E-09;1;ОС-1:;состояние1_k-16.sig;1 дополнительное:;состояние2_k-34.sig;-0.01181063;-0.000743581;3.709305;69;0.1609299;425;2.379097;3.864571;382;3.548375
62;59004;50007;57006;1.004664E-09;1;ОС-1:;состояние1_k-16.sig;1 дополнительное:;состояние2_k-35.sig;-0.01181063;0;3.709305;69;0.1408045;37;2.379234;3.850043;194;3.5685
62;59004;50007;57006;1.004664E-09;1;ОС-1:;состояние1_k-16.sig;1 дополнительное:;состояние2_k-36.sig;-0.01181063;5.050254E-06;3.709305;69;0.1004073;87;2.380224;3.804564;225;3.608897
62;59004;50007;57006;1.004664E-09;1;ОС-1:;состояние1_k-16.sig;1 дополнительное:;состояние2_k-37.sig;-0.01181063;-0.0002700068;3.709305;69;0.04654999;728;2.379887;3.755799;444;3.662755
62;59004;50007;57006;1.004664E-09;1;ОС-1:;состояние1_k-16.sig;1 дополнительное:;состояние2_k-38.sig;-0.01181063;-0.0001225883;3.709305;69;0.03706674;118;2.379145;3.745792;38;3.672238
62;59004;50007;57006;1.004664E-09;1;ОС-1:;состояние1_k-16.sig;1 дополнительное:;состояние2_k-39.sig;-0.01181063;0.0002610748;3.709305;69;0.1033588;699;2.379231;3.811523;288;3.605946
62;59004;50007;57006;1.004664E-09;1;ОС-1:;состояние1_k-16.sig;1 дополнительное:;состояние2_k-40.sig;-0.01181063;-1.009554E-08;3.709305;69;0.1709666;2;2.380449;3.864809;101;3.538338
62;59004;50007;57006;1.004664E-09;1;ОС-1:;состояние1_k-17.sig;1 дополнительное:;состояние2_k-21.sig;-0.03434442;0.008313612;3.014555;468;0.7879476;397;1.96022;3.801157;468;2.226608
62;59004;50007;57006;1.004664E-09;1;ОС-1:;состояние1_k-17.sig;1 дополнительное:;состояние2_k-22.sig;-0.03434442;0.00553396;3.014555;468;0.4429393;144;1.932048;3.453657;144;2.571616
62;59004;50007;57006;1.004664E-09;1;ОС-1:;состояние1_k-17.sig;1 дополнительное:;состояние2_k-23.sig;-0.03434442;0.0005444344;3.014555;468;0.2003068;42;1.929626;3.212068;86;2.814249
62;59004;50007;57006;1.004664E-09;1;ОС-1:;состояние1_k-17.sig;1 дополнительное:;состояние2_k-24.sig;-0.03434442;-0.000974059;3.014555;468;0.1058456;110;1.927664;3.119801;27;2.90871
62;59004;50007;57006;1.004664E-09;1;ОС-1:;состояние1_k-17.sig;1 дополнительное:;состояние2_k-25.sig;-0.03434442;0;3.014555;468;0.1471648;15;1.923615;3.161656;115;2.867391
62;59004;50007;57006;1.004664E-09;1;ОС-1:;состояние1_k-17.sig;1 дополнительное:;состояние2_k-26.sig;-0.03434442;0.0004310453;3.014555;468;0.1721031;7;1.922668;3.184757;527;2.842452
62;59004;50007;57006;1.004664E-09;1;ОС-1:;состояние1_k-17.sig;1 дополнительное:;состояние2_k-27.sig;-0.03434442;-0.000273566;3.014555;468;0.156518;371;1.924816;3.170041;56;2.858037
62;59004;50007;57006;1.004664E-09;1;ОС-1:;состояние1_k-17.sig;1 дополнительное:;состояние2_k-28.sig;-0.03434442;-0.0007072785;3.014555;468;0.1101312;102;1.926141;3.12399;674;2.904424
62;59004;50007;57006;1.004664E-09;1;ОС-1:;состояние1_k-17.sig;1 дополнительное:;состояние2_k-29.sig;-0.03434442;-0.0002889394;3.014555;468;0.04631875;24;1.924984;3.05687;350;2.968237
62;59004;50007;57006;1.004664E-09;1;ОС-1:;состояние1_k-17.sig;1 дополнительное:;состояние2_k-30.sig;-0.03434442;0;3.014555;468;0.02270418;36;1.923263;3.035735;203;2.991851
62;59004;50007;57006;1.004664E-09;1;ОС-1:;состояние1_k-17.sig;1 дополнительное:;состояние2_k-31.sig;-0.03434442;-0.0006301296;3.014555;468;0.08452523;481;1.924063;3.098391;174;2.93003
62;59004;50007;57006;1.004664E-09;1;ОС-1:;состояние1_k-17.sig;1 дополнительное:;состояние2_k-32.sig;-0.03434442;-0.001534189;3.014555;468;0.1315016;55;1.925041;3.143935;86;2.883054
62;59004;50007;57006;1.004664E-09;1;ОС-1:;состояние1_k-17.sig;1 дополнительное:;состояние2_k-33.sig;-0.03434442;-0.001587458;3.014555;468;0.1579058;291;1.924966;3.172086;321;2.85665
62;59004;50007;57006;1.004664E-09;1;ОС-1:;состояние1_k-17.sig;1 дополнительное:;состояние2_k-34.sig;-0.03434442;-0.000743581;3.014555;468;0.1609299;425;1.925639;3.171729;527;2.853626
62;59004;50007;57006;1.004664E-09;1;ОС-1:;состояние1_k-17.sig;1 дополнительное:;состояние2_k-35.sig;-0.03434442;0;3.014555;468;0.1408045;37;1.923126;3.154349;380;2.873751
62;59004;50007;57006;1.004664E-09;1;ОС-1:;состояние1_k-17.sig;1 дополнительное:;состояние2_k-36.sig;-0.03434442;5.050254E-06;3.014555;468;0.1004073;87;1.92315;3.114811;615;2.914148
62;59004;50007;57006;1.004664E-09;1;ОС-1:;состояние1_k-17.sig;1 дополнительное:;состояние2_k-37.sig;-0.03434442;-0.0002700068;3.014555;468;0.04654999;728;1.924156;3.060869;174;2.968005
62;59004;50007;57006;1.004664E-09;1;ОС-1:;состояние1_k-17.sig;1 дополнительное:;состояние2_k-38.sig;-0.03434442;-0.0001225883;3.014555;468;0.03706674;118;1.923628;3.050774;762;2.977489
62;59004;50007;57006;1.004664E-09;1;ОС-1:;состояние1_k-17.sig;1 дополнительное:;состояние2_k-39.sig;-0.03434442;0.0002610748;3.014555;468;0.1033588;699;1.92269;3.11646;174;2.911197
62;59004;50007;57006;1.004664E-09;1;ОС-1:;состояние1_k-17.sig;1 дополнительное:;состояние2_k-40.sig;-0.03434442;-1.009554E-08;3.014555;468;0.1709666;2;1.922774;3.186604;115;2.843589
62;59004;50007;57006;1.004664E-09;1;ОС-1:;состояние1_k-18.sig;1 дополнительное:;состояние2_k-21.sig;-0.03750918;0.008313612;2.354829;378;0.7879476;397;1.572216;3.139431;350;1.566881
62;59004;50007;57006;1.004664E-09;1;ОС-1:;состояние1_k-18.sig;1 дополнительное:;состояние2_k-22.sig;-0.03750918;0.00553396;2.354829;378;0.4429393;144;1.515066;2.791216;212;1.911889
62;59004;50007;57006;1.004664E-09;1;ОС-1:;состояние1_k-18.sig;1 дополнительное:;состояние2_k-23.sig;-0.03750918;0.0005444344;2.354829;378;0.2003068;42;1.502585;2.553417;128;2.154522
62;59004;50007;57006;1.004664E-09;1;ОС-1:;состояние1_k-18.sig;1 дополнительное:;состояние2_k-24.sig;-0.03750918;-0.000974059;2.354829;378;0.1058456;110;1.501982;2.45128;45;2.248983
62;59004;50007;57006;1.004664E-09;1;ОС-1:;состояние1_k-18.sig;1 дополнительное:;состояние2_k-25.sig;-0.03750918;0;2.354829;378;0.1471648;15;1.500412;2.500469;295;2.207664
62;59004;50007;57006;1.004664E-09;1;ОС-1:;состояние1_k-18.sig;1 дополнительное:;состояние2_k-26.sig;-0.03750918;0.0004310453;2.354829;378;0.1721031;7;1.498708;2.523199;239;2.182725
62;59004;50007;57006;1.004664E-09;1;ОС-1:;состояние1_k-18.sig;1 дополнительное:;состояние2_k-27.sig;-0.03750918;-0.000273566;2.354829;378;0.156518;371;1.499295;2.50166;295;2.198311
62;59004;50007;57006;1.004664E-09;1;ОС-1:;состояние1_k-18.sig;1 дополнительное:;состояние2_k-28.sig;-0.03750918;-0.0007072785;2.354829;378;0.1101312;102;1.500043;2.464071;156;2.244697
62;59004;50007;57006;1.004664E-09;1;ОС-1:;состояние1_k-18.sig;1 дополнительное:;состояние2_k-29.sig;-0.03750918;-0.0002889394;2.354829;378;0.04631875;24;1.499814;2.400885;128;2.30851
62;59004;50007;57006;1.004664E-09;1;ОС-1:;состояние1_k-18.sig;1 дополнительное:;состояние2_k-30.sig;-0.03750918;0;2.354829;378;0.02270418;36;1.498602;2.373982;239;2.332124
62;59004;50007;57006;1.004664E-09;1;ОС-1:;состояние1_k-18.sig;1 дополнительное:;состояние2_k-31.sig;-0.03750918;-0.0006301296;2.354829;378;0.08452523;481;1.498255;2.439115;739;2.270303
62;59004;50007;57006;1.004664E-09;1;ОС-1:;состояние1_k-18.sig;1 дополнительное:;состояние2_k-32.sig;-0.03750918;-0.001534189;2.354829;378;0.1315016;55;1.498714;2.484508;461;2.223327
62;59004;50007;57006;1.004664E-09;1;ОС-1:;состояние1_k-18.sig;1 дополнительное:;состояние2_k-33.sig;-0.03750918;-0.001587458;2.354829;378;0.1579058;291;1.499846;2.508934;489;2.196923
62;59004;50007;57006;1.004664E-09;1;ОС-1:;состояние1_k-18.sig;1 дополнительное:;состояние2_k-34.sig;-0.03750918;-0.000743581;2.354829;378;0.1609299;425;1.500202;2.512575;72;2.193899
62;59004;50007;57006;1.004664E-09;1;ОС-1:;состояние1_k-18.sig;1 дополнительное:;состояние2_k-35.sig;-0.03750918;0;2.354829;378;0.1408045;37;1.499383;2.491593;295;2.214024
62;59004;50007;57006;1.004664E-09;1;ОС-1:;состояние1_k-18.sig;1 дополнительное:;состояние2_k-36.sig;-0.03750918;5.050254E-06;2.354829;378;0.1004073;87;1.49972;2.454211;267;2.254421
62;59004;50007;57006;1.004664E-09;1;ОС-1:;состояние1_k-18.sig;1 дополнительное:;состояние2_k-37.sig;-0.03750918;-0.0002700068;2.354829;378;0.04654999;728;1.498837;2.40035;350;2.308279
62;59004;50007;57006;1.004664E-09;1;ОС-1:;состояние1_k-18.sig;1 дополнительное:;состояние2_k-38.sig;-0.03750918;-0.0001225883;2.354829;378;0.03706674;118;1.498844;2.389269;211;2.317762
62;59004;50007;57006;1.004664E-09;1;ОС-1:;состояние1_k-18.sig;1 дополнительное:;состояние2_k-39.sig;-0.03750918;0.0002610748;2.354829;378;0.1033588;699;1.498842;2.457414;378;2.25147
62;59004;50007;57006;1.004664E-09;1;ОС-1:;состояние1_k-18.sig;1 дополнительное:;состояние2_k-40.sig;-0.03750918;-1.009554E-08;2.354829;378;0.1709666;2;1.499444;2.525372;128;2.183862
62;59004;50007;57006;1.004664E-09;1;ОС-1:;состояние1_k-19.sig;1 дополнительное:;состояние2_k-21.sig;-0.02003578;0.008313612;1.753279;508;0.7879476;397;1.249071;2.539495;87;0.965331
62;59004;50007;57006;1.004664E-09;1;ОС-1:;состояние1_k-19.sig;1 дополнительное:;состояние2_k-22.sig;-0.02003578;0.00553396;1.753279;508;0.4429393;144;1.155843;2.195694;8;1.310339
62;59004;50007;57006;1.004664E-09;1;ОС-1:;состояние1_k-19.sig;1 дополнительное:;состояние2_k-23.sig;-0.02003578;0.0005444344;1.753279;508;0.2003068;42;1.12443;1.952217;455;1.552972
62;59004;50007;57006;1.004664E-09;1;ОС-1:;состояние1_k-19.sig;1 дополнительное:;состояние2_k-24.sig;-0.02003578;-0.000974059;1.753279;508;0.1058456;110;1.122239;1.856385;692;1.647433
62;59004;50007;57006;1.004664E-09;1;ОС-1:;состояние1_k-19.sig;1 дополнительное:;состояние2_k-25.sig;-0.02003578;0;1.753279;508;0.1471648;15;1.124654;1.898693;34;1.606114
62;59004;50007;57006;1.004664E-09;1;ОС-1:;состояние1_k-19.sig;1 дополнительное:;состояние2_k-26.sig;-0.02003578;0.0004310453;1.753279;508;0.1721031;7;1.123465;1.923065;8;1.581176
62;59004;50007;57006;1.004664E-09;1;ОС-1:;состояние1_k-19.sig;1 дополнительное:;состояние2_k-27.sig;-0.02003578;-0.000273566;1.753279;508;0.156518;371;1.121578;1.908255;482;1.596761
62;59004;50007;57006;1.004664E-09;1;ОС-1:;состояние1_k-19.sig;1 дополнительное:;состояние2_k-28.sig;-0.02003578;-0.0007072785;1.753279;508;0.1101312;102;1.121274;1.862949;745;1.643147
62;59004;50007;57006;1.004664E-09;1;ОС-1:;состояние1_k-19.sig;1 дополнительное:;состояние2_k-29.sig;-0.02003578;-0.0002889394;1.753279;508;0.04631875;24;1.121698;1.798225;455;1.70696
62;59004;50007;57006;1.004664E-09;1;ОС-1:;состояние1_k-19.sig;1 дополнительное:;состояние2_k-30.sig;-0.02003578;0;1.753279;508;0.02270418;36;1.121194;1.775576;87;1.730574
62;59004;50007;57006;1.004664E-09;1;ОС-1:;состояние1_k-19.sig;1 дополнительное:;состояние2_k-31.sig;-0.02003578;-0.0006301296;1.753279;508;0.08452523;481;1.120654;1.835148;61;1.668753
62;59004;50007;57006;1.004664E-09;1;ОС-1:;состояние1_k-19.sig;1 дополнительное:;состояние2_k-32.sig;-0.02003578;-0.001534189;1.753279;508;0.1315016;55;1.120824;1.884821;508;1.621777
62;59004;50007;57006;1.004664E-09;1;ОС-1:;состояние1_k-19.sig;1 дополнительное:;состояние2_k-33.sig;-0.02003578;-0.001587458;1.753279;508;0.1579058;291;1.122159;1.909715;245;1.595373
62;59004;50007;57006;1.004664E-09;1;ОС-1:;состояние1_k-19.sig;1 дополнительное:;состояние2_k-34.sig;-0.02003578;-0.000743581;1.753279;508;0.1609299;425;1.122998;1.913922;87;1.592349
62;59004;50007;57006;1.004664E-09;1;ОС-1:;состояние1_k-19.sig;1 дополнительное:;состояние2_k-35.sig;-0.02003578;0;1.753279;508;0.1408045;37;1.122549;1.893469;8;1.612474
62;59004;50007;57006;1.004664E-09;1;ОС-1:;состояние1_k-19.sig;1 дополнительное:;состояние2_k-36.sig;-0.02003578;5.050254E-06;1.753279;508;0.1004073;87;1.121805;1.853605;587;1.652871
62;59004;50007;57006;1.004664E-09;1;ОС-1:;состояние1_k-19.sig;1 дополнительное:;состояние2_k-37.sig;-0.02003578;-0.0002700068;1.753279;508;0.04654999;728;1.121105;1.797464;376;1.706729
62;59004;50007;57006;1.004664E-09;1;ОС-1:;состояние1_k-19.sig;1 дополнительное:;состояние2_k-38.sig;-0.02003578;-0.0001225883;1.753279;508;0.03706674;118;1.121446;1.769871;482;1.716212
62;59004;50007;57006;1.004664E-09;1;ОС-1:;состояние1_k-19.sig;1 дополнительное:;состояние2_k-39.sig;-0.02003578;0.0002610748;1.753279;508;0.1033588;699;1.122033;1.85471;455;1.64992
62;59004;50007;57006;1.004664E-09;1;ОС-1:;состояние1_k-19.sig;1 дополнительное:;состояние2_k-40.sig;-0.02003578;-1.009554E-08;1.753279;508;0.1709666;2;1.122356;1.922809;140;1.582312
62;59004;50007;57006;1.004664E-09;1;ОС-1:;состояние1_k-20.sig;1 дополнительное:;состояние2_k-21.sig;0;0.008313612;1.226783;25;0.7879476;397;0.9817438;2.012377;325;0.4388352
62;59004;50007;57006;1.004664E-09;1;ОС-1:;состояние1_k-20.sig;1 дополнительное:;состояние2_k-22.sig;0;0.00553396;1.226783;25;0.4429393;144;0.8456599;1.666811;75;0.7838435
62;59004;50007;57006;1.004664E-09;1;ОС-1:;состояние1_k-20.sig;1 дополнительное:;состояние2_k-23.sig;0;0.0005444344;1.226783;25;0.2003068;42;0.7888165;1.42669;325;1.026476
62;59004;50007;57006;1.004664E-09;1;ОС-1:;состояние1_k-20.sig;1 дополнительное:;состояние2_k-24.sig;0;-0.000974059;1.226783;25;0.1058456;110;0.778317;1.329008;150;1.120937
62;59004;50007;57006;1.004664E-09;1;ОС-1:;состояние1_k-20.sig;1 дополнительное:;состояние2_k-25.sig;0;0;1.226783;25;0.1471648;15;0.7839949;1.373948;75;1.079618
62;59004;50007;57006;1.004664E-09;1;ОС-1:;состояние1_k-20.sig;1 дополнительное:;состояние2_k-26.sig;0;0.0004310453;1.226783;25;0.1721031;7;0.7862044;1.397769;200;1.05468
62;59004;50007;57006;1.004664E-09;1;ОС-1:;состояние1_k-20.sig;1 дополнительное:;состояние2_k-27.sig;0;-0.000273566;1.226783;25;0.156518;371;0.7833596;1.383085;575;1.070265
62;59004;50007;57006;1.004664E-09;1;ОС-1:;состояние1_k-20.sig;1 дополнительное:;состояние2_k-28.sig;0;-0.0007072785;1.226783;25;0.1101312;102;0.7804583;1.329856;100;1.116652
62;59004;50007;57006;1.004664E-09;1;ОС-1:;состояние1_k-20.sig;1 дополнительное:;состояние2_k-29.sig;0;-0.0002889394;1.226783;25;0.04631875;24;0.7807432;1.27308;300;1.180464
62;59004;50007;57006;1.004664E-09;1;ОС-1:;состояние1_k-20.sig;1 дополнительное:;состояние2_k-30.sig;0;0;1.226783;25;0.02270418;36;0.7815085;1.246482;0;1.204079
62;59004;50007;57006;1.004664E-09;1;ОС-1:;состояние1_k-20.sig;1 дополнительное:;состояние2_k-31.sig;0;-0.0006301296;1.226783;25;0.08452523;481;0.7806354;1.310962;175;1.142258
62;59004;50007;57006;1.004664E-09;1;ОС-1:;состояние1_k-20.sig;1 дополнительное:;состояние2_k-32.sig;0;-0.001534189;1.226783;25;0.1315016;55;0.7801164;1.35334;150;1.095281
62;59004;50007;57006;1.004664E-09;1;ОС-1:;состояние1_k-20.sig;1 дополнительное:;состояние2_k-33.sig;0;-0.001587458;1.226783;25;0.1579058;291;0.7811106;1.384658;200;1.068877
62;59004;50007;57006;1.004664E-09;1;ОС-1:;состояние1_k-20.sig;1 дополнительное:;состояние2_k-34.sig;0;-0.000743581;1.226783;25;0.1609299;425;0.7830561;1.387713;175;1.065853
62;59004;50007;57006;1.004664E-09;1;ОС-1:;состояние1_k-20.sig;1 дополнительное:;состояние2_k-35.sig;0;0;1.226783;25;0.1408045;37;0.7838995;1.362029;150;1.085978
62;59004;50007;57006;1.004664E-09;1;ОС-1:;состояние1_k-20.sig;1 дополнительное:;состояние2_k-36.sig;0;5.050254E-06;1.226783;25;0.1004073;87;0.7822117;1.319163;74;1.126375
62;59004;50007;57006;1.004664E-09;1;ОС-1:;состояние1_k-20.sig;1 дополнительное:;состояние2_k-37.sig;0;-0.0002700068;1.226783;25;0.04654999;728;0.7809157;1.273226;525;1.180233
62;59004;50007;57006;1.004664E-09;1;ОС-1:;состояние1_k-20.sig;1 дополнительное:;состояние2_k-38.sig;0;-0.0001225883;1.226783;25;0.03706674;118;0.7813048;1.26368;250;1.189716
62;59004;50007;57006;1.004664E-09;1;ОС-1:;состояние1_k-20.sig;1 дополнительное:;состояние2_k-39.sig;0;0.0002610748;1.226783;25;0.1033588;699;0.7831842;1.329873;750;1.123424
62;59004;50007;57006;1.004664E-09;1;ОС-1:;состояние1_k-20.sig;1 дополнительное:;состояние2_k-40.sig;0;-1.009554E-08;1.226783;25;0.1709666;2;0.7864763;1.374243;1;1.055816
62;57003;55001;50007;7.252675E-10;0.9999998;ОС-1:;состояние1_k-1.sig;1 дополнительное:;состояние2_k-21.sig;0.28225;0.008304422;1.265678;351;0.7871342;397;0.8327635;2.040222;373;0.4785439
62;57003;55001;50007;7.252675E-10;0.9999998;ОС-1:;состояние1_k-1.sig;1 дополнительное:;состояние2_k-22.sig;0.28225;0.005513245;1.265678;351;0.4419048;144;0.7614916;1.706636;349;0.8237734
62;57003;55001;50007;7.252675E-10;0.9999998;ОС-1:;состояние1_k-1.sig;1 дополнительное:;состояние2_k-23.sig;0.28225;0.0005209497;1.265678;351;0.1993815;781;0.7320462;1.457667;368;1.066297
62;57003;55001;50007;7.252675E-10;0.9999998;ОС-1:;состояние1_k-1.sig;1 дополнительное:;состояние2_k-24.sig;0.28225;-0.0009868126;1.265678;351;0.1066475;110;0.7254871;1.368836;339;1.159031
62;57003;55001;50007;7.252675E-10;0.9999998;ОС-1:;состояние1_k-1.sig;1 дополнительное:;состояние2_k-25.sig;0.28225;0;1.265678;351;0.1490166;15;0.7294738;1.414252;355;1.116662
62;57003;55001;50007;7.252675E-10;0.9999998;ОС-1:;состояние1_k-1.sig;1 дополнительное:;состояние2_k-26.sig;0.28225;0.0004302163;1.265678;351;0.1742284;7;0.7299842;1.43285;334;1.09145
62;57003;55001;50007;7.252675E-10;0.9999998;ОС-1:;состояние1_k-1.sig;1 дополнительное:;состояние2_k-27.sig;0.28225;-0.0002888358;1.265678;351;0.1587173;408;0.7282668;1.423923;352;1.106961
62;57003;55001;50007;7.252675E-10;0.9999998;ОС-1:;состояние1_k-1.sig;1 дополнительное:;состояние2_k-28.sig;0.28225;-0.0007337715;1.265678;351;0.1123329;102;0.7262586;1.370946;334;1.153345
62;57003;55001;50007;7.252675E-10;0.9999998;ОС-1:;состояние1_k-1.sig;1 дополнительное:;состояние2_k-29.sig;0.28225;-0.0003088684;1.265678;351;0.04851631;679;0.7259609;1.314057;351;1.217162
62;57003;55001;50007;7.252675E-10;0.9999998;ОС-1:;состояние1_k-1.sig;1 дополнительное:;состояние2_k-30.sig;0.28225;0;1.265678;351;0.02118249;70;0.7250543;1.286714;353;1.244496
62;57003;55001;50007;7.252675E-10;0.9999998;ОС-1:;состояние1_k-1.sig;1 дополнительное:;состояние2_k-31.sig;0.28225;-0.0006149911;1.265678;351;0.08285578;94;0.7264385;1.343074;336;1.182822
62;57003;55001;50007;7.252675E-10;0.9999998;ОС-1:;состояние1_k-1.sig;1 дополнительное:;состояние2_k-32.sig;0.28225;-0.001520416;1.265678;351;0.1299879;55;0.7259265;1.395563;352;1.13569
62;57003;55001;50007;7.252675E-10;0.9999998;ОС-1:;состояние1_k-1.sig;1 дополнительное:;состояние2_k-33.sig;0.28225;-0.001585496;1.265678;351;0.1564751;685;0.7274043;1.416659;337;1.109203
62;57003;55001;50007;7.252675E-10;0.9999998;ОС-1:;состояние1_k-1.sig;1 дополнительное:;состояние2_k-34.sig;0.28225;-0.0007487145;1.265678;351;0.1595789;278;0.728232;1.424434;352;1.106099
62;57003;55001;50007;7.252675E-10;0.9999998;ОС-1:;состояние1_k-1.sig;1 дополнительное:;состояние2_k-35.sig;0.28225;0;1.265678;351;0.1394471;37;0.7281123;1.40038;337;1.126231
62;57003;55001;50007;7.252675E-10;0.9999998;ОС-1:;состояние1_k-1.sig;1 дополнительное:;состояние2_k-36.sig;0.28225;1.661052E-05;1.265678;351;0.09895623;226;0.7264374;1.364634;351;1.166722
62;57003;55001;50007;7.252675E-10;0.9999998;ОС-1:;состояние1_k-1.sig;1 дополнительное:;состояние2_k-37.sig;0.28225;-0.0002508917;1.265678;351;0.04470434;647;0.7240543;1.306597;363;1.220974
62;57003;55001;50007;7.252675E-10;0.9999998;ОС-1:;состояние1_k-1.sig;1 дополнительное:;состояние2_k-38.sig;0.28225;-0.0001045968;1.265678;351;0.03710793;302;0.7250507;1.300583;342;1.22857
62;57003;55001;50007;7.252675E-10;0.9999998;ОС-1:;состояние1_k-1.sig;1 дополнительное:;состояние2_k-39.sig;0.28225;0.0002714932;1.265678;351;0.1045063;340;0.7267054;1.369944;353;1.161172
62;57003;55001;50007;7.252675E-10;0.9999998;ОС-1:;состояние1_k-1.sig;1 дополнительное:;состояние2_k-40.sig;0.28225;-8.195639E-10;1.265678;351;0.1726224;2;0.7297316;1.436437;340;1.093056
62;57003;55001;50007;7.252675E-10;0.9999998;ОС-1:;состояние1_k-2.sig;1 дополнительное:;состояние2_k-21.sig;0.3852462;0.008304422;2.487914;101;0.7871342;397;1.604713;3.27337;349;1.70078
62;57003;55001;50007;7.252675E-10;0.9999998;ОС-1:;состояние1_k-2.sig;1 дополнительное:;состояние2_k-22.sig;0.3852462;0.005513245;2.487914;101;0.4419048;144;1.594666;2.850811;120;2.046009
62;57003;55001;50007;7.252675E-10;0.9999998;ОС-1:;состояние1_k-2.sig;1 дополнительное:;состояние2_k-23.sig;0.3852462;0.0005209497;2.487914;101;0.1993815;781;1.574953;2.683341;347;2.288532
62;57003;55001;50007;7.252675E-10;0.9999998;ОС-1:;состояние1_k-2.sig;1 дополнительное:;состояние2_k-24.sig;0.3852462;-0.0009868126;2.487914;101;0.1066475;110;1.575011;2.580189;359;2.381266
62;57003;55001;50007;7.252675E-10;0.9999998;ОС-1:;состояние1_k-2.sig;1 дополнительное:;состояние2_k-25.sig;0.3852462;0;2.487914;101;0.1490166;15;1.571666;2.630371;595;2.338897
62;57003;55001;50007;7.252675E-10;0.9999998;ОС-1:;состояние1_k-2.sig;1 дополнительное:;состояние2_k-26.sig;0.3852462;0.0004302163;2.487914;101;0.1742284;7;1.578365;2.661154;103;2.313685
62;57003;55001;50007;7.252675E-10;0.9999998;ОС-1:;состояние1_k-2.sig;1 дополнительное:;состояние2_k-27.sig;0.3852462;-0.0002888358;2.487914;101;0.1587173;408;1.572013;2.636064;94;2.329196
62;57003;55001;50007;7.252675E-10;0.9999998;ОС-1:;состояние1_k-2.sig;1 дополнительное:;состояние2_k-28.sig;0.3852462;-0.0007337715;2.487914;101;0.1123329;102;1.57421;2.599966;352;2.375581
62;57003;55001;50007;7.252675E-10;0.9999998;ОС-1:;состояние1_k-2.sig;1 дополнительное:;состояние2_k-29.sig;0.3852462;-0.0003088684;2.487914;101;0.04851631;679;1.573621;2.526235;594;2.439398
62;57003;55001;50007;7.252675E-10;0.9999998;ОС-1:;состояние1_k-2.sig;1 дополнительное:;состояние2_k-30.sig;0.3852462;0;2.487914;101;0.02118249;70;1.573328;2.483907;92;2.466731
62;57003;55001;50007;7.252675E-10;0.9999998;ОС-1:;состояние1_k-2.sig;1 дополнительное:;состояние2_k-31.sig;0.3852462;-0.0006149911;2.487914;101;0.08285578;94;1.572208;2.570479;352;2.405058
62;57003;55001;50007;7.252675E-10;0.9999998;ОС-1:;состояние1_k-2.sig;1 дополнительное:;состояние2_k-32.sig;0.3852462;-0.001520416;2.487914;101;0.1299879;55;1.574245;2.617554;102;2.357926
62;57003;55001;50007;7.252675E-10;0.9999998;ОС-1:;состояние1_k-2.sig;1 дополнительное:;состояние2_k-33.sig;0.3852462;-0.001585496;2.487914;101;0.1564751;685;1.574811;2.643763;352;2.331439
62;57003;55001;50007;7.252675E-10;0.9999998;ОС-1:;состояние1_k-2.sig;1 дополнительное:;состояние2_k-34.sig;0.3852462;-0.0007487145;2.487914;101;0.1595789;278;1.566847;2.6105;88;2.328335
62;57003;55001;50007;7.252675E-10;0.9999998;ОС-1:;состояние1_k-2.sig;1 дополнительное:;состояние2_k-35.sig;0.3852462;0;2.487914;101;0.1394471;37;1.573704;2.626962;351;2.348467
62;57003;55001;50007;7.252675E-10;0.9999998;ОС-1:;состояние1_k-2.sig;1 дополнительное:;состояние2_k-36.sig;0.3852462;1.661052E-05;2.487914;101;0.09895623;226;1.572954;2.58687;101;2.388958
62;57003;55001;50007;7.252675E-10;0.9999998;ОС-1:;состояние1_k-2.sig;1 дополнительное:;состояние2_k-37.sig;0.3852462;-0.0002508917;2.487914;101;0.04470434;647;1.572373;2.532406;350;2.443209
62;57003;55001;50007;7.252675E-10;0.9999998;ОС-1:;состояние1_k-2.sig;1 дополнительное:;состояние2_k-38.sig;0.3852462;-0.0001045968;2.487914;101;0.03710793;302;1.572074;2.522559;104;2.450806
62;57003;55001;50007;7.252675E-10;0.9999998;ОС-1:;состояние1_k-2.sig;1 дополнительное:;состояние2_k-39.sig;0.3852462;0.0002714932;2.487914;101;0.1045063;340;1.573724;2.58847;97;2.383408
62;57003;55001;50007;7.252675E-10;0.9999998;ОС-1:;состояние1_k-2.sig;1 дополнительное:;состояние2_k-40.sig;0.3852462;-8.195639E-10;2.487914;101;0.1726224;2;1.574432;2.660256;352;2.315291
62;57003;55001;50007;7.252675E-10;0.9999998;ОС-1:;состояние1_k-3.sig;1 дополнительное:;состояние2_k-21.sig;0.277645;0.008304422;3.625383;684;0.7871342;397;2.356267;4.119993;38;2.838248
62;57003;55001;50007;7.252675E-10;0.9999998;ОС-1:;состояние1_k-3.sig;1 дополнительное:;состояние2_k-22.sig;0.277645;0.005513245;3.625383;684;0.4419048;144;2.288486;4.064388;349;3.183478
62;57003;55001;50007;7.252675E-10;0.9999998;ОС-1:;состояние1_k-3.sig;1 дополнительное:;состояние2_k-23.sig;0.277645;0.0005209497;3.625383;684;0.1993815;781;2.289244;3.820519;20;3.426001
62;57003;55001;50007;7.252675E-10;0.9999998;ОС-1:;состояние1_k-3.sig;1 дополнительное:;состояние2_k-24.sig;0.277645;-0.0009868126;3.625383;684;0.1066475;110;2.28832;3.696801;190;3.518735
62;57003;55001;50007;7.252675E-10;0.9999998;ОС-1:;состояние1_k-3.sig;1 дополнительное:;состояние2_k-25.sig;0.277645;0;3.625383;684;0.1490166;15;2.285542;3.767082;354;3.476366
62;57003;55001;50007;7.252675E-10;0.9999998;ОС-1:;состояние1_k-3.sig;1 дополнительное:;состояние2_k-26.sig;0.277645;0.0004302163;3.625383;684;0.1742284;7;2.283765;3.791271;681;3.451154
62;57003;55001;50007;7.252675E-10;0.9999998;ОС-1:;состояние1_k-3.sig;1 дополнительное:;состояние2_k-27.sig;0.277645;-0.0002888358;3.625383;684;0.1587173;408;2.296734;3.782716;352;3.466665
62;57003;55001;50007;7.252675E-10;0.9999998;ОС-1:;состояние1_k-3.sig;1 дополнительное:;состояние2_k-28.sig;0.277645;-0.0007337715;3.625383;684;0.1123329;102;2.285694;3.727189;14;3.51305
62;57003;55001;50007;7.252675E-10;0.9999998;ОС-1:;состояние1_k-3.sig;1 дополнительное:;состояние2_k-29.sig;0.277645;-0.0003088684;3.625383;684;0.04851631;679;2.28612;3.673739;351;3.576866
62;57003;55001;50007;7.252675E-10;0.9999998;ОС-1:;состояние1_k-3.sig;1 дополнительное:;состояние2_k-30.sig;0.277645;0;3.625383;684;0.02118249;70;2.286067;3.645113;685;3.6042
62;57003;55001;50007;7.252675E-10;0.9999998;ОС-1:;состояние1_k-3.sig;1 дополнительное:;состояние2_k-31.sig;0.277645;-0.0006149911;3.625383;684;0.08285578;94;2.285903;3.700257;15;3.542527
62;57003;55001;50007;7.252675E-10;0.9999998;ОС-1:;состояние1_k-3.sig;1 дополнительное:;состояние2_k-32.sig;0.277645;-0.001520416;3.625383;684;0.1299879;55;2.28579;3.754355;352;3.495395
62;57003;55001;50007;7.252675E-10;0.9999998;ОС-1:;состояние1_k-3.sig;1 дополнительное:;состояние2_k-33.sig;0.277645;-0.001585496;3.625383;684;0.1564751;685;2.295132;3.672745;339;3.468908
62;57003;55001;50007;7.252675E-10;0.9999998;ОС-1:;состояние1_k-3.sig;1 дополнительное:;состояние2_k-34.sig;0.277645;-0.0007487145;3.625383;684;0.1595789;278;2.284605;3.783899;351;3.465804
62;57003;55001;50007;7.252675E-10;0.9999998;ОС-1:;состояние1_k-3.sig;1 дополнительное:;состояние2_k-35.sig;0.277645;0;3.625383;684;0.1394471;37;2.284336;3.754709;181;3.485936
62;57003;55001;50007;7.252675E-10;0.9999998;ОС-1:;состояние1_k-3.sig;1 дополнительное:;состояние2_k-36.sig;0.277645;1.661052E-05;3.625383;684;0.09895623;226;2.286022;3.724317;351;3.526426
62;57003;55001;50007;7.252675E-10;0.9999998;ОС-1:;состояние1_k-3.sig;1 дополнительное:;состояние2_k-37.sig;0.277645;-0.0002508917;3.625383;684;0.04470434;647;2.286406;3.664939;186;3.580678
62;57003;55001;50007;7.252675E-10;0.9999998;ОС-1:;состояние1_k-3.sig;1 дополнительное:;состояние2_k-38.sig;0.277645;-0.0001045968;3.625383;684;0.03710793;302;2.286;3.662316;684;3.588275
62;57003;55001;50007;7.252675E-10;0.9999998;ОС-1:;состояние1_k-3.sig;1 дополнительное:;состояние2_k-39.sig;0.277645;0.0002714932;3.625383;684;0.1045063;340;2.290155;3.727649;19;3.520876
62;57003;55001;50007;7.252675E-10;0.9999998;ОС-1:;состояние1_k-3.sig;1 дополнительное:;состояние2_k-40.sig;0.277645;-8.195639E-10;3.625383;684;0.1726224;2;2.284811;3.7952;15;3.45276
62;57003;55001;50007;7.252675E-10;0.9999998;ОС-1:;состояние1_k-4.sig;1 дополнительное:;состояние2_k-21.sig;0.09207392;0.008304422;4.640736;226;0.7871342;397;2.911093;5.42455;350;3.853601
62;57003;55001;50007;7.252675E-10;0.9999998;ОС-1:;состояние1_k-4.sig;1 дополнительное:;состояние2_k-22.sig;0.09207392;0.005513245;4.640736;226;0.4419048;144;2.88875;5.077229;99;4.198831
62;57003;55001;50007;7.252675E-10;0.9999998;ОС-1:;состояние1_k-4.sig;1 дополнительное:;состояние2_k-23.sig;0.09207392;0.0005209497;4.640736;226;0.1993815;781;2.881519;4.822606;348;4.441354
62;57003;55001;50007;7.252675E-10;0.9999998;ОС-1:;состояние1_k-4.sig;1 дополнительное:;состояние2_k-24.sig;0.09207392;-0.0009868126;4.640736;226;0.1066475;110;2.87885;4.692762;105;4.534088
62;57003;55001;50007;7.252675E-10;0.9999998;ОС-1:;состояние1_k-4.sig;1 дополнительное:;состояние2_k-25.sig;0.09207392;0;4.640736;226;0.1490166;15;2.878681;4.788946;475;4.491719
62;57003;55001;50007;7.252675E-10;0.9999998;ОС-1:;состояние1_k-4.sig;1 дополнительное:;состояние2_k-26.sig;0.09207392;0.0004302163;4.640736;226;0.1742284;7;2.880052;4.809914;352;4.466507
62;57003;55001;50007;7.252675E-10;0.9999998;ОС-1:;состояние1_k-4.sig;1 дополнительное:;состояние2_k-27.sig;0.09207392;-0.0002888358;4.640736;226;0.1587173;408;2.882148;4.791673;724;4.482018
62;57003;55001;50007;7.252675E-10;0.9999998;ОС-1:;состояние1_k-4.sig;1 дополнительное:;состояние2_k-28.sig;0.09207392;-0.0007337715;4.640736;226;0.1123329;102;2.869539;4.751356;101;4.528403
62;57003;55001;50007;7.252675E-10;0.9999998;ОС-1:;состояние1_k-4.sig;1 дополнительное:;состояние2_k-29.sig;0.09207392;-0.0003088684;4.640736;226;0.04851631;679;2.88115;4.676381;727;4.592219
62;57003;55001;50007;7.252675E-10;0.9999998;ОС-1:;состояние1_k-4.sig;1 дополнительное:;состояние2_k-30.sig;0.09207392;0;4.640736;226;0.02118249;70;2.879677;4.660016;101;4.619553
62;57003;55001;50007;7.252675E-10;0.9999998;ОС-1:;состояние1_k-4.sig;1 дополнительное:;состояние2_k-31.sig;0.09207392;-0.0006149911;4.640736;226;0.08285578;94;2.879538;4.721763;351;4.55788
62;57003;55001;50007;7.252675E-10;0.9999998;ОС-1:;состояние1_k-4.sig;1 дополнительное:;состояние2_k-32.sig;0.09207392;-0.001520416;4.640736;226;0.1299879;55;2.881084;4.7689;226;4.510748
62;57003;55001;50007;7.252675E-10;0.9999998;ОС-1:;состояние1_k-4.sig;1 дополнительное:;состояние2_k-33.sig;0.09207392;-0.001585496;4.640736;226;0.1564751;685;2.881006;4.795662;351;4.484261
62;57003;55001;50007;7.252675E-10;0.9999998;ОС-1:;состояние1_k-4.sig;1 дополнительное:;состояние2_k-34.sig;0.09207392;-0.0007487145;4.640736;226;0.1595789;278;2.880988;4.799274;101;4.481157
62;57003;55001;50007;7.252675E-10;0.9999998;ОС-1:;состояние1_k-4.sig;1 дополнительное:;состояние2_k-35.sig;0.09207392;0;4.640736;226;0.1394471;37;2.880776;4.779784;351;4.501288
62;57003;55001;50007;7.252675E-10;0.9999998;ОС-1:;состояние1_k-4.sig;1 дополнительное:;состояние2_k-36.sig;0.09207392;1.661052E-05;4.640736;226;0.09895623;226;2.871566;4.575961;93;4.54178
62;57003;55001;50007;7.252675E-10;0.9999998;ОС-1:;состояние1_k-4.sig;1 дополнительное:;состояние2_k-37.sig;0.09207392;-0.0002508917;4.640736;226;0.04470434;647;2.880413;4.684533;350;4.596031
62;57003;55001;50007;7.252675E-10;0.9999998;ОС-1:;состояние1_k-4.sig;1 дополнительное:;состояние2_k-38.sig;0.09207392;-0.0001045968;4.640736;226;0.03710793;302;2.879642;4.673157;475;4.603628
62;57003;55001;50007;7.252675E-10;0.9999998;ОС-1:;состояние1_k-4.sig;1 дополнительное:;состояние2_k-39.sig;0.09207392;0.0002714932;4.640736;226;0.1045063;340;2.878912;4.743934;225;4.536229
62;57003;55001;50007;7.252675E-10;0.9999998;ОС-1:;состояние1_k-4.sig;1 дополнительное:;состояние2_k-40.sig;0.09207392;-8.195639E-10;4.640736;226;0.1726224;2;2.880098;4.811231;102;4.468113
62;57003;55001;50007;7.252675E-10;0.9999998;ОС-1:;состояние1_k-5.sig;1 дополнительное:;состояние2_k-21.sig;0;0.008304422;5.50256;151;0.7871342;397;3.517289;6.26718;253;4.715425
62;57003;55001;50007;7.252675E-10;0.9999998;ОС-1:;состояние1_k-5.sig;1 дополнительное:;состояние2_k-22.sig;0;0.005513245;5.50256;151;0.4419048;144;3.511588;5.935463;52;5.060655
62;57003;55001;50007;7.252675E-10;0.9999998;ОС-1:;состояние1_k-5.sig;1 дополнительное:;состояние2_k-23.sig;0;0.0005209497;5.50256;151;0.1993815;781;3.508226;5.701615;151;5.303178
62;57003;55001;50007;7.252675E-10;0.9999998;ОС-1:;состояние1_k-5.sig;1 дополнительное:;состояние2_k-24.sig;0;-0.0009868126;5.50256;151;0.1066475;110;3.503764;5.60872;651;5.395912
62;57003;55001;50007;7.252675E-10;0.9999998;ОС-1:;состояние1_k-5.sig;1 дополнительное:;состояние2_k-25.sig;0;0;5.50256;151;0.1490166;15;3.519047;5.634795;52;5.353543
62;57003;55001;50007;7.252675E-10;0.9999998;ОС-1:;состояние1_k-5.sig;1 дополнительное:;состояние2_k-26.sig;0;0.0004302163;5.50256;151;0.1742284;7;3.499024;5.641031;48;5.328331
62;57003;55001;50007;7.252675E-10;0.9999998;ОС-1:;состояние1_k-5.sig;1 дополнительное:;состояние2_k-27.sig;0;-0.0002888358;5.50256;151;0.1587173;408;3.500657;5.656864;352;5.343843
62;57003;55001;50007;7.252675E-10;0.9999998;ОС-1:;состояние1_k-5.sig;1 дополнительное:;состояние2_k-28.sig;0;-0.0007337715;5.50256;151;0.1123329;102;3.502374;5.609141;550;5.390227
62;57003;55001;50007;7.252675E-10;0.9999998;ОС-1:;состояние1_k-5.sig;1 дополнительное:;состояние2_k-29.sig;0;-0.0003088684;5.50256;151;0.04851631;679;3.503073;5.550939;351;5.454043
62;57003;55001;50007;7.252675E-10;0.9999998;ОС-1:;состояние1_k-5.sig;1 дополнительное:;состояние2_k-30.sig;0;0;5.50256;151;0.02118249;70;3.503152;5.52184;151;5.481377
62;57003;55001;50007;7.252675E-10;0.9999998;ОС-1:;состояние1_k-5.sig;1 дополнительное:;состояние2_k-31.sig;0;-0.0006149911;5.50256;151;0.08285578;94;3.503246;5.581911;450;5.419704
62;57003;55001;50007;7.252675E-10;0.9999998;ОС-1:;состояние1_k-5.sig;1 дополнительное:;состояние2_k-32.sig;0;-0.001520416;5.50256;151;0.1299879;55;3.503235;5.630724;351;5.372572
62;57003;55001;50007;7.252675E-10;0.9999998;ОС-1:;состояние1_k-5.sig;1 дополнительное:;состояние2_k-33.sig;0;-0.001585496;5.50256;151;0.1564751;685;3.502563;5.651484;50;5.346085
62;57003;55001;50007;7.252675E-10;0.9999998;ОС-1:;состояние1_k-5.sig;1 дополнительное:;состояние2_k-34.sig;0;-0.0007487145;5.50256;151;0.1595789;278;3.501261;5.661098;351;5.342981
62;57003;55001;50007;7.252675E-10;0.9999998;ОС-1:;состояние1_k-5.sig;1 дополнительное:;состояние2_k-35.sig;0;0;5.50256;151;0.1394471;37;3.51564;5.388434;45;5.363112
62;57003;55001;50007;7.252675E-10;0.9999998;ОС-1:;состояние1_k-5.sig;1 дополнительное:;состояние2_k-36.sig;0;1.661052E-05;5.50256;151;0.09895623;226;3.501411;5.601516;351;5.403604
62;57003;55001;50007;7.252675E-10;0.9999998;ОС-1:;состояние1_k-5.sig;1 дополнительное:;состояние2_k-37.sig;0;-0.0002508917;5.50256;151;0.04470434;647;3.502659;5.544873;51;5.457855
62;57003;55001;50007;7.252675E-10;0.9999998;ОС-1:;состояние1_k-5.sig;1 дополнительное:;состояние2_k-38.sig;0;-0.0001045968;5.50256;151;0.03710793;302;3.503508;5.538584;551;5.465452
62;57003;55001;50007;7.252675E-10;0.9999998;ОС-1:;состояние1_k-5.sig;1 дополнительное:;состояние2_k-39.sig;0;0.0002714932;5.50256;151;0.1045063;340;3.503786;5.601065;352;5.398053
62;57003;55001;50007;7.252675E-10;0.9999998;ОС-1:;состояние1_k-5.sig;1 дополнительное:;состояние2_k-40.sig;0;-8.195639E-10;5.50256;151;0.1726224;2;3.504468;5.671205;52;5.329937
62;57003;55001;50007;7.252675E-10;0.9999998;ОС-1:;состояние1_k-6.sig;1 дополнительное:;состояние2_k-21.sig;0.06356081;0.008304422;6.186793;434;0.7871342;397;4.024734;6.96892;350;5.399659
62;57003;55001;50007;7.252675E-10;0.9999998;ОС-1:;состояние1_k-6.sig;1 дополнительное:;состояние2_k-22.sig;0.06356081;0.005513245;6.186793;434;0.4419048;144;4.018802;6.566384;187;5.744888
62;57003;55001;50007;7.252675E-10;0.9999998;ОС-1:;состояние1_k-6.sig;1 дополнительное:;состояние2_k-23.sig;0.06356081;0.0005209497;6.186793;434;0.1993815;781;4.011481;6.37506;518;5.987411
62;57003;55001;50007;7.252675E-10;0.9999998;ОС-1:;состояние1_k-6.sig;1 дополнительное:;состояние2_k-24.sig;0.06356081;-0.0009868126;6.186793;434;0.1066475;110;4.010522;6.219375;19;6.080145
62;57003;55001;50007;7.252675E-10;0.9999998;ОС-1:;состояние1_k-6.sig;1 дополнительное:;состояние2_k-25.sig;0.06356081;0;6.186793;434;0.1490166;15;4.014271;6.335159;434;6.037776
62;57003;55001;50007;7.252675E-10;0.9999998;ОС-1:;состояние1_k-6.sig;1 дополнительное:;состояние2_k-26.sig;0.06356081;0.0004302163;6.186793;434;0.1742284;7;4.015565;6.351364;102;6.012565
62;57003;55001;50007;7.252675E-10;0.9999998;ОС-1:;состояние1_k-6.sig;1 дополнительное:;состояние2_k-27.sig;0.06356081;-0.0002888358;6.186793;434;0.1587173;408;4.013014;6.341323;518;6.028076
62;57003;55001;50007;7.252675E-10;0.9999998;ОС-1:;состояние1_k-6.sig;1 дополнительное:;состояние2_k-28.sig;0.06356081;-0.0007337715;6.186793;434;0.1123329;102;4.010173;6.297194;351;6.07446
62;57003;55001;50007;7.252675E-10;0.9999998;ОС-1:;состояние1_k-6.sig;1 дополнительное:;состояние2_k-29.sig;0.06356081;-0.0003088684;6.186793;434;0.04851631;679;4.010782;6.231982;767;6.138277
62;57003;55001;50007;7.252675E-10;0.9999998;ОС-1:;состояние1_k-6.sig;1 дополнительное:;состояние2_k-30.sig;0.06356081;0;6.186793;434;0.02118249;70;4.010623;6.168102;184;6.16561
62;57003;55001;50007;7.252675E-10;0.9999998;ОС-1:;состояние1_k-6.sig;1 дополнительное:;состояние2_k-31.sig;0.06356081;-0.0006149911;6.186793;434;0.08285578;94;4.016001;6.267602;351;6.103937
62;57003;55001;50007;7.252675E-10;0.9999998;ОС-1:;состояние1_k-6.sig;1 дополнительное:;состояние2_k-32.sig;0.06356081;-0.001520416;6.186793;434;0.1299879;55;4.016224;6.314739;101;6.056805
62;57003;55001;50007;7.252675E-10;0.9999998;ОС-1:;состояние1_k-6.sig;1 дополнительное:;состояние2_k-33.sig;0.06356081;-0.001585496;6.186793;434;0.1564751;685;4.015093;6.341501;351;6.030318
62;57003;55001;50007;7.252675E-10;0.9999998;ОС-1:;состояние1_k-6.sig;1 дополнительное:;состояние2_k-34.sig;0.06356081;-0.0007487145;6.186793;434;0.1595789;278;4.014349;6.31165;16;6.027214
62;57003;55001;50007;7.252675E-10;0.9999998;ОС-1:;состояние1_k-6.sig;1 дополнительное:;состояние2_k-35.sig;0.06356081;0;6.186793;434;0.1394471;37;4.014056;6.325623;351;6.047346
62;57003;55001;50007;7.252675E-10;0.9999998;ОС-1:;состояние1_k-6.sig;1 дополнительное:;состояние2_k-36.sig;0.06356081;1.661052E-05;6.186793;434;0.09895623;226;4.013958;6.285531;101;6.087837
62;57003;55001;50007;7.252675E-10;0.9999998;ОС-1:;состояние1_k-6.sig;1 дополнительное:;состояние2_k-37.sig;0.06356081;-0.0002508917;6.186793;434;0.04470434;647;4.013025;6.229607;768;6.142088
62;57003;55001;50007;7.252675E-10;0.9999998;ОС-1:;состояние1_k-6.sig;1 дополнительное:;состояние2_k-38.sig;0.06356081;-0.0001045968;6.186793;434;0.03710793;302;4.012764;6.210485;101;6.149685
62;57003;55001;50007;7.252675E-10;0.9999998;ОС-1:;состояние1_k-6.sig;1 дополнительное:;состояние2_k-39.sig;0.06356081;0.0002714932;6.186793;434;0.1045063;340;4.014071;6.283677;185;6.082286
62;57003;55001;50007;7.252675E-10;0.9999998;ОС-1:;состояние1_k-6.sig;1 дополнительное:;состояние2_k-40.sig;0.06356081;-8.195639E-10;6.186793;434;0.1726224;2;4.016458;6.352681;352;6.014171
62;57003;55001;50007;7.252675E-10;0.9999998;ОС-1:;состояние1_k-7.sig;1 дополнительное:;состояние2_k-21.sig;0.1958449;0.008304422;6.677137;65;0.7871342;397;4.439407;6.008777;144;5.890003
62;57003;55001;50007;7.252675E-10;0.9999998;ОС-1:;состояние1_k-7.sig;1 дополнительное:;состояние2_k-22.sig;0.1958449;0.005513245;6.677137;65;0.4419048;144;4.260746;7.115495;280;6.235232
62;57003;55001;50007;7.252675E-10;0.9999998;ОС-1:;состояние1_k-7.sig;1 дополнительное:;состояние2_k-23.sig;0.1958449;0.0005209497;6.677137;65;0.1993815;781;4.269498;6.872717;65;6.477756
62;57003;55001;50007;7.252675E-10;0.9999998;ОС-1:;состояние1_k-7.sig;1 дополнительное:;состояние2_k-24.sig;0.1958449;-0.0009868126;6.677137;65;0.1066475;110;4.275274;6.776422;279;6.570489
62;57003;55001;50007;7.252675E-10;0.9999998;ОС-1:;состояние1_k-7.sig;1 дополнительное:;состояние2_k-25.sig;0.1958449;0;6.677137;65;0.1490166;15;4.276894;6.821761;136;6.528121
62;57003;55001;50007;7.252675E-10;0.9999998;ОС-1:;состояние1_k-7.sig;1 дополнительное:;состояние2_k-26.sig;0.1958449;0.0004302163;6.677137;65;0.1742284;7;4.275663;6.851102;65;6.502909
62;57003;55001;50007;7.252675E-10;0.9999998;ОС-1:;состояние1_k-7.sig;1 дополнительное:;состояние2_k-27.sig;0.1958449;-0.0002888358;6.677137;65;0.1587173;408;4.273699;6.830755;351;6.51842
62;57003;55001;50007;7.252675E-10;0.9999998;ОС-1:;состояние1_k-7.sig;1 дополнительное:;состояние2_k-28.sig;0.1958449;-0.0007337715;6.677137;65;0.1123329;102;4.273168;6.78716;708;6.564804
62;57003;55001;50007;7.252675E-10;0.9999998;ОС-1:;состояние1_k-7.sig;1 дополнительное:;состояние2_k-29.sig;0.1958449;-0.0003088684;6.677137;65;0.04851631;679;4.273261;6.72511;351;6.628621
62;57003;55001;50007;7.252675E-10;0.9999998;ОС-1:;состояние1_k-7.sig;1 дополнительное:;состояние2_k-30.sig;0.1958449;0;6.677137;65;0.02118249;70;4.273663;6.696812;136;6.655954
62;57003;55001;50007;7.252675E-10;0.9999998;ОС-1:;состояние1_k-7.sig;1 дополнительное:;состояние2_k-31.sig;0.1958449;-0.0006149911;6.677137;65;0.08285578;94;4.273991;6.758094;208;6.594281
62;57003;55001;50007;7.252675E-10;0.9999998;ОС-1:;состояние1_k-7.sig;1 дополнительное:;состояние2_k-32.sig;0.1958449;-0.001520416;6.677137;65;0.1299879;55;4.275151;6.804896;351;6.547149
62;57003;55001;50007;7.252675E-10;0.9999998;ОС-1:;состояние1_k-7.sig;1 дополнительное:;состояние2_k-33.sig;0.1958449;-0.001585496;6.677137;65;0.1564751;685;4.277515;6.828797;65;6.520662
62;57003;55001;50007;7.252675E-10;0.9999998;ОС-1:;состояние1_k-7.sig;1 дополнительное:;состояние2_k-34.sig;0.1958449;-0.0007487145;6.677137;65;0.1595789;278;4.280053;6.83527;351;6.517558
62;57003;55001;50007;7.252675E-10;0.9999998;ОС-1:;состояние1_k-7.sig;1 дополнительное:;состояние2_k-35.sig;0.1958449;0;6.677137;65;0.1394471;37;4.257643;6.540205;493;6.53769
62;57003;55001;50007;7.252675E-10;0.9999998;ОС-1:;состояние1_k-7.sig;1 дополнительное:;состояние2_k-36.sig;0.1958449;1.661052E-05;6.677137;65;0.09895623;226;4.277627;6.775687;351;6.578181
62;57003;55001;50007;7.252675E-10;0.9999998;ОС-1:;состояние1_k-7.sig;1 дополнительное:;состояние2_k-37.sig;0.1958449;-0.0002508917;6.677137;65;0.04470434;647;4.274402;6.720808;65;6.632432
62;57003;55001;50007;7.252675E-10;0.9999998;ОС-1:;состояние1_k-7.sig;1 дополнительное:;состояние2_k-38.sig;0.1958449;-0.0001045968;6.677137;65;0.03710793;302;4.273037;6.714213;565;6.640029
62;57003;55001;50007;7.252675E-10;0.9999998;ОС-1:;состояние1_k-7.sig;1 дополнительное:;состояние2_k-39.sig;0.1958449;0.0002714932;6.677137;65;0.1045063;340;4.273985;6.77619;136;6.57263
62;57003;55001;50007;7.252675E-10;0.9999998;ОС-1:;состояние1_k-7.sig;1 дополнительное:;состояние2_k-40.sig;0.1958449;-8.195639E-10;6.677137;65;0.1726224;2;4.275529;6.8508;65;6.504515
62;57003;55001;50007;7.252675E-10;0.9999998;ОС-1:;состояние1_k-8.sig;1 дополнительное:;состояние2_k-21.sig;0.2540917;0.008304422;6.965882;38;0.7871342;397;4.430357;7.74624;350;6.178748
62;57003;55001;50007;7.252675E-10;0.9999998;ОС-1:;состояние1_k-8.sig;1 дополнительное:;состояние2_k-22.sig;0.2540917;0.005513245;6.965882;38;0.4419048;144;4.423578;7.394635;100;6.523977
62;57003;55001;50007;7.252675E-10;0.9999998;ОС-1:;состояние1_k-8.sig;1 дополнительное:;состояние2_k-23.sig;0.2540917;0.0005209497;6.965882;38;0.1993815;781;4.427157;7.164141;476;6.766501
62;57003;55001;50007;7.252675E-10;0.9999998;ОС-1:;состояние1_k-8.sig;1 дополнительное:;состояние2_k-24.sig;0.2540917;-0.0009868126;6.965882;38;0.1066475;110;4.432122;6.992101;39;6.859235
62;57003;55001;50007;7.252675E-10;0.9999998;ОС-1:;состояние1_k-8.sig;1 дополнительное:;состояние2_k-25.sig;0.2540917;0;6.965882;38;0.1490166;15;4.444438;7.09522;38;6.816866
62;57003;55001;50007;7.252675E-10;0.9999998;ОС-1:;состояние1_k-8.sig;1 дополнительное:;состояние2_k-26.sig;0.2540917;0.0004302163;6.965882;38;0.1742284;7;4.445144;7.129599;351;6.791654
62;57003;55001;50007;7.252675E-10;0.9999998;ОС-1:;состояние1_k-8.sig;1 дополнительное:;состояние2_k-27.sig;0.2540917;-0.0002888358;6.965882;38;0.1587173;408;4.441375;7.124273;538;6.807165
62;57003;55001;50007;7.252675E-10;0.9999998;ОС-1:;состояние1_k-8.sig;1 дополнительное:;состояние2_k-28.sig;0.2540917;-0.0007337715;6.965882;38;0.1123329;102;4.437184;7.076366;101;6.853549
62;57003;55001;50007;7.252675E-10;0.9999998;ОС-1:;состояние1_k-8.sig;1 дополнительное:;состояние2_k-29.sig;0.2540917;-0.0003088684;6.965882;38;0.04851631;679;4.435774;7.013161;663;6.917366
62;57003;55001;50007;7.252675E-10;0.9999998;ОС-1:;состояние1_k-8.sig;1 дополнительное:;состояние2_k-30.sig;0.2540917;0;6.965882;38;0.02118249;70;4.436138;6.986333;288;6.9447
62;57003;55001;50007;7.252675E-10;0.9999998;ОС-1:;состояние1_k-8.sig;1 дополнительное:;состояние2_k-31.sig;0.2540917;-0.0006149911;6.965882;38;0.08285578;94;4.43674;7.04844;788;6.883027
62;57003;55001;50007;7.252675E-10;0.9999998;ОС-1:;состояние1_k-8.sig;1 дополнительное:;состояние2_k-32.sig;0.2540917;-0.001520416;6.965882;38;0.1299879;55;4.437156;7.09122;38;6.835895
62;57003;55001;50007;7.252675E-10;0.9999998;ОС-1:;состояние1_k-8.sig;1 дополнительное:;состояние2_k-33.sig;0.2540917;-0.001585496;6.965882;38;0.1564751;685;4.436764;7.120673;351;6.809407
62;57003;55001;50007;7.252675E-10;0.9999998;ОС-1:;состояние1_k-8.sig;1 дополнительное:;состояние2_k-34.sig;0.2540917;-0.0007487145;6.965882;38;0.1595789;278;4.437427;7.124285;101;6.806304
62;57003;55001;50007;7.252675E-10;0.9999998;ОС-1:;состояние1_k-8.sig;1 дополнительное:;состояние2_k-35.sig;0.2540917;0;6.965882;38;0.1394471;37;4.438104;7.104794;351;6.826435
62;57003;55001;50007;7.252675E-10;0.9999998;ОС-1:;состояние1_k-8.sig;1 дополнительное:;состояние2_k-36.sig;0.2540917;1.661052E-05;6.965882;38;0.09895623;226;4.43799;7.064702;226;6.866926
62;57003;55001;50007;7.252675E-10;0.9999998;ОС-1:;состояние1_k-8.sig;1 дополнительное:;состояние2_k-37.sig;0.2540917;-0.0002508917;6.965882;38;0.04470434;647;4.436926;7.009613;38;6.921178
62;57003;55001;50007;7.252675E-10;0.9999998;ОС-1:;состояние1_k-8.sig;1 дополнительное:;состояние2_k-38.sig;0.2540917;-0.0001045968;6.965882;38;0.03710793;302;4.435812;7.002217;288;6.928774
62;57003;55001;50007;7.252675E-10;0.9999998;ОС-1:;состояние1_k-8.sig;1 дополнительное:;состояние2_k-39.sig;0.2540917;0.0002714932;6.965882;38;0.1045063;340;4.43477;7.068847;788;6.861376
62;57003;55001;50007;7.252675E-10;0.9999998;ОС-1:;состояние1_k-8.sig;1 дополнительное:;состояние2_k-40.sig;0.2540917;-8.195639E-10;6.965882;38;0.1726224;2;4.457915;7.130068;39;6.79326
62;57003;55001;50007;7.252675E-10;0.9999998;ОС-1:;состояние1_k-9.sig;1 дополнительное:;состояние2_k-21.sig;0.170092;0.008304422;7.056015;684;0.7871342;397;4.535399;7.659716;131;6.268881
62;57003;55001;50007;7.252675E-10;0.9999998;ОС-1:;состояние1_k-9.sig;1 дополнительное:;состояние2_k-22.sig;0.170092;0.005513245;7.056015;684;0.4419048;144;4.536389;7.483243;350;6.61411
62;57003;55001;50007;7.252675E-10;0.9999998;ОС-1:;состояние1_k-9.sig;1 дополнительное:;состояние2_k-23.sig;0.170092;0.0005209497;7.056015;684;0.1993815;781;4.536683;7.246968;239;6.856634
62;57003;55001;50007;7.252675E-10;0.9999998;ОС-1:;состояние1_k-9.sig;1 дополнительное:;состояние2_k-24.sig;0.170092;-0.0009868126;7.056015;684;0.1066475;110;4.536286;7.156889;462;6.949368
62;57003;55001;50007;7.252675E-10;0.9999998;ОС-1:;состояние1_k-9.sig;1 дополнительное:;состояние2_k-25.sig;0.170092;0;7.056015;684;0.1490166;15;4.539503;7.204764;295;6.906999
62;57003;55001;50007;7.252675E-10;0.9999998;ОС-1:;состояние1_k-9.sig;1 дополнительное:;состояние2_k-26.sig;0.170092;0.0004302163;7.056015;684;0.1742284;7;4.544811;7.229546;795;6.881786
62;57003;55001;50007;7.252675E-10;0.9999998;ОС-1:;состояние1_k-9.sig;1 дополнительное:;состояние2_k-27.sig;0.170092;-0.0002888358;7.056015;684;0.1587173;408;4.506347;7.209173;351;6.897298
62;57003;55001;50007;7.252675E-10;0.9999998;ОС-1:;состояние1_k-9.sig;1 дополнительное:;состояние2_k-28.sig;0.170092;-0.0007337715;7.056015;684;0.1123329;102;4.544133;7.150421;796;6.943682
62;57003;55001;50007;7.252675E-10;0.9999998;ОС-1:;состояние1_k-9.sig;1 дополнительное:;состояние2_k-29.sig;0.170092;-0.0003088684;7.056015;684;0.04851631;679;4.539429;7.103528;351;7.007499
62;57003;55001;50007;7.252675E-10;0.9999998;ОС-1:;состояние1_k-9.sig;1 дополнительное:;состояние2_k-30.sig;0.170092;0;7.056015;684;0.02118249;70;4.537003;7.074706;684;7.034832
62;57003;55001;50007;7.252675E-10;0.9999998;ОС-1:;состояние1_k-9.sig;1 дополнительное:;состояние2_k-31.sig;0.170092;-0.0006149911;7.056015;684;0.08285578;94;4.537986;7.136097;240;6.973159
62;57003;55001;50007;7.252675E-10;0.9999998;ОС-1:;состояние1_k-9.sig;1 дополнительное:;состояние2_k-32.sig;0.170092;-0.001520416;7.056015;684;0.1299879;55;4.539379;7.183314;351;6.926027
62;57003;55001;50007;7.252675E-10;0.9999998;ОС-1:;состояние1_k-9.sig;1 дополнительное:;состояние2_k-33.sig;0.170092;-0.001585496;7.056015;684;0.1564751;685;4.538882;7.170351;461;6.89954
62;57003;55001;50007;7.252675E-10;0.9999998;ОС-1:;состояние1_k-9.sig;1 дополнительное:;состояние2_k-34.sig;0.170092;-0.0007487145;7.056015;684;0.1595789;278;4.537374;7.213688;351;6.896436
62;57003;55001;50007;7.252675E-10;0.9999998;ОС-1:;состояние1_k-9.sig;1 дополнительное:;состояние2_k-35.sig;0.170092;0;7.056015;684;0.1394471;37;4.536614;7.193096;295;6.916568
62;57003;55001;50007;7.252675E-10;0.9999998;ОС-1:;состояние1_k-9.sig;1 дополнительное:;состояние2_k-36.sig;0.170092;1.661052E-05;7.056015;684;0.09895623;226;4.537689;7.154833;573;6.957059
62;57003;55001;50007;7.252675E-10;0.9999998;ОС-1:;состояние1_k-9.sig;1 дополнительное:;состояние2_k-37.sig;0.170092;-0.0002508917;7.056015;684;0.04470434;647;4.537817;7.099933;295;7.011311
62;57003;55001;50007;7.252675E-10;0.9999998;ОС-1:;состояние1_k-9.sig;1 дополнительное:;состояние2_k-38.sig;0.170092;-0.0001045968;7.056015;684;0.03710793;302;4.537124;7.092949;684;7.018907
62;57003;55001;50007;7.252675E-10;0.9999998;ОС-1:;состояние1_k-9.sig;1 дополнительное:;состояние2_k-39.sig;0.170092;0.0002714932;7.056015;684;0.1045063;340;4.536435;7.149604;351;6.951509
62;57003;55001;50007;7.252675E-10;0.9999998;ОС-1:;состояние1_k-9.sig;1 дополнительное:;состояние2_k-40.sig;0.170092;-8.195639E-10;7.056015;684;0.1726224;2;4.537237;7.227965;240;6.883393
62;57003;55001;50007;7.252675E-10;0.9999998;ОС-1:;состояние1_k-10.sig;1 дополнительное:;состояние2_k-21.sig;0;0.008304422;6.954889;1;0.7871342;397;4.424973;7.734055;350;6.167755
62;57003;55001;50007;7.252675E-10;0.9999998;ОС-1:;состояние1_k-10.sig;1 дополнительное:;состояние2_k-22.sig;0;0.005513245;6.954889;1;0.4419048;144;4.423271;7.378447;51;6.512984
62;57003;55001;50007;7.252675E-10;0.9999998;ОС-1:;состояние1_k-10.sig;1 дополнительное:;состояние2_k-23.sig;0;0.0005209497;6.954889;1;0.1993815;781;4.42882;7.153944;651;6.755507
62;57003;55001;50007;7.252675E-10;0.9999998;ОС-1:;состояние1_k-10.sig;1 дополнительное:;состояние2_k-24.sig;0;-0.0009868126;6.954889;1;0.1066475;110;4.431051;7.061049;151;6.848241
62;57003;55001;50007;7.252675E-10;0.9999998;ОС-1:;состояние1_k-10.sig;1 дополнительное:;состояние2_k-25.sig;0;0;6.954889;1;0.1490166;15;4.42894;7.079896;51;6.805872
62;57003;55001;50007;7.252675E-10;0.9999998;ОС-1:;состояние1_k-10.sig;1 дополнительное:;состояние2_k-26.sig;0;0.0004302163;6.954889;1;0.1742284;7;4.428486;7.118742;101;6.780661
62;57003;55001;50007;7.252675E-10;0.9999998;ОС-1:;состояние1_k-10.sig;1 дополнительное:;состояние2_k-27.sig;0;-0.0002888358;6.954889;1;0.1587173;408;4.430704;7.113214;501;6.796172
62;57003;55001;50007;7.252675E-10;0.9999998;ОС-1:;состояние1_k-10.sig;1 дополнительное:;состояние2_k-28.sig;0;-0.0007337715;6.954889;1;0.1123329;102;4.432622;7.065509;351;6.842556
62;57003;55001;50007;7.252675E-10;0.9999998;ОС-1:;состояние1_k-10.sig;1 дополнительное:;состояние2_k-29.sig;0;-0.0003088684;6.954889;1;0.04851631;679;4.431327;6.996172;751;6.906373
62;57003;55001;50007;7.252675E-10;0.9999998;ОС-1:;состояние1_k-10.sig;1 дополнительное:;состояние2_k-30.sig;0;0;6.954889;1;0.02118249;70;4.432701;6.935608;1;6.933706
62;57003;55001;50007;7.252675E-10;0.9999998;ОС-1:;состояние1_k-10.sig;1 дополнительное:;состояние2_k-31.sig;0;-0.0006149911;6.954889;1;0.08285578;94;4.42541;7.0373;401;6.872033
62;57003;55001;50007;7.252675E-10;0.9999998;ОС-1:;состояние1_k-10.sig;1 дополнительное:;состояние2_k-32.sig;0;-0.001520416;6.954889;1;0.1299879;55;4.425653;7.083054;101;6.824901
62;57003;55001;50007;7.252675E-10;0.9999998;ОС-1:;состояние1_k-10.sig;1 дополнительное:;состояние2_k-33.sig;0;-0.001585496;6.954889;1;0.1564751;685;4.427496;7.109816;351;6.798414
62;57003;55001;50007;7.252675E-10;0.9999998;ОС-1:;состояние1_k-10.sig;1 дополнительное:;состояние2_k-34.sig;0;-0.0007487145;6.954889;1;0.1595789;278;4.428726;7.101865;0;6.79531
62;57003;55001;50007;7.252675E-10;0.9999998;ОС-1:;состояние1_k-10.sig;1 дополнительное:;состояние2_k-35.sig;0;0;6.954889;1;0.1394471;37;4.428797;7.093937;151;6.815442
62;57003;55001;50007;7.252675E-10;0.9999998;ОС-1:;состояние1_k-10.sig;1 дополнительное:;состояние2_k-36.sig;0;1.661052E-05;6.954889;1;0.09895623;226;4.428622;7.053845;101;6.855933
62;57003;55001;50007;7.252675E-10;0.9999998;ОС-1:;состояние1_k-10.sig;1 дополнительное:;состояние2_k-37.sig;0;-0.0002508917;6.954889;1;0.04470434;647;4.428675;6.999588;201;6.910184
62;57003;55001;50007;7.252675E-10;0.9999998;ОС-1:;состояние1_k-10.sig;1 дополнительное:;состояние2_k-38.sig;0;-0.0001045968;6.954889;1;0.03710793;302;4.428883;6.989266;1;6.917781
62;57003;55001;50007;7.252675E-10;0.9999998;ОС-1:;состояние1_k-10.sig;1 дополнительное:;состояние2_k-39.sig;0;0.0002714932;6.954889;1;0.1045063;340;4.428931;7.05854;301;6.850382
62;57003;55001;50007;7.252675E-10;0.9999998;ОС-1:;состояние1_k-10.sig;1 дополнительное:;состояние2_k-40.sig;0;-8.195639E-10;6.954889;1;0.1726224;2;4.429412;7.117321;51;6.782267
62;57003;55001;50007;7.252675E-10;0.9999998;ОС-1:;состояние1_k-11.sig;1 дополнительное:;состояние2_k-21.sig;-0.1383021;0.008304422;6.68411;78;0.7871342;397;4.225785;7.463997;396;5.896976
62;57003;55001;50007;7.252675E-10;0.9999998;ОС-1:;состояние1_k-11.sig;1 дополнительное:;состояние2_k-22.sig;-0.1383021;0.005513245;6.68411;78;0.4419048;144;4.216955;7.110949;623;6.242205
62;57003;55001;50007;7.252675E-10;0.9999998;ОС-1:;состояние1_k-11.sig;1 дополнительное:;состояние2_k-23.sig;-0.1383021;0.0005209497;6.68411;78;0.1993815;781;4.212729;6.875128;214;6.484729
62;57003;55001;50007;7.252675E-10;0.9999998;ОС-1:;состояние1_k-11.sig;1 дополнительное:;состояние2_k-24.sig;-0.1383021;-0.0009868126;6.68411;78;0.1066475;110;4.216182;6.789227;714;6.577463
62;57003;55001;50007;7.252675E-10;0.9999998;ОС-1:;состояние1_k-11.sig;1 дополнительное:;состояние2_k-25.sig;-0.1383021;0;6.68411;78;0.1490166;15;4.216842;6.830967;214;6.535094
62;57003;55001;50007;7.252675E-10;0.9999998;ОС-1:;состояние1_k-11.sig;1 дополнительное:;состояние2_k-26.sig;-0.1383021;0.0004302163;6.68411;78;0.1742284;7;4.215878;6.854826;123;6.509882
62;57003;55001;50007;7.252675E-10;0.9999998;ОС-1:;состояние1_k-11.sig;1 дополнительное:;состояние2_k-27.sig;-0.1383021;-0.0002888358;6.68411;78;0.1587173;408;4.215044;6.836493;351;6.525393
62;57003;55001;50007;7.252675E-10;0.9999998;ОС-1:;состояние1_k-11.sig;1 дополнительное:;состояние2_k-28.sig;-0.1383021;-0.0007337715;6.68411;78;0.1123329;102;4.214396;6.792825;442;6.571777
62;57003;55001;50007;7.252675E-10;0.9999998;ОС-1:;состояние1_k-11.sig;1 дополнительное:;состояние2_k-29.sig;-0.1383021;-0.0003088684;6.68411;78;0.04851631;679;4.214272;6.730848;351;6.635594
62;57003;55001;50007;7.252675E-10;0.9999998;ОС-1:;состояние1_k-11.sig;1 дополнительное:;состояние2_k-30.sig;-0.1383021;0;6.68411;78;0.02118249;70;4.213573;6.704684;669;6.662928
62;57003;55001;50007;7.252675E-10;0.9999998;ОС-1:;состояние1_k-11.sig;1 дополнительное:;состояние2_k-31.sig;-0.1383021;-0.0006149911;6.68411;78;0.08285578;94;4.212058;6.766946;78;6.601254
62;57003;55001;50007;7.252675E-10;0.9999998;ОС-1:;состояние1_k-11.sig;1 дополнительное:;состояние2_k-32.sig;-0.1383021;-0.001520416;6.68411;78;0.1299879;55;4.210248;6.813363;305;6.554122
62;57003;55001;50007;7.252675E-10;0.9999998;ОС-1:;состояние1_k-11.sig;1 дополнительное:;состояние2_k-33.sig;-0.1383021;-0.001585496;6.68411;78;0.1564751;685;4.248588;6.531917;305;6.527635
62;57003;55001;50007;7.252675E-10;0.9999998;ОС-1:;состояние1_k-11.sig;1 дополнительное:;состояние2_k-34.sig;-0.1383021;-0.0007487145;6.68411;78;0.1595789;278;4.208119;6.843022;396;6.524531
62;57003;55001;50007;7.252675E-10;0.9999998;ОС-1:;состояние1_k-11.sig;1 дополнительное:;состояние2_k-35.sig;-0.1383021;0;6.68411;78;0.1394471;37;4.209513;6.820861;123;6.544663
62;57003;55001;50007;7.252675E-10;0.9999998;ОС-1:;состояние1_k-11.sig;1 дополнительное:;состояние2_k-36.sig;-0.1383021;1.661052E-05;6.68411;78;0.09895623;226;4.212112;6.781425;351;6.585154
62;57003;55001;50007;7.252675E-10;0.9999998;ОС-1:;состояние1_k-11.sig;1 дополнительное:;состояние2_k-37.sig;-0.1383021;-0.0002508917;6.68411;78;0.04470434;647;4.213818;6.726906;214;6.639406
62;57003;55001;50007;7.252675E-10;0.9999998;ОС-1:;состояние1_k-11.sig;1 дополнительное:;состояние2_k-38.sig;-0.1383021;-0.0001045968;6.68411;78;0.03710793;302;4.214018;6.721103;78;6.647002
62;57003;55001;50007;7.252675E-10;0.9999998;ОС-1:;состояние1_k-11.sig;1 дополнительное:;состояние2_k-39.sig;-0.1383021;0.0002714932;6.68411;78;0.1045063;340;4.213779;6.784508;32;6.579604
62;57003;55001;50007;7.252675E-10;0.9999998;ОС-1:;состояние1_k-11.sig;1 дополнительное:;состояние2_k-40.sig;-0.1383021;-8.195639E-10;6.68411;78;0.1726224;2;4.214405;6.856076;578;6.511488
62;57003;55001;50007;7.252675E-10;0.9999998;ОС-1:;состояние1_k-12.sig;1 дополнительное:;состояние2_k-21.sig;-0.1692752;0.008304422;6.263943;59;0.7871342;397;4.003602;7.043298;17;5.476809
62;57003;55001;50007;7.252675E-10;0.9999998;ОС-1:;состояние1_k-12.sig;1 дополнительное:;состояние2_k-22.sig;-0.1692752;0.005513245;6.263943;59;0.4419048;144;3.985245;6.693238;393;5.822038
62;57003;55001;50007;7.252675E-10;0.9999998;ОС-1:;состояние1_k-12.sig;1 дополнительное:;состояние2_k-23.sig;-0.1692752;0.0005209497;6.263943;59;0.1993815;781;3.979818;6.462034;434;6.064562
62;57003;55001;50007;7.252675E-10;0.9999998;ОС-1:;состояние1_k-12.sig;1 дополнительное:;состояние2_k-24.sig;-0.1692752;-0.0009868126;6.263943;59;0.1066475;110;3.980667;6.284841;101;6.157296
62;57003;55001;50007;7.252675E-10;0.9999998;ОС-1:;состояние1_k-12.sig;1 дополнительное:;состояние2_k-25.sig;-0.1692752;0;6.263943;59;0.1490166;15;3.981846;6.407724;476;6.114927
62;57003;55001;50007;7.252675E-10;0.9999998;ОС-1:;состояние1_k-12.sig;1 дополнительное:;состояние2_k-26.sig;-0.1692752;0.0004302163;6.263943;59;0.1742284;7;3.981764;6.43603;142;6.089715
62;57003;55001;50007;7.252675E-10;0.9999998;ОС-1:;состояние1_k-12.sig;1 дополнительное:;состояние2_k-27.sig;-0.1692752;-0.0002888358;6.263943;59;0.1587173;408;3.981516;6.415556;184;6.105226
62;57003;55001;50007;7.252675E-10;0.9999998;ОС-1:;состояние1_k-12.sig;1 дополнительное:;состояние2_k-28.sig;-0.1692752;-0.0007337715;6.263943;59;0.1123329;102;3.98025;6.372346;101;6.15161
62;57003;55001;50007;7.252675E-10;0.9999998;ОС-1:;состояние1_k-12.sig;1 дополнительное:;состояние2_k-29.sig;-0.1692752;-0.0003088684;6.263943;59;0.04851631;679;3.979946;6.312076;559;6.215427
62;57003;55001;50007;7.252675E-10;0.9999998;ОС-1:;состояние1_k-12.sig;1 дополнительное:;состояние2_k-30.sig;-0.1692752;0;6.263943;59;0.02118249;70;3.979279;6.282634;434;6.242761
62;57003;55001;50007;7.252675E-10;0.9999998;ОС-1:;состояние1_k-12.sig;1 дополнительное:;состояние2_k-31.sig;-0.1692752;-0.0006149911;6.263943;59;0.08285578;94;3.979337;6.344801;142;6.181087
62;57003;55001;50007;7.252675E-10;0.9999998;ОС-1:;состояние1_k-12.sig;1 дополнительное:;состояние2_k-32.sig;-0.1692752;-0.001520416;6.263943;59;0.1299879;55;3.980144;6.389891;226;6.133955
62;57003;55001;50007;7.252675E-10;0.9999998;ОС-1:;состояние1_k-12.sig;1 дополнительное:;состояние2_k-33.sig;-0.1692752;-0.001585496;6.263943;59;0.1564751;685;3.979372;6.416983;684;6.107468
62;57003;55001;50007;7.252675E-10;0.9999998;ОС-1:;состояние1_k-12.sig;1 дополнительное:;состояние2_k-34.sig;-0.1692752;-0.0007487145;6.263943;59;0.1595789;278;3.977163;6.420265;101;6.104364
62;57003;55001;50007;7.252675E-10;0.9999998;ОС-1:;состояние1_k-12.sig;1 дополнительное:;состояние2_k-35.sig;-0.1692752;0;6.263943;59;0.1394471;37;3.975008;6.402539;309;6.124496
62;57003;55001;50007;7.252675E-10;0.9999998;ОС-1:;состояние1_k-12.sig;1 дополнительное:;состояние2_k-36.sig;-0.1692752;1.661052E-05;6.263943;59;0.09895623;226;4.001009;6.165273;59;6.164987
62;57003;55001;50007;7.252675E-10;0.9999998;ОС-1:;состояние1_k-12.sig;1 дополнительное:;состояние2_k-37.sig;-0.1692752;-0.0002508917;6.263943;59;0.04470434;647;3.977674;6.308613;309;6.219239
62;57003;55001;50007;7.252675E-10;0.9999998;ОС-1:;состояние1_k-12.sig;1 дополнительное:;состояние2_k-38.sig;-0.1692752;-0.0001045968;6.263943;59;0.03710793;302;3.980926;6.300877;434;6.226835
62;57003;55001;50007;7.252675E-10;0.9999998;ОС-1:;состояние1_k-12.sig;1 дополнительное:;состояние2_k-39.sig;-0.1692752;0.0002714932;6.263943;59;0.1045063;340;3.982303;6.364898;559;6.159437
62;57003;55001;50007;7.252675E-10;0.9999998;ОС-1:;состояние1_k-12.sig;1 дополнительное:;состояние2_k-40.sig;-0.1692752;-8.195639E-10;6.263943;59;0.1726224;2;3.982395;6.424159;101;6.091321
62;57003;55001;50007;7.252675E-10;0.9999998;ОС-1:;состояние1_k-13.sig;1 дополнительное:;состояние2_k-21.sig;-0.1097959;0.008304422;5.724078;43;0.7871342;397;3.677341;6.5038;158;4.936944
62;57003;55001;50007;7.252675E-10;0.9999998;ОС-1:;состояние1_k-13.sig;1 дополнительное:;состояние2_k-22.sig;-0.1097959;0.005513245;5.724078;43;0.4419048;144;3.651695;6.165081;235;5.282173
62;57003;55001;50007;7.252675E-10;0.9999998;ОС-1:;состояние1_k-13.sig;1 дополнительное:;состояние2_k-23.sig;-0.1097959;0.0005209497;5.724078;43;0.1993815;781;3.638882;5.922363;389;5.524696
62;57003;55001;50007;7.252675E-10;0.9999998;ОС-1:;состояние1_k-13.sig;1 дополнительное:;состояние2_k-24.sig;-0.1097959;-0.0009868126;5.724078;43;0.1066475;110;3.638986;5.829858;235;5.61743
62;57003;55001;50007;7.252675E-10;0.9999998;ОС-1:;состояние1_k-13.sig;1 дополнительное:;состояние2_k-25.sig;-0.1097959;0;5.724078;43;0.1490166;15;3.642541;5.870722;274;5.575061
62;57003;55001;50007;7.252675E-10;0.9999998;ОС-1:;состояние1_k-13.sig;1 дополнительное:;состояние2_k-26.sig;-0.1097959;0.0004302163;5.724078;43;0.1742284;7;3.642821;5.885468;697;5.54985
62;57003;55001;50007;7.252675E-10;0.9999998;ОС-1:;состояние1_k-13.sig;1 дополнительное:;состояние2_k-27.sig;-0.1097959;-0.0002888358;5.724078;43;0.1587173;408;3.640125;5.876901;427;5.565361
62;57003;55001;50007;7.252675E-10;0.9999998;ОС-1:;состояние1_k-13.sig;1 дополнительное:;состояние2_k-28.sig;-0.1097959;-0.0007337715;5.724078;43;0.1123329;102;3.637914;5.836023;120;5.611745
62;57003;55001;50007;7.252675E-10;0.9999998;ОС-1:;состояние1_k-13.sig;1 дополнительное:;состояние2_k-29.sig;-0.1097959;-0.0003088684;5.724078;43;0.04851631;679;3.638292;5.769708;351;5.675561
62;57003;55001;50007;7.252675E-10;0.9999998;ОС-1:;состояние1_k-13.sig;1 дополнительное:;состояние2_k-30.sig;-0.1097959;0;5.724078;43;0.02118249;70;3.638399;5.744911;120;5.702895
62;57003;55001;50007;7.252675E-10;0.9999998;ОС-1:;состояние1_k-13.sig;1 дополнительное:;состояние2_k-31.sig;-0.1097959;-0.0006149911;5.724078;43;0.08285578;94;3.637428;5.804841;158;5.641222
62;57003;55001;50007;7.252675E-10;0.9999998;ОС-1:;состояние1_k-13.sig;1 дополнительное:;состояние2_k-32.sig;-0.1097959;-0.001520416;5.724078;43;0.1299879;55;3.636922;5.852127;774;5.59409
62;57003;55001;50007;7.252675E-10;0.9999998;ОС-1:;состояние1_k-13.sig;1 дополнительное:;состояние2_k-33.sig;-0.1097959;-0.001585496;5.724078;43;0.1564751;685;3.638923;5.875486;428;5.567603
62;57003;55001;50007;7.252675E-10;0.9999998;ОС-1:;состояние1_k-13.sig;1 дополнительное:;состояние2_k-34.sig;-0.1097959;-0.0007487145;5.724078;43;0.1595789;278;3.640442;5.883353;543;5.564499
62;57003;55001;50007;7.252675E-10;0.9999998;ОС-1:;состояние1_k-13.sig;1 дополнительное:;состояние2_k-35.sig;-0.1097959;0;5.724078;43;0.1394471;37;3.640436;5.863215;466;5.58463
62;57003;55001;50007;7.252675E-10;0.9999998;ОС-1:;состояние1_k-13.sig;1 дополнительное:;состояние2_k-36.sig;-0.1097959;1.661052E-05;5.724078;43;0.09895623;226;3.638507;5.820285;351;5.625122
62;57003;55001;50007;7.252675E-10;0.9999998;ОС-1:;состояние1_k-13.sig;1 дополнительное:;состояние2_k-37.sig;-0.1097959;-0.0002508917;5.724078;43;0.04470434;647;3.637022;5.768433;120;5.679373
62;57003;55001;50007;7.252675E-10;0.9999998;ОС-1:;состояние1_k-13.sig;1 дополнительное:;состояние2_k-38.sig;-0.1097959;-0.0001045968;5.724078;43;0.03710793;302;3.63893;5.760199;697;5.68697
62;57003;55001;50007;7.252675E-10;0.9999998;ОС-1:;состояние1_k-13.sig;1 дополнительное:;состояние2_k-39.sig;-0.1097959;0.0002714932;5.724078;43;0.1045063;340;3.620135;5.81595;274;5.619571
62;57003;55001;50007;7.252675E-10;0.9999998;ОС-1:;состояние1_k-13.sig;1 дополнительное:;состояние2_k-40.sig;-0.1097959;-8.195639E-10;5.724078;43;0.1726224;2;3.648714;5.880691;4;5.551455
62;57003;55001;50007;7.252675E-10;0.9999998;ОС-1:;состояние1_k-14.sig;1 дополнительное:;состояние2_k-21.sig;-0.0338132;0.008304422;5.096692;172;0.7871342;397;3.260292;5.876797;636;4.309557
62;57003;55001;50007;7.252675E-10;0.9999998;ОС-1:;состояние1_k-14.sig;1 дополнительное:;состояние2_k-22.sig;-0.0338132;0.005513245;5.096692;172;0.4419048;144;3.24166;5.530365;29;4.654787
62;57003;55001;50007;7.252675E-10;0.9999998;ОС-1:;состояние1_k-14.sig;1 дополнительное:;состояние2_k-23.sig;-0.0338132;0.0005209497;5.096692;172;0.1993815;781;3.227794;5.295833;672;4.89731
62;57003;55001;50007;7.252675E-10;0.9999998;ОС-1:;состояние1_k-14.sig;1 дополнительное:;состояние2_k-24.sig;-0.0338132;-0.0009868126;5.096692;172;0.1066475;110;3.223846;5.203075;172;4.990044
62;57003;55001;50007;7.252675E-10;0.9999998;ОС-1:;состояние1_k-14.sig;1 дополнительное:;состояние2_k-25.sig;-0.0338132;0;5.096692;172;0.1490166;15;3.226191;5.245297;315;4.947675
62;57003;55001;50007;7.252675E-10;0.9999998;ОС-1:;состояние1_k-14.sig;1 дополнительное:;состояние2_k-26.sig;-0.0338132;0.0004302163;5.096692;172;0.1742284;7;3.228374;5.256897;101;4.922463
62;57003;55001;50007;7.252675E-10;0.9999998;ОС-1:;состояние1_k-14.sig;1 дополнительное:;состояние2_k-27.sig;-0.0338132;-0.0002888358;5.096692;172;0.1587173;408;3.226665;5.254632;315;4.937974
62;57003;55001;50007;7.252675E-10;0.9999998;ОС-1:;состояние1_k-14.sig;1 дополнительное:;состояние2_k-28.sig;-0.0338132;-0.0007337715;5.096692;172;0.1123329;102;3.224721;5.205779;65;4.984359
62;57003;55001;50007;7.252675E-10;0.9999998;ОС-1:;состояние1_k-14.sig;1 дополнительное:;состояние2_k-29.sig;-0.0338132;-0.0003088684;5.096692;172;0.04851631;679;3.22355;5.143611;386;5.048175
62;57003;55001;50007;7.252675E-10;0.9999998;ОС-1:;состояние1_k-14.sig;1 дополнительное:;состояние2_k-30.sig;-0.0338132;0;5.096692;172;0.02118249;70;3.224048;5.116153;136;5.075509
62;57003;55001;50007;7.252675E-10;0.9999998;ОС-1:;состояние1_k-14.sig;1 дополнительное:;состояние2_k-31.sig;-0.0338132;-0.0006149911;5.096692;172;0.08285578;94;3.224266;5.178764;529;5.013836
62;57003;55001;50007;7.252675E-10;0.9999998;ОС-1:;состояние1_k-14.sig;1 дополнительное:;состояние2_k-32.sig;-0.0338132;-0.001520416;5.096692;172;0.1299879;55;3.222762;5.222325;493;4.966704
62;57003;55001;50007;7.252675E-10;0.9999998;ОС-1:;состояние1_k-14.sig;1 дополнительное:;состояние2_k-33.sig;-0.0338132;-0.001585496;5.096692;172;0.1564751;685;3.222895;5.251313;458;4.940217
62;57003;55001;50007;7.252675E-10;0.9999998;ОС-1:;состояние1_k-14.sig;1 дополнительное:;состояние2_k-34.sig;-0.0338132;-0.0007487145;5.096692;172;0.1595789;278;3.224309;5.25229;29;4.937113
62;57003;55001;50007;7.252675E-10;0.9999998;ОС-1:;состояние1_k-14.sig;1 дополнительное:;состояние2_k-35.sig;-0.0338132;0;5.096692;172;0.1394471;37;3.224584;5.23438;65;4.957244
62;57003;55001;50007;7.252675E-10;0.9999998;ОС-1:;состояние1_k-14.sig;1 дополнительное:;состояние2_k-36.sig;-0.0338132;1.661052E-05;5.096692;172;0.09895623;226;3.224942;5.192;101;4.997736
62;57003;55001;50007;7.252675E-10;0.9999998;ОС-1:;состояние1_k-14.sig;1 дополнительное:;состояние2_k-37.sig;-0.0338132;-0.0002508917;5.096692;172;0.04470434;647;3.224058;5.139952;565;5.051987
62;57003;55001;50007;7.252675E-10;0.9999998;ОС-1:;состояние1_k-14.sig;1 дополнительное:;состояние2_k-38.sig;-0.0338132;-0.0001045968;5.096692;172;0.03710793;302;3.223559;5.133357;65;5.059584
62;57003;55001;50007;7.252675E-10;0.9999998;ОС-1:;состояние1_k-14.sig;1 дополнительное:;состояние2_k-39.sig;-0.0338132;0.0002714932;5.096692;172;0.1045063;340;3.225106;5.1958;172;4.992185
62;57003;55001;50007;7.252675E-10;0.9999998;ОС-1:;состояние1_k-14.sig;1 дополнительное:;состояние2_k-40.sig;-0.0338132;-8.195639E-10;5.096692;172;0.1726224;2;3.228854;5.269944;315;4.924069
62;57003;55001;50007;7.252675E-10;0.9999998;ОС-1:;состояние1_k-15.sig;1 дополнительное:;состояние2_k-21.sig;0;0.008304422;4.414091;84;0.7871342;397;2.83808;5.134639;418;3.626956
62;57003;55001;50007;7.252675E-10;0.9999998;ОС-1:;состояние1_k-15.sig;1 дополнительное:;состояние2_k-22.sig;0;0.005513245;4.414091;84;0.4419048;144;2.824715;4.852503;484;3.972186
62;57003;55001;50007;7.252675E-10;0.9999998;ОС-1:;состояние1_k-15.sig;1 дополнительное:;состояние2_k-23.sig;0;0.0005209497;4.414091;84;0.1993815;781;2.815323;4.60901;151;4.214709
62;57003;55001;50007;7.252675E-10;0.9999998;ОС-1:;состояние1_k-15.sig;1 дополнительное:;состояние2_k-24.sig;0;-0.0009868126;4.414091;84;0.1066475;110;2.81092;4.518475;317;4.307443
62;57003;55001;50007;7.252675E-10;0.9999998;ОС-1:;состояние1_k-15.sig;1 дополнительное:;состояние2_k-25.sig;0;0;4.414091;84;0.1490166;15;2.810824;4.534961;51;4.265074
62;57003;55001;50007;7.252675E-10;0.9999998;ОС-1:;состояние1_k-15.sig;1 дополнительное:;состояние2_k-26.sig;0;0.0004302163;4.414091;84;0.1742284;7;2.812398;4.588295;584;4.239862
62;57003;55001;50007;7.252675E-10;0.9999998;ОС-1:;состояние1_k-15.sig;1 дополнительное:;состояние2_k-27.sig;0;-0.0002888358;4.414091;84;0.1587173;408;2.812444;4.565703;184;4.255373
62;57003;55001;50007;7.252675E-10;0.9999998;ОС-1:;состояние1_k-15.sig;1 дополнительное:;состояние2_k-28.sig;0;-0.0007337715;4.414091;84;0.1123329;102;2.811376;4.526391;84;4.301758
62;57003;55001;50007;7.252675E-10;0.9999998;ОС-1:;состояние1_k-15.sig;1 дополнительное:;состояние2_k-29.sig;0;-0.0003088684;4.414091;84;0.04851631;679;2.810571;4.460679;284;4.365574
62;57003;55001;50007;7.252675E-10;0.9999998;ОС-1:;состояние1_k-15.sig;1 дополнительное:;состояние2_k-30.sig;0;0;4.414091;84;0.02118249;70;2.810491;4.432782;84;4.392908
62;57003;55001;50007;7.252675E-10;0.9999998;ОС-1:;состояние1_k-15.sig;1 дополнительное:;состояние2_k-31.sig;0;-0.0006149911;4.414091;84;0.08285578;94;2.810547;4.496767;384;4.331235
62;57003;55001;50007;7.252675E-10;0.9999998;ОС-1:;состояние1_k-15.sig;1 дополнительное:;состояние2_k-32.sig;0;-0.001520416;4.414091;84;0.1299879;55;2.811015;4.54331;117;4.284103
62;57003;55001;50007;7.252675E-10;0.9999998;ОС-1:;состояние1_k-15.sig;1 дополнительное:;состояние2_k-33.sig;0;-0.001585496;4.414091;84;0.1564751;685;2.811377;4.560902;217;4.257616
62;57003;55001;50007;7.252675E-10;0.9999998;ОС-1:;состояние1_k-15.sig;1 дополнительное:;состояние2_k-34.sig;0;-0.0007487145;4.414091;84;0.1595789;278;2.811367;4.571357;617;4.254512
62;57003;55001;50007;7.252675E-10;0.9999998;ОС-1:;состояние1_k-15.sig;1 дополнительное:;состояние2_k-35.sig;0;0;4.414091;84;0.1394471;37;2.812041;4.509079;83;4.274643
62;57003;55001;50007;7.252675E-10;0.9999998;ОС-1:;состояние1_k-15.sig;1 дополнительное:;состояние2_k-36.sig;0;1.661052E-05;4.414091;84;0.09895623;226;2.810195;4.512761;684;4.315135
62;57003;55001;50007;7.252675E-10;0.9999998;ОС-1:;состояние1_k-15.sig;1 дополнительное:;состояние2_k-37.sig;0;-0.0002508917;4.414091;84;0.04470434;647;2.810229;4.458484;417;4.369386
62;57003;55001;50007;7.252675E-10;0.9999998;ОС-1:;состояние1_k-15.sig;1 дополнительное:;состояние2_k-38.sig;0;-0.0001045968;4.414091;84;0.03710793;302;2.810861;4.451025;684;4.376983
62;57003;55001;50007;7.252675E-10;0.9999998;ОС-1:;состояние1_k-15.sig;1 дополнительное:;состояние2_k-39.sig;0;0.0002714932;4.414091;84;0.1045063;340;2.811328;4.504581;184;4.309584
62;57003;55001;50007;7.252675E-10;0.9999998;ОС-1:;состояние1_k-15.sig;1 дополнительное:;состояние2_k-40.sig;0;-8.195639E-10;4.414091;84;0.1726224;2;2.811237;4.572387;51;4.241468
62;57003;55001;50007;7.252675E-10;0.9999998;ОС-1:;состояние1_k-16.sig;1 дополнительное:;состояние2_k-21.sig;-0.01177283;0.008304422;3.70963;69;0.7871342;397;2.401437;4.49121;350;2.922496
62;57003;55001;50007;7.252675E-10;0.9999998;ОС-1:;состояние1_k-16.sig;1 дополнительное:;состояние2_k-22.sig;-0.01177283;0.005513245;3.70963;69;0.4419048;144;2.391067;4.148871;257;3.267725
62;57003;55001;50007;7.252675E-10;0.9999998;ОС-1:;состояние1_k-16.sig;1 дополнительное:;состояние2_k-23.sig;-0.01177283;0.0005209497;3.70963;69;0.1993815;781;2.387143;3.909001;194;3.510248
62;57003;55001;50007;7.252675E-10;0.9999998;ОС-1:;состояние1_k-16.sig;1 дополнительное:;состояние2_k-24.sig;-0.01177283;-0.0009868126;3.70963;69;0.1066475;110;2.381328;3.813591;7;3.602982
62;57003;55001;50007;7.252675E-10;0.9999998;ОС-1:;состояние1_k-16.sig;1 дополнительное:;состояние2_k-25.sig;-0.01177283;0;3.70963;69;0.1490166;15;2.37897;3.857996;194;3.560613
62;57003;55001;50007;7.252675E-10;0.9999998;ОС-1:;состояние1_k-16.sig;1 дополнительное:;состояние2_k-26.sig;-0.01177283;0.0004302163;3.70963;69;0.1742284;7;2.380323;3.882909;257;3.535401
62;57003;55001;50007;7.252675E-10;0.9999998;ОС-1:;состояние1_k-16.sig;1 дополнительное:;состояние2_k-27.sig;-0.01177283;-0.0002888358;3.70963;69;0.1587173;408;2.38252;3.868716;38;3.550912
62;57003;55001;50007;7.252675E-10;0.9999998;ОС-1:;состояние1_k-16.sig;1 дополнительное:;состояние2_k-28.sig;-0.01177283;-0.0007337715;3.70963;69;0.1123329;102;2.382492;3.815312;101;3.597297
62;57003;55001;50007;7.252675E-10;0.9999998;ОС-1:;состояние1_k-16.sig;1 дополнительное:;состояние2_k-29.sig;-0.01177283;-0.0003088684;3.70963;69;0.04851631;679;2.38035;3.757604;163;3.661114
62;57003;55001;50007;7.252675E-10;0.9999998;ОС-1:;состояние1_k-16.sig;1 дополнительное:;состояние2_k-30.sig;-0.01177283;0;3.70963;69;0.02118249;70;2.379552;3.730776;38;3.688447
62;57003;55001;50007;7.252675E-10;0.9999998;ОС-1:;состояние1_k-16.sig;1 дополнительное:;состояние2_k-31.sig;-0.01177283;-0.0006149911;3.70963;69;0.08285578;94;2.380154;3.792884;288;3.626774
62;57003;55001;50007;7.252675E-10;0.9999998;ОС-1:;состояние1_k-16.sig;1 дополнительное:;состояние2_k-32.sig;-0.01177283;-0.001520416;3.70963;69;0.1299879;55;2.381124;3.835592;7;3.579642
62;57003;55001;50007;7.252675E-10;0.9999998;ОС-1:;состояние1_k-16.sig;1 дополнительное:;состояние2_k-33.sig;-0.01177283;-0.001585496;3.70963;69;0.1564751;685;2.380076;3.865086;413;3.553155
62;57003;55001;50007;7.252675E-10;0.9999998;ОС-1:;состояние1_k-16.sig;1 дополнительное:;состояние2_k-34.sig;-0.01177283;-0.0007487145;3.70963;69;0.1595789;278;2.379365;3.864235;382;3.550051
62;57003;55001;50007;7.252675E-10;0.9999998;ОС-1:;состояние1_k-16.sig;1 дополнительное:;состояние2_k-35.sig;-0.01177283;0;3.70963;69;0.1394471;37;2.379488;3.848946;194;3.570183
62;57003;55001;50007;7.252675E-10;0.9999998;ОС-1:;состояние1_k-16.sig;1 дополнительное:;состояние2_k-36.sig;-0.01177283;1.661052E-05;3.70963;69;0.09895623;226;2.380455;3.803648;226;3.610673
62;57003;55001;50007;7.252675E-10;0.9999998;ОС-1:;состояние1_k-16.sig;1 дополнительное:;состояние2_k-37.sig;-0.01177283;-0.0002508917;3.70963;69;0.04470434;647;2.380108;3.754222;444;3.664925
62;57003;55001;50007;7.252675E-10;0.9999998;ОС-1:;состояние1_k-16.sig;1 дополнительное:;состояние2_k-38.sig;-0.01177283;-0.0001045968;3.70963;69;0.03710793;302;2.379398;3.74666;38;3.672522
62;57003;55001;50007;7.252675E-10;0.9999998;ОС-1:;состояние1_k-16.sig;1 дополнительное:;состояние2_k-39.sig;-0.01177283;0.0002714932;3.70963;69;0.1045063;340;2.379511;3.81329;288;3.605124
62;57003;55001;50007;7.252675E-10;0.9999998;ОС-1:;состояние1_k-16.sig;1 дополнительное:;состояние2_k-40.sig;-0.01177283;-8.195639E-10;3.70963;69;0.1726224;2;2.380708;3.867124;101;3.537007
62;57003;55001;50007;7.252675E-10;0.9999998;ОС-1:;состояние1_k-17.sig;1 дополнительное:;состояние2_k-21.sig;-0.03430642;0.008304422;3.014791;468;0.7871342;397;1.960301;3.80059;468;2.227656
62;57003;55001;50007;7.252675E-10;0.9999998;ОС-1:;состояние1_k-17.sig;1 дополнительное:;состояние2_k-22.sig;-0.03430642;0.005513245;3.014791;468;0.4419048;144;1.932156;3.452751;144;2.572886
62;57003;55001;50007;7.252675E-10;0.9999998;ОС-1:;состояние1_k-17.sig;1 дополнительное:;состояние2_k-23.sig;-0.03430642;0.0005209497;3.014791;468;0.1993815;781;1.929782;3.211348;86;2.815409
62;57003;55001;50007;7.252675E-10;0.9999998;ОС-1:;состояние1_k-17.sig;1 дополнительное:;состояние2_k-24.sig;-0.03430642;-0.0009868126;3.014791;468;0.1066475;110;1.927812;3.120792;27;2.908143
62;57003;55001;50007;7.252675E-10;0.9999998;ОС-1:;состояние1_k-17.sig;1 дополнительное:;состояние2_k-25.sig;-0.03430642;0;3.014791;468;0.1490166;15;1.92375;3.16373;115;2.865774
62;57003;55001;50007;7.252675E-10;0.9999998;ОС-1:;состояние1_k-17.sig;1 дополнительное:;состояние2_k-26.sig;-0.03430642;0.0004302163;3.014791;468;0.1742284;7;1.922812;3.187052;527;2.840562
62;57003;55001;50007;7.252675E-10;0.9999998;ОС-1:;состояние1_k-17.sig;1 дополнительное:;состояние2_k-27.sig;-0.03430642;-0.0002888358;3.014791;468;0.1587173;408;1.925027;3.172442;56;2.856073
62;57003;55001;50007;7.252675E-10;0.9999998;ОС-1:;состояние1_k-17.sig;1 дополнительное:;состояние2_k-28.sig;-0.03430642;-0.0007337715;3.014791;468;0.1123329;102;1.926357;3.126339;674;2.902458
62;57003;55001;50007;7.252675E-10;0.9999998;ОС-1:;состояние1_k-17.sig;1 дополнительное:;состояние2_k-29.sig;-0.03430642;-0.0003088684;3.014791;468;0.04851631;679;1.925207;3.059463;350;2.966274
62;57003;55001;50007;7.252675E-10;0.9999998;ОС-1:;состояние1_k-17.sig;1 дополнительное:;состояние2_k-30.sig;-0.03430642;0;3.014791;468;0.02118249;70;1.923433;3.034376;203;2.993608
62;57003;55001;50007;7.252675E-10;0.9999998;ОС-1:;состояние1_k-17.sig;1 дополнительное:;состояние2_k-31.sig;-0.03430642;-0.0006149911;3.014791;468;0.08285578;94;1.924202;3.096756;174;2.931935
62;57003;55001;50007;7.252675E-10;0.9999998;ОС-1:;состояние1_k-17.sig;1 дополнительное:;состояние2_k-32.sig;-0.03430642;-0.001520416;3.014791;468;0.1299879;55;1.925156;3.142627;86;2.884803
62;57003;55001;50007;7.252675E-10;0.9999998;ОС-1:;состояние1_k-17.sig;1 дополнительное:;состояние2_k-33.sig;-0.03430642;-0.001585496;3.014791;468;0.1564751;685;1.925109;3.170749;321;2.858315
62;57003;55001;50007;7.252675E-10;0.9999998;ОС-1:;состояние1_k-17.sig;1 дополнительное:;состояние2_k-34.sig;-0.03430642;-0.0007487145;3.014791;468;0.1595789;278;1.925781;3.170219;527;2.855212
62;57003;55001;50007;7.252675E-10;0.9999998;ОС-1:;состояние1_k-17.sig;1 дополнительное:;состояние2_k-35.sig;-0.03430642;0;3.014791;468;0.1394471;37;1.923312;3.153347;380;2.875344
62;57003;55001;50007;7.252675E-10;0.9999998;ОС-1:;состояние1_k-17.sig;1 дополнительное:;состояние2_k-36.sig;-0.03430642;1.661052E-05;3.014791;468;0.09895623;226;1.923324;3.11364;615;2.915834
62;57003;55001;50007;7.252675E-10;0.9999998;ОС-1:;состояние1_k-17.sig;1 дополнительное:;состояние2_k-37.sig;-0.03430642;-0.0002508917;3.014791;468;0.04470434;647;1.924296;3.059289;174;2.970086
62;57003;55001;50007;7.252675E-10;0.9999998;ОС-1:;состояние1_k-17.sig;1 дополнительное:;состояние2_k-38.sig;-0.03430642;-0.0001045968;3.014791;468;0.03710793;302;1.923775;3.051317;762;2.977683
62;57003;55001;50007;7.252675E-10;0.9999998;ОС-1:;состояние1_k-17.sig;1 дополнительное:;состояние2_k-39.sig;-0.03430642;0.0002714932;3.014791;468;0.1045063;340;1.922842;3.117635;174;2.910284
62;57003;55001;50007;7.252675E-10;0.9999998;ОС-1:;состояние1_k-17.sig;1 дополнительное:;состояние2_k-40.sig;-0.03430642;-8.195639E-10;3.014791;468;0.1726224;2;1.922942;3.188377;115;2.842168
62;57003;55001;50007;7.252675E-10;0.9999998;ОС-1:;состояние1_k-18.sig;1 дополнительное:;состояние2_k-21.sig;-0.03748899;0.008304422;2.354854;378;0.7871342;397;1.572072;3.138593;350;1.56772
62;57003;55001;50007;7.252675E-10;0.9999998;ОС-1:;состояние1_k-18.sig;1 дополнительное:;состояние2_k-22.sig;-0.03748899;0.005513245;2.354854;378;0.4419048;144;1.514989;2.790335;212;1.912949
62;57003;55001;50007;7.252675E-10;0.9999998;ОС-1:;состояние1_k-18.sig;1 дополнительное:;состояние2_k-23.sig;-0.03748899;0.0005209497;2.354854;378;0.1993815;781;1.502569;2.552687;128;2.155473
62;57003;55001;50007;7.252675E-10;0.9999998;ОС-1:;состояние1_k-18.sig;1 дополнительное:;состояние2_k-24.sig;-0.03748899;-0.0009868126;2.354854;378;0.1066475;110;1.501996;2.452733;45;2.248206
62;57003;55001;50007;7.252675E-10;0.9999998;ОС-1:;состояние1_k-18.sig;1 дополнительное:;состояние2_k-25.sig;-0.03748899;0;2.354854;378;0.1490166;15;1.500437;2.502402;295;2.205837
62;57003;55001;50007;7.252675E-10;0.9999998;ОС-1:;состояние1_k-18.sig;1 дополнительное:;состояние2_k-26.sig;-0.03748899;0.0004302163;2.354854;378;0.1742284;7;1.498704;2.525144;239;2.180625
62;57003;55001;50007;7.252675E-10;0.9999998;ОС-1:;состояние1_k-18.sig;1 дополнительное:;состояние2_k-27.sig;-0.03748899;-0.0002888358;2.354854;378;0.1587173;408;1.499327;2.504086;295;2.196136
62;57003;55001;50007;7.252675E-10;0.9999998;ОС-1:;состояние1_k-18.sig;1 дополнительное:;состояние2_k-28.sig;-0.03748899;-0.0007337715;2.354854;378;0.1123329;102;1.500094;2.466251;156;2.242521
62;57003;55001;50007;7.252675E-10;0.9999998;ОС-1:;состояние1_k-18.sig;1 дополнительное:;состояние2_k-29.sig;-0.03748899;-0.0003088684;2.354854;378;0.04851631;679;1.499862;2.40302;489;2.306338
62;57003;55001;50007;7.252675E-10;0.9999998;ОС-1:;состояние1_k-18.sig;1 дополнительное:;состояние2_k-30.sig;-0.03748899;0;2.354854;378;0.02118249;70;1.498613;2.373652;239;2.333671
62;57003;55001;50007;7.252675E-10;0.9999998;ОС-1:;состояние1_k-18.sig;1 дополнительное:;состояние2_k-31.sig;-0.03748899;-0.0006149911;2.354854;378;0.08285578;94;1.49825;2.437406;739;2.271998
62;57003;55001;50007;7.252675E-10;0.9999998;ОС-1:;состояние1_k-18.sig;1 дополнительное:;состояние2_k-32.sig;-0.03748899;-0.001520416;2.354854;378;0.1299879;55;1.498657;2.482851;461;2.224866
62;57003;55001;50007;7.252675E-10;0.9999998;ОС-1:;состояние1_k-18.sig;1 дополнительное:;состояние2_k-33.sig;-0.03748899;-0.001585496;2.354854;378;0.1564751;685;1.499843;2.508003;489;2.198379
62;57003;55001;50007;7.252675E-10;0.9999998;ОС-1:;состояние1_k-18.sig;1 дополнительное:;состояние2_k-34.sig;-0.03748899;-0.0007487145;2.354854;378;0.1595789;278;1.500221;2.51113;72;2.195275
62;57003;55001;50007;7.252675E-10;0.9999998;ОС-1:;состояние1_k-18.sig;1 дополнительное:;состояние2_k-35.sig;-0.03748899;0;2.354854;378;0.1394471;37;1.499404;2.490733;295;2.215407
62;57003;55001;50007;7.252675E-10;0.9999998;ОС-1:;состояние1_k-18.sig;1 дополнительное:;состояние2_k-36.sig;-0.03748899;1.661052E-05;2.354854;378;0.09895623;226;1.499707;2.452559;267;2.255898
62;57003;55001;50007;7.252675E-10;0.9999998;ОС-1:;состояние1_k-18.sig;1 дополнительное:;состояние2_k-37.sig;-0.03748899;-0.0002508917;2.354854;378;0.04470434;647;1.49885;2.398576;350;2.310149
62;57003;55001;50007;7.252675E-10;0.9999998;ОС-1:;состояние1_k-18.sig;1 дополнительное:;состояние2_k-38.sig;-0.03748899;-0.0001045968;2.354854;378;0.03710793;302;1.498866;2.389641;156;2.317746
62;57003;55001;50007;7.252675E-10;0.9999998;ОС-1:;состояние1_k-18.sig;1 дополнительное:;состояние2_k-39.sig;-0.03748899;0.0002714932;2.354854;378;0.1045063;340;1.498847;2.458739;378;2.250348
62;57003;55001;50007;7.252675E-10;0.9999998;ОС-1:;состояние1_k-18.sig;1 дополнительное:;состояние2_k-40.sig;-0.03748899;-8.195639E-10;2.354854;378;0.1726224;2;1.49946;2.52682;128;2.182231
62;57003;55001;50007;7.252675E-10;0.9999998;ОС-1:;состояние1_k-19.sig;1 дополнительное:;состояние2_k-21.sig;-0.020029;0.008304422;1.753048;508;0.7871342;397;1.248686;2.53847;87;0.9659138
62;57003;55001;50007;7.252675E-10;0.9999998;ОС-1:;состояние1_k-19.sig;1 дополнительное:;состояние2_k-22.sig;-0.020029;0.005513245;1.753048;508;0.4419048;144;1.155502;2.194398;8;1.311143
62;57003;55001;50007;7.252675E-10;0.9999998;ОС-1:;состояние1_k-19.sig;1 дополнительное:;состояние2_k-23.sig;-0.020029;0.0005209497;1.753048;508;0.1993815;781;1.124199;1.951014;455;1.553667
62;57003;55001;50007;7.252675E-10;0.9999998;ОС-1:;состояние1_k-19.sig;1 дополнительное:;состояние2_k-24.sig;-0.020029;-0.0009868126;1.753048;508;0.1066475;110;1.122095;1.857258;692;1.646401
62;57003;55001;50007;7.252675E-10;0.9999998;ОС-1:;состояние1_k-19.sig;1 дополнительное:;состояние2_k-25.sig;-0.020029;0;1.753048;508;0.1490166;15;1.124532;1.900412;34;1.604032
62;57003;55001;50007;7.252675E-10;0.9999998;ОС-1:;состояние1_k-19.sig;1 дополнительное:;состояние2_k-26.sig;-0.020029;0.0004302163;1.753048;508;0.1742284;7;1.123331;1.924815;8;1.57882
62;57003;55001;50007;7.252675E-10;0.9999998;ОС-1:;состояние1_k-19.sig;1 дополнительное:;состояние2_k-27.sig;-0.020029;-0.0002888358;1.753048;508;0.1587173;408;1.121433;1.910268;482;1.594331
62;57003;55001;50007;7.252675E-10;0.9999998;ОС-1:;состояние1_k-19.sig;1 дополнительное:;состояние2_k-28.sig;-0.020029;-0.0007337715;1.753048;508;0.1123329;102;1.121125;1.864911;745;1.640715
62;57003;55001;50007;7.252675E-10;0.9999998;ОС-1:;состояние1_k-19.sig;1 дополнительное:;состояние2_k-29.sig;-0.020029;-0.0003088684;1.753048;508;0.04851631;679;1.121564;1.800136;455;1.704532
62;57003;55001;50007;7.252675E-10;0.9999998;ОС-1:;состояние1_k-19.sig;1 дополнительное:;состояние2_k-30.sig;-0.020029;0;1.753048;508;0.02118249;70;1.121065;1.774098;87;1.731866
62;57003;55001;50007;7.252675E-10;0.9999998;ОС-1:;состояние1_k-19.sig;1 дополнительное:;состояние2_k-31.sig;-0.020029;-0.0006149911;1.753048;508;0.08285578;94;1.120494;1.833183;482;1.670192
62;57003;55001;50007;7.252675E-10;0.9999998;ОС-1:;состояние1_k-19.sig;1 дополнительное:;состояние2_k-32.sig;-0.020029;-0.001520416;1.753048;508;0.1299879;55;1.120644;1.883021;508;1.62306
62;57003;55001;50007;7.252675E-10;0.9999998;ОС-1:;состояние1_k-19.sig;1 дополнительное:;состояние2_k-33.sig;-0.020029;-0.001585496;1.753048;508;0.1564751;685;1.121964;1.907807;245;1.596573
62;57003;55001;50007;7.252675E-10;0.9999998;ОС-1:;состояние1_k-19.sig;1 дополнительное:;состояние2_k-34.sig;-0.020029;-0.0007487145;1.753048;508;0.1595789;278;1.122827;1.912446;87;1.593469
62;57003;55001;50007;7.252675E-10;0.9999998;ОС-1:;состояние1_k-19.sig;1 дополнительное:;состояние2_k-35.sig;-0.020029;0;1.753048;508;0.1394471;37;1.1224;1.89169;8;1.613601
62;57003;55001;50007;7.252675E-10;0.9999998;ОС-1:;состояние1_k-19.sig;1 дополнительное:;состояние2_k-36.sig;-0.020029;1.661052E-05;1.753048;508;0.09895623;226;1.121654;1.851897;587;1.654092
62;57003;55001;50007;7.252675E-10;0.9999998;ОС-1:;состояние1_k-19.sig;1 дополнительное:;состояние2_k-37.sig;-0.020029;-0.0002508917;1.753048;508;0.04470434;647;1.120974;1.795205;376;1.708344
62;57003;55001;50007;7.252675E-10;0.9999998;ОС-1:;состояние1_k-19.sig;1 дополнительное:;состояние2_k-38.sig;-0.020029;-0.0001045968;1.753048;508;0.03710793;302;1.121325;1.771334;482;1.71594
62;57003;55001;50007;7.252675E-10;0.9999998;ОС-1:;состояние1_k-19.sig;1 дополнительное:;состояние2_k-39.sig;-0.020029;0.0002714932;1.753048;508;0.1045063;340;1.121895;1.855716;455;1.648542
62;57003;55001;50007;7.252675E-10;0.9999998;ОС-1:;состояние1_k-19.sig;1 дополнительное:;состояние2_k-40.sig;-0.020029;-8.195639E-10;1.753048;508;0.1726224;2;1.122237;1.924175;140;1.580426
62;57003;55001;50007;7.252675E-10;0.9999998;ОС-1:;состояние1_k-20.sig;1 дополнительное:;состояние2_k-21.sig;0;0.008304422;1.226266;25;0.7871342;397;0.9811162;2.011062;325;0.4391314
62;57003;55001;50007;7.252675E-10;0.9999998;ОС-1:;состояние1_k-20.sig;1 дополнительное:;состояние2_k-22.sig;0;0.005513245;1.226266;25;0.4419048;144;0.8450463;1.66534;75;0.7843609
62;57003;55001;50007;7.252675E-10;0.9999998;ОС-1:;состояние1_k-20.sig;1 дополнительное:;состояние2_k-23.sig;0;0.0005209497;1.226266;25;0.1993815;781;0.7883154;1.425161;325;1.026884
62;57003;55001;50007;7.252675E-10;0.9999998;ОС-1:;состояние1_k-20.sig;1 дополнительное:;состояние2_k-24.sig;0;-0.0009868126;1.226266;25;0.1066475;110;0.7779469;1.329691;150;1.119618
62;57003;55001;50007;7.252675E-10;0.9999998;ОС-1:;состояние1_k-20.sig;1 дополнительное:;состояние2_k-25.sig;0;0;1.226266;25;0.1490166;15;0.7837434;1.375282;75;1.077249
62;57003;55001;50007;7.252675E-10;0.9999998;ОС-1:;состояние1_k-20.sig;1 дополнительное:;состояние2_k-26.sig;0;0.0004302163;1.226266;25;0.1742284;7;0.7859575;1.399283;200;1.052037
62;57003;55001;50007;7.252675E-10;0.9999998;ОС-1:;состояние1_k-20.sig;1 дополнительное:;состояние2_k-27.sig;0;-0.0002888358;1.226266;25;0.1587173;408;0.783071;1.384718;575;1.067548
62;57003;55001;50007;7.252675E-10;0.9999998;ОС-1:;состояние1_k-20.sig;1 дополнительное:;состояние2_k-28.sig;0;-0.0007337715;1.226266;25;0.1123329;102;0.7800896;1.331758;100;1.113933
62;57003;55001;50007;7.252675E-10;0.9999998;ОС-1:;состояние1_k-20.sig;1 дополнительное:;состояние2_k-29.sig;0;-0.0003088684;1.226266;25;0.04851631;679;0.7803628;1.274704;300;1.177749
62;57003;55001;50007;7.252675E-10;0.9999998;ОС-1:;состояние1_k-20.sig;1 дополнительное:;состояние2_k-30.sig;0;0;1.226266;25;0.02118249;70;0.781179;1.24356;0;1.205083
62;57003;55001;50007;7.252675E-10;0.9999998;ОС-1:;состояние1_k-20.sig;1 дополнительное:;состояние2_k-31.sig;0;-0.0006149911;1.226266;25;0.08285578;94;0.7802966;1.308942;175;1.14341
62;57003;55001;50007;7.252675E-10;0.9999998;ОС-1:;состояние1_k-20.sig;1 дополнительное:;состояние2_k-32.sig;0;-0.001520416;1.226266;25;0.1299879;55;0.7797433;1.35191;150;1.096278
62;57003;55001;50007;7.252675E-10;0.9999998;ОС-1:;состояние1_k-20.sig;1 дополнительное:;состояние2_k-33.sig;0;-0.001585496;1.226266;25;0.1564751;685;0.7807228;1.382651;200;1.069791
62;57003;55001;50007;7.252675E-10;0.9999998;ОС-1:;состояние1_k-20.sig;1 дополнительное:;состояние2_k-34.sig;0;-0.0007487145;1.226266;25;0.1595789;278;0.782644;1.38583;175;1.066687
62;57003;55001;50007;7.252675E-10;0.9999998;ОС-1:;состояние1_k-20.sig;1 дополнительное:;состояние2_k-35.sig;0;0;1.226266;25;0.1394471;37;0.7835041;1.359624;150;1.086819
62;57003;55001;50007;7.252675E-10;0.9999998;ОС-1:;состояние1_k-20.sig;1 дополнительное:;состояние2_k-36.sig;0;1.661052E-05;1.226266;25;0.09895623;226;0.7818801;1.317508;74;1.127309
62;57003;55001;50007;7.252675E-10;0.9999998;ОС-1:;состояние1_k-20.sig;1 дополнительное:;состояние2_k-37.sig;0;-0.0002508917;1.226266;25;0.04470434;647;0.7806261;1.270869;350;1.181561
62;57003;55001;50007;7.252675E-10;0.9999998;ОС-1:;состояние1_k-20.sig;1 дополнительное:;состояние2_k-38.sig;0;-0.0001045968;1.226266;25;0.03710793;302;0.7810121;1.262972;250;1.189158
62;57003;55001;50007;7.252675E-10;0.9999998;ОС-1:;состояние1_k-20.sig;1 дополнительное:;состояние2_k-39.sig;0;0.0002714932;1.226266;25;0.1045063;340;0.7828916;1.330591;750;1.121759
62;57003;55001;50007;7.252675E-10;0.9999998;ОС-1:;состояние1_k-20.sig;1 дополнительное:;состояние2_k-40.sig;0;-8.195639E-10;1.226266;25;0.1726224;2;0.7862925;1.375558;1;1.053643
62;62001;60009;61005;1.63418E-09;1;ОС-1:;состояние1_k-1.sig;1 дополнительное:;состояние2_k-21.sig;-0.06904907;-0.004809768;0.2607033;0;1.609748;223;1.039067;1.904159;413;1.349045
62;62001;60009;61005;1.63418E-09;1;ОС-1:;состояние1_k-1.sig;1 дополнительное:;состояние2_k-22.sig;-0.06904907;0.007993223;0.2607033;0;2.057574;341;1.318347;2.354337;432;1.79687
62;62001;60009;61005;1.63418E-09;1;ОС-1:;состояние1_k-1.sig;1 дополнительное:;состояние2_k-23.sig;-0.06904907;0.02286745;0.2607033;0;2.339907;319;1.489865;2.636441;406;2.079203
62;62001;60009;61005;1.63418E-09;1;ОС-1:;состояние1_k-1.sig;1 дополнительное:;состояние2_k-24.sig;-0.06904907;0.01993332;0.2607033;0;2.421202;49;1.54732;2.718769;424;2.160499
62;62001;60009;61005;1.63418E-09;1;ОС-1:;состояние1_k-1.sig;1 дополнительное:;состояние2_k-25.sig;-0.06904907;0;0.2607033;0;2.303289;1;1.471624;2.598875;401;2.042586
62;62001;60009;61005;1.63418E-09;1;ОС-1:;состояние1_k-1.sig;1 дополнительное:;состояние2_k-26.sig;-0.06904907;-0.01795289;0.2607033;0;2.009596;341;1.281713;2.307231;418;1.748893
62;62001;60009;61005;1.63418E-09;1;ОС-1:;состояние1_k-1.sig;1 дополнительное:;состояние2_k-27.sig;-0.06904907;-0.01976725;0.2607033;0;1.576068;656;1.013088;1.871622;434;1.315365
62;62001;60009;61005;1.63418E-09;1;ОС-1:;состояние1_k-1.sig;1 дополнительное:;состояние2_k-28.sig;-0.06904907;-0.009798194;0.2607033;0;1.049657;127;0.6815636;1.346107;413;0.7889536
62;62001;60009;61005;1.63418E-09;1;ОС-1:;состояние1_k-1.sig;1 дополнительное:;состояние2_k-29.sig;-0.06904907;-0.001425311;0.2607033;0;0.4825603;255;0.3319474;0.778536;427;0.221857
62;62001;60009;61005;1.63418E-09;1;ОС-1:;состояние1_k-1.sig;1 дополнительное:;состояние2_k-30.sig;-0.06904907;0;0.2607033;0;0.09777852;62;0.1742812;0.3947026;429;0.1629247
62;62001;60009;61005;1.63418E-09;1;ОС-1:;состояние1_k-1.sig;1 дополнительное:;состояние2_k-31.sig;-0.06904907;0.0002569472;0.2607033;0;0.5860878;375;0.3943985;0.8820006;407;0.3253846
62;62001;60009;61005;1.63418E-09;1;ОС-1:;состояние1_k-1.sig;1 дополнительное:;состояние2_k-32.sig;-0.06904907;0.004777986;0.2607033;0;0.9921066;77;0.6431835;1.289573;421;0.7314033
62;62001;60009;61005;1.63418E-09;1;ОС-1:;состояние1_k-1.sig;1 дополнительное:;состояние2_k-33.sig;-0.06904907;0.01001699;0.2607033;0;1.274767;161;0.8180088;1.569499;434;1.014064
62;62001;60009;61005;1.63418E-09;1;ОС-1:;состояние1_k-1.sig;1 дополнительное:;состояние2_k-34.sig;-0.06904907;0.008618481;0.2607033;0;1.416625;240;0.9099362;1.710022;446;1.155922
62;62001;60009;61005;1.63418E-09;1;ОС-1:;состояние1_k-1.sig;1 дополнительное:;состояние2_k-35.sig;-0.06904907;0;0.2607033;0;1.414637;86;0.9087825;1.710609;429;1.153933
62;62001;60009;61005;1.63418E-09;1;ОС-1:;состояние1_k-1.sig;1 дополнительное:;состояние2_k-36.sig;-0.06904907;-0.008205353;0.2607033;0;1.27862;246;0.8224525;1.571809;413;1.017916
62;62001;60009;61005;1.63418E-09;1;ОС-1:;состояние1_k-1.sig;1 дополнительное:;состояние2_k-37.sig;-0.06904907;-0.009213146;0.2607033;0;1.029364;100;0.6687663;1.323779;424;0.7686605
62;62001;60009;61005;1.63418E-09;1;ОС-1:;состояние1_k-1.sig;1 дополнительное:;состояние2_k-38.sig;-0.06904907;-0.004458014;0.2607033;0;0.6972892;409;0.4622855;0.9942677;409;0.436586
62;62001;60009;61005;1.63418E-09;1;ОС-1:;состояние1_k-1.sig;1 дополнительное:;состояние2_k-39.sig;-0.06904907;-0.0003900099;0.2607033;0;0.3228598;317;0.2434627;0.6186236;420;0.06215656
62;62001;60009;61005;1.63418E-09;1;ОС-1:;состояние1_k-1.sig;1 дополнительное:;состояние2_k-40.sig;-0.06904907;-2.568588E-08;0.2607033;0;0.1340736;22;0.1801875;0.4317155;422;0.1266297
62;62001;60009;61005;1.63418E-09;1;ОС-1:;состояние1_k-2.sig;1 дополнительное:;состояние2_k-21.sig;-0.1364462;-0.004809768;0.7271184;410;1.609748;223;1.082351;2.330714;652;0.8826299
62;62001;60009;61005;1.63418E-09;1;ОС-1:;состояние1_k-2.sig;1 дополнительное:;состояние2_k-22.sig;-0.1364462;0.007993223;0.7271184;410;2.057574;341;1.352055;2.783767;159;1.330455
62;62001;60009;61005;1.63418E-09;1;ОС-1:;состояние1_k-2.sig;1 дополнительное:;состояние2_k-23.sig;-0.1364462;0.02286745;0.7271184;410;2.339907;319;1.518898;3.063382;667;1.612788
62;62001;60009;61005;1.63418E-09;1;ОС-1:;состояние1_k-2.sig;1 дополнительное:;состояние2_k-24.sig;-0.1364462;0.01993332;0.7271184;410;2.421202;49;1.574506;3.144172;403;1.694084
62;62001;60009;61005;1.63418E-09;1;ОС-1:;состояние1_k-2.sig;1 дополнительное:;состояние2_k-25.sig;-0.1364462;0;0.7271184;410;2.303289;1;1.499699;3.030317;161;1.576171
62;62001;60009;61005;1.63418E-09;1;ОС-1:;состояние1_k-2.sig;1 дополнительное:;состояние2_k-26.sig;-0.1364462;-0.01795289;0.7271184;410;2.009596;341;1.315071;2.72818;149;1.282477
62;62001;60009;61005;1.63418E-09;1;ОС-1:;состояние1_k-2.sig;1 дополнительное:;состояние2_k-27.sig;-0.1364462;-0.01976725;0.7271184;410;1.576068;656;1.056818;2.3024;656;0.8489497
62;62001;60009;61005;1.63418E-09;1;ОС-1:;состояние1_k-2.sig;1 дополнительное:;состояние2_k-28.sig;-0.1364462;-0.009798194;0.7271184;410;1.049657;127;0.7481023;1.775214;163;0.3225385
62;62001;60009;61005;1.63418E-09;1;ОС-1:;состояние1_k-2.sig;1 дополнительное:;состояние2_k-29.sig;-0.1364462;-0.001425311;0.7271184;410;0.4825603;255;0.5032272;1.209432;410;0.2445581
62;62001;60009;61005;1.63418E-09;1;ОС-1:;состояние1_k-2.sig;1 дополнительное:;состояние2_k-30.sig;-0.1364462;0;0.7271184;410;0.09777852;62;0.441747;0.8246002;162;0.6293399
62;62001;60009;61005;1.63418E-09;1;ОС-1:;состояние1_k-2.sig;1 дополнительное:;состояние2_k-31.sig;-0.1364462;0.0002569472;0.7271184;410;0.5860878;375;0.5343407;1.310389;665;0.1410306
62;62001;60009;61005;1.63418E-09;1;ОС-1:;состояние1_k-2.sig;1 дополнительное:;состояние2_k-32.sig;-0.1364462;0.004777986;0.7271184;410;0.9921066;77;0.7148075;1.717112;405;0.2649882
62;62001;60009;61005;1.63418E-09;1;ОС-1:;состояние1_k-2.sig;1 дополнительное:;состояние2_k-33.sig;-0.1364462;0.01001699;0.7271184;410;1.274767;161;0.8723453;2.001795;161;0.5476488
62;62001;60009;61005;1.63418E-09;1;ОС-1:;состояние1_k-2.sig;1 дополнительное:;состояние2_k-34.sig;-0.1364462;0.008618481;0.7271184;410;1.416625;240;0.9576425;2.138923;152;0.6895069
62;62001;60009;61005;1.63418E-09;1;ОС-1:;состояние1_k-2.sig;1 дополнительное:;состояние2_k-35.sig;-0.1364462;0;0.7271184;410;1.414637;86;0.957127;2.136573;657;0.6875182
62;62001;60009;61005;1.63418E-09;1;ОС-1:;состояние1_k-2.sig;1 дополнительное:;состояние2_k-36.sig;-0.1364462;-0.008205353;0.7271184;410;1.27862;246;0.8762918;2.000917;163;0.5515013
62;62001;60009;61005;1.63418E-09;1;ОС-1:;состояние1_k-2.sig;1 дополнительное:;состояние2_k-37.sig;-0.1364462;-0.009213146;0.7271184;410;1.029364;100;0.7373716;1.755529;411;0.3022454
62;62001;60009;61005;1.63418E-09;1;ОС-1:;состояние1_k-2.sig;1 дополнительное:;состояние2_k-38.sig;-0.1364462;-0.004458014;0.7271184;410;0.6972892;409;0.5707747;1.415325;172;0.02982914
62;62001;60009;61005;1.63418E-09;1;ОС-1:;состояние1_k-2.sig;1 дополнительное:;состояние2_k-39.sig;-0.1364462;-0.0003900099;0.7271184;410;0.3228598;317;0.4694773;1.049155;163;0.4042585
62;62001;60009;61005;1.63418E-09;1;ОС-1:;состояние1_k-2.sig;1 дополнительное:;состояние2_k-40.sig;-0.1364462;-2.568588E-08;0.7271184;410;0.1340736;22;0.4470152;0.8621616;410;0.5930448
62;62001;60009;61005;1.63418E-09;1;ОС-1:;состояние1_k-3.sig;1 дополнительное:;состояние2_k-21.sig;-0.1679339;-0.004809768;1.331409;567;1.609748;223;1.218751;2.899788;80;0.2783393
62;62001;60009;61005;1.63418E-09;1;ОС-1:;состояние1_k-3.sig;1 дополнительное:;состояние2_k-22.sig;-0.1679339;0.007993223;1.331409;567;2.057574;341;1.46226;3.386802;68;0.7261646
62;62001;60009;61005;1.63418E-09;1;ОС-1:;состояние1_k-3.sig;1 дополнительное:;состояние2_k-23.sig;-0.1679339;0.02286745;1.331409;567;2.339907;319;1.619609;3.663115;406;1.008498
62;62001;60009;61005;1.63418E-09;1;ОС-1:;состояние1_k-3.sig;1 дополнительное:;состояние2_k-24.sig;-0.1679339;0.01993332;1.331409;567;2.421202;49;1.67072;3.750205;570;1.089793
62;62001;60009;61005;1.63418E-09;1;ОС-1:;состояние1_k-3.sig;1 дополнительное:;состояние2_k-25.sig;-0.1679339;0;1.331409;567;2.303289;1;1.59358;3.634521;401;0.97188
62;62001;60009;61005;1.63418E-09;1;ОС-1:;состояние1_k-3.sig;1 дополнительное:;состояние2_k-26.sig;-0.1679339;-0.01795289;1.331409;567;2.009596;341;1.417929;3.33357;72;0.6781869
62;62001;60009;61005;1.63418E-09;1;ОС-1:;состояние1_k-3.sig;1 дополнительное:;состояние2_k-27.sig;-0.1679339;-0.01976725;1.331409;567;1.576068;656;1.190663;2.904503;230;0.2446591
62;62001;60009;61005;1.63418E-09;1;ОС-1:;состояние1_k-3.sig;1 дополнительное:;состояние2_k-28.sig;-0.1679339;-0.009798194;1.331409;567;1.049657;127;0.9935203;2.380482;734;0.2817521
62;62001;60009;61005;1.63418E-09;1;ОС-1:;состояние1_k-3.sig;1 дополнительное:;состояние2_k-29.sig;-0.1679339;-0.001425311;1.331409;567;0.4825603;255;0.8961149;1.808616;238;0.8488487
62;62001;60009;61005;1.63418E-09;1;ОС-1:;состояние1_k-3.sig;1 дополнительное:;состояние2_k-30.sig;-0.1679339;0;1.331409;567;0.09777852;62;0.8751476;1.42432;396;1.23363
62;62001;60009;61005;1.63418E-09;1;ОС-1:;состояние1_k-3.sig;1 дополнительное:;состояние2_k-31.sig;-0.1679339;0.0002569472;1.331409;567;0.5860878;375;0.9101526;1.914449;230;0.7453212
62;62001;60009;61005;1.63418E-09;1;ОС-1:;состояние1_k-3.sig;1 дополнительное:;состояние2_k-32.sig;-0.1679339;0.004777986;1.331409;567;0.9921066;77;0.9870946;2.321171;733;0.3393024
62;62001;60009;61005;1.63418E-09;1;ОС-1:;состояние1_k-3.sig;1 дополнительное:;состояние2_k-33.sig;-0.1679339;0.01001699;1.331409;567;1.274767;161;1.070137;2.603411;70;0.05664182
62;62001;60009;61005;1.63418E-09;1;ОС-1:;состояние1_k-3.sig;1 дополнительное:;состояние2_k-34.sig;-0.1679339;0.008618481;1.331409;567;1.416625;240;1.128026;2.739822;64;0.08521628
62;62001;60009;61005;1.63418E-09;1;ОС-1:;состояние1_k-3.sig;1 дополнительное:;состояние2_k-35.sig;-0.1679339;0;1.331409;567;1.414637;86;1.122257;2.744274;400;0.08322763
62;62001;60009;61005;1.63418E-09;1;ОС-1:;состояние1_k-3.sig;1 дополнительное:;состояние2_k-36.sig;-0.1679339;-0.008205353;1.331409;567;1.27862;246;1.062234;2.609336;232;0.05278933
62;62001;60009;61005;1.63418E-09;1;ОС-1:;состояние1_k-3.sig;1 дополнительное:;состояние2_k-37.sig;-0.1679339;-0.009213146;1.331409;567;1.029364;100;0.9874113;2.355834;397;0.3020452
62;62001;60009;61005;1.63418E-09;1;ОС-1:;состояние1_k-3.sig;1 дополнительное:;состояние2_k-38.sig;-0.1679339;-0.004458014;1.331409;567;0.6972892;409;0.9220693;2.028438;67;0.6341197
62;62001;60009;61005;1.63418E-09;1;ОС-1:;состояние1_k-3.sig;1 дополнительное:;состояние2_k-39.sig;-0.1679339;-0.0003900099;1.331409;567;0.3228598;317;0.8836731;1.645395;394;1.008549
62;62001;60009;61005;1.63418E-09;1;ОС-1:;состояние1_k-3.sig;1 дополнительное:;состояние2_k-40.sig;-0.1679339;-2.568588E-08;1.331409;567;0.1340736;22;0.8776507;1.465891;235;1.197335
62;62001;60009;61005;1.63418E-09;1;ОС-1:;состояние1_k-4.sig;1 дополнительное:;состояние2_k-21.sig;-0.1202101;-0.004809768;2.088594;142;1.609748;223;1.553562;3.692849;390;0.4788457
62;62001;60009;61005;1.63418E-09;1;ОС-1:;состояние1_k-4.sig;1 дополнительное:;состояние2_k-22.sig;-0.1202101;0.007993223;2.088594;142;2.057574;341;1.704312;4.125547;23;0.0310204
62;62001;60009;61005;1.63418E-09;1;ОС-1:;состояние1_k-4.sig;1 дополнительное:;состояние2_k-23.sig;-0.1202101;0.02286745;2.088594;142;2.339907;319;1.838951;4.424057;645;0.2513127
62;62001;60009;61005;1.63418E-09;1;ОС-1:;состояние1_k-4.sig;1 дополнительное:;состояние2_k-24.sig;-0.1202101;0.01993332;2.088594;142;2.421202;49;1.875675;4.442384;8;0.3326082
62;62001;60009;61005;1.63418E-09;1;ОС-1:;состояние1_k-4.sig;1 дополнительное:;состояние2_k-25.sig;-0.1202101;0;2.088594;142;2.303289;1;1.801347;4.390641;141;0.214695
62;62001;60009;61005;1.63418E-09;1;ОС-1:;состояние1_k-4.sig;1 дополнительное:;состояние2_k-26.sig;-0.1202101;-0.01795289;2.088594;142;2.009596;341;1.661721;4.090209;264;0.07899809
62;62001;60009;61005;1.63418E-09;1;ОС-1:;состояние1_k-4.sig;1 дополнительное:;состояние2_k-27.sig;-0.1202101;-0.01976725;2.088594;142;1.576068;656;1.529352;3.664291;767;0.5125259
62;62001;60009;61005;1.63418E-09;1;ОС-1:;состояние1_k-4.sig;1 дополнительное:;состояние2_k-28.sig;-0.1202101;-0.009798194;2.088594;142;1.049657;127;1.433471;3.133921;20;1.038937
62;62001;60009;61005;1.63418E-09;1;ОС-1:;состояние1_k-4.sig;1 дополнительное:;состояние2_k-29.sig;-0.1202101;-0.001425311;2.088594;142;0.4825603;255;1.391938;2.562343;14;1.606034
62;62001;60009;61005;1.63418E-09;1;ОС-1:;состояние1_k-4.sig;1 дополнительное:;состояние2_k-30.sig;-0.1202101;0;2.088594;142;0.09777852;62;1.365946;2.182061;144;1.990815
62;62001;60009;61005;1.63418E-09;1;ОС-1:;состояние1_k-4.sig;1 дополнительное:;состояние2_k-31.sig;-0.1202101;0.0002569472;2.088594;142;0.5860878;375;1.388335;2.673231;391;1.502506
62;62001;60009;61005;1.63418E-09;1;ОС-1:;состояние1_k-4.sig;1 дополнительное:;состояние2_k-32.sig;-0.1202101;0.004777986;2.088594;142;0.9921066;77;1.44228;3.074003;15;1.096487
62;62001;60009;61005;1.63418E-09;1;ОС-1:;состояние1_k-4.sig;1 дополнительное:;состояние2_k-33.sig;-0.1202101;0.01001699;2.088594;142;1.274767;161;1.495273;3.363199;767;0.8138268
62;62001;60009;61005;1.63418E-09;1;ОС-1:;состояние1_k-4.sig;1 дополнительное:;состояние2_k-34.sig;-0.1202101;0.008618481;2.088594;142;1.416625;240;1.522806;3.497611;269;0.6719687
62;62001;60009;61005;1.63418E-09;1;ОС-1:;состояние1_k-4.sig;1 дополнительное:;состояние2_k-35.sig;-0.1202101;0;2.088594;142;1.414637;86;1.514235;3.502961;643;0.6739573
62;62001;60009;61005;1.63418E-09;1;ОС-1:;состояние1_k-4.sig;1 дополнительное:;состояние2_k-36.sig;-0.1202101;-0.008205353;2.088594;142;1.27862;246;1.477041;3.337034;24;0.8099743
62;62001;60009;61005;1.63418E-09;1;ОС-1:;состояние1_k-4.sig;1 дополнительное:;состояние2_k-37.sig;-0.1202101;-0.009213146;2.088594;142;1.029364;100;1.434977;3.116358;19;1.05923
62;62001;60009;61005;1.63418E-09;1;ОС-1:;состояние1_k-4.sig;1 дополнительное:;состояние2_k-38.sig;-0.1202101;-0.004458014;2.088594;142;0.6972892;409;1.395674;2.777108;396;1.391305
62;62001;60009;61005;1.63418E-09;1;ОС-1:;состояние1_k-4.sig;1 дополнительное:;состояние2_k-39.sig;-0.1202101;-0.0003900099;2.088594;142;0.3228598;317;1.371754;2.4094;266;1.765734
62;62001;60009;61005;1.63418E-09;1;ОС-1:;состояние1_k-4.sig;1 дополнительное:;состояние2_k-40.sig;-0.1202101;-2.568588E-08;2.088594;142;0.1340736;22;1.367207;2.209102;22;1.95452
62;62001;60009;61005;1.63418E-09;1;ОС-1:;состояние1_k-5.sig;1 дополнительное:;состояние2_k-21.sig;0;-0.004809768;2.947041;87;1.609748;223;2.021068;4.553674;485;1.337292
62;62001;60009;61005;1.63418E-09;1;ОС-1:;состояние1_k-5.sig;1 дополнительное:;состояние2_k-22.sig;0;0.007993223;2.947041;87;2.057574;341;2.12904;4.999906;386;0.889467
62;62001;60009;61005;1.63418E-09;1;ОС-1:;состояние1_k-5.sig;1 дополнительное:;состояние2_k-23.sig;0;0.02286745;2.947041;87;2.339907;319;2.210618;5.275804;188;0.6071339
62;62001;60009;61005;1.63418E-09;1;ОС-1:;состояние1_k-5.sig;1 дополнительное:;состояние2_k-24.sig;0;0.01993332;2.947041;87;2.421202;49;2.228254;5.363775;487;0.5258384
62;62001;60009;61005;1.63418E-09;1;ОС-1:;состояние1_k-5.sig;1 дополнительное:;состояние2_k-25.sig;0;0;2.947041;87;2.303289;1;2.179135;4.968756;0;0.6437516
62;62001;60009;61005;1.63418E-09;1;ОС-1:;состояние1_k-5.sig;1 дополнительное:;состояние2_k-26.sig;0;-0.01795289;2.947041;87;2.009596;341;2.085574;4.955714;187;0.9374447
62;62001;60009;61005;1.63418E-09;1;ОС-1:;состояние1_k-5.sig;1 дополнительное:;состояние2_k-27.sig;0;-0.01976725;2.947041;87;1.576068;656;1.995402;4.511634;489;1.370973
62;62001;60009;61005;1.63418E-09;1;ОС-1:;состояние1_k-5.sig;1 дополнительное:;состояние2_k-28.sig;0;-0.009798194;2.947041;87;1.049657;127;1.926452;3.992865;288;1.897384
62;62001;60009;61005;1.63418E-09;1;ОС-1:;состояние1_k-5.sig;1 дополнительное:;состояние2_k-29.sig;0;-0.001425311;2.947041;87;0.4825603;255;1.887652;3.429568;186;2.46448
62;62001;60009;61005;1.63418E-09;1;ОС-1:;состояние1_k-5.sig;1 дополнительное:;состояние2_k-30.sig;0;0;2.947041;87;0.09777852;62;1.876446;2.996448;82;2.849262
62;62001;60009;61005;1.63418E-09;1;ОС-1:;состояние1_k-5.sig;1 дополнительное:;состояние2_k-31.sig;0;0.0002569472;2.947041;87;0.5860878;375;1.892451;3.530154;488;2.360953
62;62001;60009;61005;1.63418E-09;1;ОС-1:;состояние1_k-5.sig;1 дополнительное:;состояние2_k-32.sig;0;0.004777986;2.947041;87;0.9921066;77;1.928538;3.93472;686;1.954934
62;62001;60009;61005;1.63418E-09;1;ОС-1:;состояние1_k-5.sig;1 дополнительное:;состояние2_k-33.sig;0;0.01001699;2.947041;87;1.274767;161;1.96898;4.217001;85;1.672273
62;62001;60009;61005;1.63418E-09;1;ОС-1:;состояние1_k-5.sig;1 дополнительное:;состояние2_k-34.sig;0;0.008618481;2.947041;87;1.416625;240;1.989829;4.36346;387;1.530415
62;62001;60009;61005;1.63418E-09;1;ОС-1:;состояние1_k-5.sig;1 дополнительное:;состояние2_k-35.sig;0;0;2.947041;87;1.414637;86;2.004421;4.099388;0;1.532404
62;62001;60009;61005;1.63418E-09;1;ОС-1:;состояние1_k-5.sig;1 дополнительное:;состояние2_k-36.sig;0;-0.008205353;2.947041;87;1.27862;246;1.952424;4.222116;385;1.668421
62;62001;60009;61005;1.63418E-09;1;ОС-1:;состояние1_k-5.sig;1 дополнительное:;состояние2_k-37.sig;0;-0.009213146;2.947041;87;1.029364;100;1.919931;3.969465;86;1.917677
62;62001;60009;61005;1.63418E-09;1;ОС-1:;состояние1_k-5.sig;1 дополнительное:;состояние2_k-38.sig;0;-0.004458014;2.947041;87;0.6972892;409;1.894676;3.63952;685;2.249751
62;62001;60009;61005;1.63418E-09;1;ОС-1:;состояние1_k-5.sig;1 дополнительное:;состояние2_k-39.sig;0;-0.0003900099;2.947041;87;0.3228598;317;1.882058;3.261025;188;2.624181
62;62001;60009;61005;1.63418E-09;1;ОС-1:;состояние1_k-5.sig;1 дополнительное:;состояние2_k-40.sig;0;-2.568588E-08;2.947041;87;0.1340736;22;1.878006;3.079134;85;2.812967
62;62001;60009;61005;1.63418E-09;1;ОС-1:;состояние1_k-6.sig;1 дополнительное:;состояние2_k-21.sig;0.1179065;-0.004809768;3.842077;382;1.609748;223;2.512846;5.412873;795;2.232328
62;62001;60009;61005;1.63418E-09;1;ОС-1:;состояние1_k-6.sig;1 дополнительное:;состояние2_k-22.sig;0.1179065;0.007993223;3.842077;382;2.057574;341;2.598821;5.878638;46;1.784503
62;62001;60009;61005;1.63418E-09;1;ОС-1:;состояние1_k-6.sig;1 дополнительное:;состояние2_k-23.sig;0.1179065;0.02286745;3.842077;382;2.339907;319;2.674886;6.173667;797;1.50217
62;62001;60009;61005;1.63418E-09;1;ОС-1:;состояние1_k-6.sig;1 дополнительное:;состояние2_k-24.sig;0.1179065;0.01993332;3.842077;382;2.421202;49;2.711673;6.262746;299;1.420874
62;62001;60009;61005;1.63418E-09;1;ОС-1:;состояние1_k-6.sig;1 дополнительное:;состояние2_k-25.sig;0.1179065;0;3.842077;382;2.303289;1;2.67295;6.143319;381;1.538788
62;62001;60009;61005;1.63418E-09;1;ОС-1:;состояние1_k-6.sig;1 дополнительное:;состояние2_k-26.sig;0.1179065;-0.01795289;3.842077;382;2.009596;341;2.600801;5.810324;52;1.832481
62;62001;60009;61005;1.63418E-09;1;ОС-1:;состояние1_k-6.sig;1 дополнительное:;состояние2_k-27.sig;0.1179065;-0.01976725;3.842077;382;1.576068;656;2.535214;5.38601;712;2.266008
62;62001;60009;61005;1.63418E-09;1;ОС-1:;состояние1_k-6.sig;1 дополнительное:;состояние2_k-28.sig;0.1179065;-0.009798194;3.842077;382;1.049657;127;2.482707;4.888357;216;2.79242
62;62001;60009;61005;1.63418E-09;1;ОС-1:;состояние1_k-6.sig;1 дополнительное:;состояние2_k-29.sig;0.1179065;-0.001425311;3.842077;382;0.4825603;255;2.442575;4.323789;548;3.359516
62;62001;60009;61005;1.63418E-09;1;ОС-1:;состояние1_k-6.sig;1 дополнительное:;состояние2_k-30.sig;0.1179065;0;3.842077;382;0.09777852;62;2.440856;3.928701;214;3.744298
62;62001;60009;61005;1.63418E-09;1;ОС-1:;состояние1_k-6.sig;1 дополнительное:;состояние2_k-31.sig;0.1179065;0.0002569472;3.842077;382;0.5860878;375;2.440503;4.424692;633;3.255989
62;62001;60009;61005;1.63418E-09;1;ОС-1:;состояние1_k-6.sig;1 дополнительное:;состояние2_k-32.sig;0.1179065;0.004777986;3.842077;382;0.9921066;77;2.473657;4.816409;296;2.84997
62;62001;60009;61005;1.63418E-09;1;ОС-1:;состояние1_k-6.sig;1 дополнительное:;состояние2_k-33.sig;0.1179065;0.01001699;3.842077;382;1.274767;161;2.514504;5.112846;464;2.567309
62;62001;60009;61005;1.63418E-09;1;ОС-1:;состояние1_k-6.sig;1 дополнительное:;состояние2_k-34.sig;0.1179065;0.008618481;3.842077;382;1.416625;240;2.530713;5.257444;49;2.425451
62;62001;60009;61005;1.63418E-09;1;ОС-1:;состояние1_k-6.sig;1 дополнительное:;состояние2_k-35.sig;0.1179065;0;3.842077;382;1.414637;86;2.520203;5.248845;215;2.42744
62;62001;60009;61005;1.63418E-09;1;ОС-1:;состояние1_k-6.sig;1 дополнительное:;состояние2_k-36.sig;0.1179065;-0.008205353;3.842077;382;1.27862;246;2.495409;5.098244;468;2.563457
62;62001;60009;61005;1.63418E-09;1;ОС-1:;состояние1_k-6.sig;1 дополнительное:;состояние2_k-37.sig;0.1179065;-0.009213146;3.842077;382;1.029364;100;2.461231;4.858009;384;2.812713
62;62001;60009;61005;1.63418E-09;1;ОС-1:;состояние1_k-6.sig;1 дополнительное:;состояние2_k-38.sig;0.1179065;-0.004458014;3.842077;382;0.6972892;409;2.434583;4.508508;212;3.144787
62;62001;60009;61005;1.63418E-09;1;ОС-1:;состояние1_k-6.sig;1 дополнительное:;состояние2_k-39.sig;0.1179065;-0.0003900099;3.842077;382;0.3228598;317;2.430069;4.16363;48;3.519217
62;62001;60009;61005;1.63418E-09;1;ОС-1:;состояние1_k-6.sig;1 дополнительное:;состояние2_k-40.sig;0.1179065;-2.568588E-08;3.842077;382;0.1340736;22;2.432511;3.975203;298;3.708003
62;62001;60009;61005;1.63418E-09;1;ОС-1:;состояние1_k-7.sig;1 дополнительное:;состояние2_k-21.sig;0.1505034;-0.004809768;4.702558;21;1.609748;223;3.182009;5.796048;226;3.092809
62;62001;60009;61005;1.63418E-09;1;ОС-1:;состояние1_k-7.sig;1 дополнительное:;состояние2_k-22.sig;0.1505034;0.007993223;4.702558;21;2.057574;341;3.111107;6.750245;591;2.644984
62;62001;60009;61005;1.63418E-09;1;ОС-1:;состояние1_k-7.sig;1 дополнительное:;состояние2_k-23.sig;0.1505034;0.02286745;4.702558;21;2.339907;319;3.128407;7.005187;166;2.362651
62;62001;60009;61005;1.63418E-09;1;ОС-1:;состояние1_k-7.sig;1 дополнительное:;состояние2_k-24.sig;0.1505034;0.01993332;4.702558;21;2.421202;49;3.147106;7.112453;736;2.281355
62;62001;60009;61005;1.63418E-09;1;ОС-1:;состояние1_k-7.sig;1 дополнительное:;состояние2_k-25.sig;0.1505034;0;4.702558;21;2.303289;1;3.165546;7.005847;21;2.399269
62;62001;60009;61005;1.63418E-09;1;ОС-1:;состояние1_k-7.sig;1 дополнительное:;состояние2_k-26.sig;0.1505034;-0.01795289;4.702558;21;2.009596;341;3.153167;6.702602;379;2.692962
62;62001;60009;61005;1.63418E-09;1;ОС-1:;состояние1_k-7.sig;1 дополнительное:;состояние2_k-27.sig;0.1505034;-0.01976725;4.702558;21;1.576068;656;3.085608;6.250622;452;3.12649
62;62001;60009;61005;1.63418E-09;1;ОС-1:;состояние1_k-7.sig;1 дополнительное:;состояние2_k-28.sig;0.1505034;-0.009798194;4.702558;21;1.049657;127;3.06069;5.747564;663;3.652901
62;62001;60009;61005;1.63418E-09;1;ОС-1:;состояние1_k-7.sig;1 дополнительное:;состояние2_k-29.sig;0.1505034;-0.001425311;4.702558;21;0.4825603;255;3.005903;5.184273;307;4.219997
62;62001;60009;61005;1.63418E-09;1;ОС-1:;состояние1_k-7.sig;1 дополнительное:;состояние2_k-30.sig;0.1505034;0;4.702558;21;0.09777852;62;3.008182;4.794722;663;4.604779
62;62001;60009;61005;1.63418E-09;1;ОС-1:;состояние1_k-7.sig;1 дополнительное:;состояние2_k-31.sig;0.1505034;0.0002569472;4.702558;21;0.5860878;375;3.01945;5.281976;165;4.11647
62;62001;60009;61005;1.63418E-09;1;ОС-1:;состояние1_k-7.sig;1 дополнительное:;состояние2_k-32.sig;0.1505034;0.004777986;4.702558;21;0.9921066;77;3.02658;5.692188;593;3.710451
62;62001;60009;61005;1.63418E-09;1;ОС-1:;состояние1_k-7.sig;1 дополнительное:;состояние2_k-33.sig;0.1505034;0.01001699;4.702558;21;1.274767;161;3.034226;5.975319;449;3.42779
62;62001;60009;61005;1.63418E-09;1;ОС-1:;состояние1_k-7.sig;1 дополнительное:;состояние2_k-34.sig;0.1505034;0.008618481;4.702558;21;1.416625;240;3.047887;6.117921;93;3.285932
62;62001;60009;61005;1.63418E-09;1;ОС-1:;состояние1_k-7.sig;1 дополнительное:;состояние2_k-35.sig;0.1505034;0;4.702558;21;1.414637;86;3.109341;5.947117;301;3.287921
62;62001;60009;61005;1.63418E-09;1;ОС-1:;состояние1_k-7.sig;1 дополнительное:;состояние2_k-36.sig;0.1505034;-0.008205353;4.702558;21;1.27862;246;3.066783;5.978701;593;3.423938
62;62001;60009;61005;1.63418E-09;1;ОС-1:;состояние1_k-7.sig;1 дополнительное:;состояние2_k-37.sig;0.1505034;-0.009213146;4.702558;21;1.029364;100;3.05707;5.730825;235;3.673194
62;62001;60009;61005;1.63418E-09;1;ОС-1:;состояние1_k-7.sig;1 дополнительное:;состояние2_k-38.sig;0.1505034;-0.004458014;4.702558;21;0.6972892;409;3.029453;5.397803;93;4.005268
62;62001;60009;61005;1.63418E-09;1;ОС-1:;состояние1_k-7.sig;1 дополнительное:;состояние2_k-39.sig;0.1505034;-0.0003900099;4.702558;21;0.3228598;317;3.009318;5.021156;22;4.379698
62;62001;60009;61005;1.63418E-09;1;ОС-1:;состояние1_k-7.sig;1 дополнительное:;состояние2_k-40.sig;0.1505034;-2.568588E-08;4.702558;21;0.1340736;22;3.00841;4.837108;735;4.568484
62;62001;60009;61005;1.63418E-09;1;ОС-1:;состояние1_k-8.sig;1 дополнительное:;состояние2_k-21.sig;0.08836247;-0.004809768;5.459721;0;1.609748;223;3.590279;7.039486;627;3.849973
62;62001;60009;61005;1.63418E-09;1;ОС-1:;состояние1_k-8.sig;1 дополнительное:;состояние2_k-22.sig;0.08836247;0.007993223;5.459721;0;2.057574;341;3.617236;7.517007;0;3.402148
62;62001;60009;61005;1.63418E-09;1;ОС-1:;состояние1_k-8.sig;1 дополнительное:;состояние2_k-23.sig;0.08836247;0.02286745;5.459721;0;2.339907;319;3.583946;7.791;188;3.119814
62;62001;60009;61005;1.63418E-09;1;ОС-1:;состояние1_k-8.sig;1 дополнительное:;состояние2_k-24.sig;0.08836247;0.01993332;5.459721;0;2.421202;49;3.824007;6.881299;52;3.038519
62;62001;60009;61005;1.63418E-09;1;ОС-1:;состояние1_k-8.sig;1 дополнительное:;состояние2_k-25.sig;0.08836247;0;5.459721;0;2.303289;1;3.54303;7.758819;501;3.156432
62;62001;60009;61005;1.63418E-09;1;ОС-1:;состояние1_k-8.sig;1 дополнительное:;состояние2_k-26.sig;0.08836247;-0.01795289;5.459721;0;2.009596;341;3.524717;7.465317;187;3.450125
62;62001;60009;61005;1.63418E-09;1;ОС-1:;состояние1_k-8.sig;1 дополнительное:;состояние2_k-27.sig;0.08836247;-0.01976725;5.459721;0;1.576068;656;3.491867;7.03132;63;3.883653
62;62001;60009;61005;1.63418E-09;1;ОС-1:;состояние1_k-8.sig;1 дополнительное:;состояние2_k-28.sig;0.08836247;-0.009798194;5.459721;0;1.049657;127;3.4682;6.487659;1;4.410064
62;62001;60009;61005;1.63418E-09;1;ОС-1:;состояние1_k-8.sig;1 дополнительное:;состояние2_k-29.sig;0.08836247;-0.001425311;5.459721;0;0.4825603;255;3.452584;5.938441;375;4.977161
62;62001;60009;61005;1.63418E-09;1;ОС-1:;состояние1_k-8.sig;1 дополнительное:;состояние2_k-30.sig;0.08836247;0;5.459721;0;0.09777852;62;3.452147;5.555219;63;5.361943
62;62001;60009;61005;1.63418E-09;1;ОС-1:;состояние1_k-8.sig;1 дополнительное:;состояние2_k-31.sig;0.08836247;0.0002569472;5.459721;0;0.5860878;375;3.465124;6.031296;439;4.873633
62;62001;60009;61005;1.63418E-09;1;ОС-1:;состояние1_k-8.sig;1 дополнительное:;состояние2_k-32.sig;0.08836247;0.004777986;5.459721;0;0.9921066;77;3.506136;6.442441;124;4.467615
62;62001;60009;61005;1.63418E-09;1;ОС-1:;состояние1_k-8.sig;1 дополнительное:;состояние2_k-33.sig;0.08836247;0.01001699;5.459721;0;1.274767;161;3.500503;6.728173;313;4.184954
62;62001;60009;61005;1.63418E-09;1;ОС-1:;состояние1_k-8.sig;1 дополнительное:;состояние2_k-34.sig;0.08836247;0.008618481;5.459721;0;1.416625;240;3.512495;6.866079;63;4.043096
62;62001;60009;61005;1.63418E-09;1;ОС-1:;состояние1_k-8.sig;1 дополнительное:;состояние2_k-35.sig;0.08836247;0;5.459721;0;1.414637;86;3.502613;6.872577;500;4.045084
62;62001;60009;61005;1.63418E-09;1;ОС-1:;состояние1_k-8.sig;1 дополнительное:;состояние2_k-36.sig;0.08836247;-0.008205353;5.459721;0;1.27862;246;3.480942;6.69634;190;4.181101
62;62001;60009;61005;1.63418E-09;1;ОС-1:;состояние1_k-8.sig;1 дополнительное:;состояние2_k-37.sig;0.08836247;-0.009213146;5.459721;0;1.029364;100;3.469182;6.476297;249;4.430357
62;62001;60009;61005;1.63418E-09;1;ОС-1:;состояние1_k-8.sig;1 дополнительное:;состояние2_k-38.sig;0.08836247;-0.004458014;5.459721;0;0.6972892;409;3.45382;6.15264;1;4.762432
62;62001;60009;61005;1.63418E-09;1;ОС-1:;состояние1_k-8.sig;1 дополнительное:;состояние2_k-39.sig;0.08836247;-0.0003900099;5.459721;0;0.3228598;317;3.450779;5.781618;125;5.136861
62;62001;60009;61005;1.63418E-09;1;ОС-1:;состояние1_k-8.sig;1 дополнительное:;состояние2_k-40.sig;0.08836247;-2.568588E-08;5.459721;0;0.1340736;22;3.439045;5.382405;65;5.325647
62;62001;60009;61005;1.63418E-09;1;ОС-1:;состояние1_k-9.sig;1 дополнительное:;состояние2_k-21.sig;0.008821053;-0.004809768;6.052897;206;1.609748;223;3.875581;7.39434;202;4.443149
62;62001;60009;61005;1.63418E-09;1;ОС-1:;состояние1_k-9.sig;1 дополнительное:;состояние2_k-22.sig;0.008821053;0.007993223;6.052897;206;2.057574;341;3.94396;8.101806;318;3.995324
62;62001;60009;61005;1.63418E-09;1;ОС-1:;состояние1_k-9.sig;1 дополнительное:;состояние2_k-23.sig;0.008821053;0.02286745;6.052897;206;2.339907;319;3.965234;8.390101;428;3.712991
62;62001;60009;61005;1.63418E-09;1;ОС-1:;состояние1_k-9.sig;1 дополнительное:;состояние2_k-24.sig;0.008821053;0.01993332;6.052897;206;2.421202;49;3.967801;8.41824;319;3.631695
62;62001;60009;61005;1.63418E-09;1;ОС-1:;состояние1_k-9.sig;1 дополнительное:;состояние2_k-25.sig;0.008821053;0;6.052897;206;2.303289;1;3.930353;8.331432;40;3.749609
62;62001;60009;61005;1.63418E-09;1;ОС-1:;состояние1_k-9.sig;1 дополнительное:;состояние2_k-26.sig;0.008821053;-0.01795289;6.052897;206;2.009596;341;3.882147;8.057807;206;4.043302
62;62001;60009;61005;1.63418E-09;1;ОС-1:;состояние1_k-9.sig;1 дополнительное:;состояние2_k-27.sig;0.008821053;-0.01976725;6.052897;206;1.576068;656;4.064606;6.513931;197;4.47683
62;62001;60009;61005;1.63418E-09;1;ОС-1:;состояние1_k-9.sig;1 дополнительное:;состояние2_k-28.sig;0.008821053;-0.009798194;6.052897;206;1.049657;127;3.792188;7.101757;484;5.003241
62;62001;60009;61005;1.63418E-09;1;ОС-1:;состояние1_k-9.sig;1 дополнительное:;состояние2_k-29.sig;0.008821053;-0.001425311;6.052897;206;0.4825603;255;3.783494;6.530516;151;5.570337
62;62001;60009;61005;1.63418E-09;1;ОС-1:;состояние1_k-9.sig;1 дополнительное:;состояние2_k-30.sig;0.008821053;0;6.052897;206;0.09777852;62;3.801058;6.150523;595;5.955119
62;62001;60009;61005;1.63418E-09;1;ОС-1:;состояние1_k-9.sig;1 дополнительное:;состояние2_k-31.sig;0.008821053;0.0002569472;6.052897;206;0.5860878;375;3.822662;6.629597;150;5.46681
62;62001;60009;61005;1.63418E-09;1;ОС-1:;состояние1_k-9.sig;1 дополнительное:;состояние2_k-32.sig;0.008821053;0.004777986;6.052897;206;0.9921066;77;3.833554;7.036633;484;5.060791
62;62001;60009;61005;1.63418E-09;1;ОС-1:;состояние1_k-9.sig;1 дополнительное:;состояние2_k-33.sig;0.008821053;0.01001699;6.052897;206;1.274767;161;3.849578;7.32637;373;4.778131
62;62001;60009;61005;1.63418E-09;1;ОС-1:;состояние1_k-9.sig;1 дополнительное:;состояние2_k-34.sig;0.008821053;0.008618481;6.052897;206;1.416625;240;3.840312;7.446968;151;4.636272
62;62001;60009;61005;1.63418E-09;1;ОС-1:;состояние1_k-9.sig;1 дополнительное:;состояние2_k-35.sig;0.008821053;0;6.052897;206;1.414637;86;3.845254;7.458815;372;4.638261
62;62001;60009;61005;1.63418E-09;1;ОС-1:;состояние1_k-9.sig;1 дополнительное:;состояние2_k-36.sig;0.008821053;-0.008205353;6.052897;206;1.27862;246;3.872839;7.308885;538;4.774278
62;62001;60009;61005;1.63418E-09;1;ОС-1:;состояние1_k-9.sig;1 дополнительное:;состояние2_k-37.sig;0.008821053;-0.009213146;6.052897;206;1.029364;100;3.833996;7.079913;262;5.023534
62;62001;60009;61005;1.63418E-09;1;ОС-1:;состояние1_k-9.sig;1 дополнительное:;состояние2_k-38.sig;0.008821053;-0.004458014;6.052897;206;0.6972892;409;3.813474;6.749703;317;5.355608
62;62001;60009;61005;1.63418E-09;1;ОС-1:;состояние1_k-9.sig;1 дополнительное:;состояние2_k-39.sig;0.008821053;-0.0003900099;6.052897;206;0.3228598;317;3.798395;6.294974;97;5.730038
62;62001;60009;61005;1.63418E-09;1;ОС-1:;состояние1_k-9.sig;1 дополнительное:;состояние2_k-40.sig;0.008821053;-2.568588E-08;6.052897;206;0.1340736;22;3.799591;6.186012;373;5.918824
62;62001;60009;61005;1.63418E-09;1;ОС-1:;состояние1_k-10.sig;1 дополнительное:;состояние2_k-21.sig;0;-0.004809768;6.430204;71;1.609748;223;4.16901;8.037766;771;4.820456
62;62001;60009;61005;1.63418E-09;1;ОС-1:;состояние1_k-10.sig;1 дополнительное:;состояние2_k-22.sig;0;0.007993223;6.430204;71;2.057574;341;4.214494;8.451063;22;4.372631
62;62001;60009;61005;1.63418E-09;1;ОС-1:;состояние1_k-10.sig;1 дополнительное:;состояние2_k-23.sig;0;0.02286745;6.430204;71;2.339907;319;4.241632;8.769232;471;4.090298
62;62001;60009;61005;1.63418E-09;1;ОС-1:;состояние1_k-10.sig;1 дополнительное:;состояние2_k-24.sig;0;0.01993332;6.430204;71;2.421202;49;4.242796;8.848514;70;4.009002
62;62001;60009;61005;1.63418E-09;1;ОС-1:;состояние1_k-10.sig;1 дополнительное:;состояние2_k-25.sig;0;0;6.430204;71;2.303289;1;4.242888;8.733494;121;4.126915
62;62001;60009;61005;1.63418E-09;1;ОС-1:;состояние1_k-10.sig;1 дополнительное:;состояние2_k-26.sig;0;-0.01795289;6.430204;71;2.009596;341;4.197593;8.37956;169;4.420609
62;62001;60009;61005;1.63418E-09;1;ОС-1:;состояние1_k-10.sig;1 дополнительное:;состояние2_k-27.sig;0;-0.01976725;6.430204;71;1.576068;656;4.165577;7.97986;620;4.854136
62;62001;60009;61005;1.63418E-09;1;ОС-1:;состояние1_k-10.sig;1 дополнительное:;состояние2_k-28.sig;0;-0.009798194;6.430204;71;1.049657;127;4.118775;7.476788;20;5.380548
62;62001;60009;61005;1.63418E-09;1;ОС-1:;состояние1_k-10.sig;1 дополнительное:;состояние2_k-29.sig;0;-0.001425311;6.430204;71;0.4825603;255;4.090407;6.910923;221;5.947644
62;62001;60009;61005;1.63418E-09;1;ОС-1:;состояние1_k-10.sig;1 дополнительное:;состояние2_k-30.sig;0;0;6.430204;71;0.09777852;62;4.094503;6.443393;21;6.332426
62;62001;60009;61005;1.63418E-09;1;ОС-1:;состояние1_k-10.sig;1 дополнительное:;состояние2_k-31.sig;0;0.0002569472;6.430204;71;0.5860878;375;4.128081;7.01304;20;5.844117
62;62001;60009;61005;1.63418E-09;1;ОС-1:;состояние1_k-10.sig;1 дополнительное:;состояние2_k-32.sig;0;0.004777986;6.430204;71;0.9921066;77;4.161674;7.422116;421;5.438098
62;62001;60009;61005;1.63418E-09;1;ОС-1:;состояние1_k-10.sig;1 дополнительное:;состояние2_k-33.sig;0;0.01001699;6.430204;71;1.274767;161;4.172178;7.70172;570;5.155437
62;62001;60009;61005;1.63418E-09;1;ОС-1:;состояние1_k-10.sig;1 дополнительное:;состояние2_k-34.sig;0;0.008618481;6.430204;71;1.416625;240;4.1624;7.819797;122;5.013579
62;62001;60009;61005;1.63418E-09;1;ОС-1:;состояние1_k-10.sig;1 дополнительное:;состояние2_k-35.sig;0;0;6.430204;71;1.414637;86;4.148427;7.829942;71;5.015568
62;62001;60009;61005;1.63418E-09;1;ОС-1:;состояние1_k-10.sig;1 дополнительное:;состояние2_k-36.sig;0;-0.008205353;6.430204;71;1.27862;246;4.126202;7.708824;371;5.151585
62;62001;60009;61005;1.63418E-09;1;ОС-1:;состояние1_k-10.sig;1 дополнительное:;состояние2_k-37.sig;0;-0.009213146;6.430204;71;1.029364;100;4.117675;7.448403;721;5.400841
62;62001;60009;61005;1.63418E-09;1;ОС-1:;состояние1_k-10.sig;1 дополнительное:;состояние2_k-38.sig;0;-0.004458014;6.430204;71;0.6972892;409;4.108347;7.119925;120;5.732915
62;62001;60009;61005;1.63418E-09;1;ОС-1:;состояние1_k-10.sig;1 дополнительное:;состояние2_k-39.sig;0;-0.0003900099;6.430204;71;0.3228598;317;4.098294;6.748227;420;6.107345
62;62001;60009;61005;1.63418E-09;1;ОС-1:;состояние1_k-10.sig;1 дополнительное:;состояние2_k-40.sig;0;-2.568588E-08;6.430204;71;0.1340736;22;4.095356;6.556044;21;6.296131
62;62001;60009;61005;1.63418E-09;1;ОС-1:;состояние1_k-11.sig;1 дополнительное:;состояние2_k-21.sig;0.07304778;-0.004809768;6.564181;687;1.609748;223;4.234873;8.156306;460;4.954432
62;62001;60009;61005;1.63418E-09;1;ОС-1:;состояние1_k-11.sig;1 дополнительное:;состояние2_k-22.sig;0.07304778;0.007993223;6.564181;687;2.057574;341;4.338778;8.400848;775;4.506607
62;62001;60009;61005;1.63418E-09;1;ОС-1:;состояние1_k-11.sig;1 дополнительное:;состояние2_k-23.sig;0.07304778;0.02286745;6.564181;687;2.339907;319;4.385001;8.87973;188;4.224274
62;62001;60009;61005;1.63418E-09;1;ОС-1:;состояние1_k-11.sig;1 дополнительное:;состояние2_k-24.sig;0.07304778;0.01993332;6.564181;687;2.421202;49;4.373587;8.983644;778;4.142979
62;62001;60009;61005;1.63418E-09;1;ОС-1:;состояние1_k-11.sig;1 дополнительное:;состояние2_k-25.sig;0.07304778;0;6.564181;687;2.303289;1;4.32091;8.863039;141;4.260892
62;62001;60009;61005;1.63418E-09;1;ОС-1:;состояние1_k-11.sig;1 дополнительное:;состояние2_k-26.sig;0.07304778;-0.01795289;6.564181;687;2.009596;341;4.265388;8.572854;187;4.554585
62;62001;60009;61005;1.63418E-09;1;ОС-1:;состояние1_k-11.sig;1 дополнительное:;состояние2_k-27.sig;0.07304778;-0.01976725;6.564181;687;1.576068;656;4.235058;8.129909;415;4.988113
62;62001;60009;61005;1.63418E-09;1;ОС-1:;состояние1_k-11.sig;1 дополнительное:;состояние2_k-28.sig;0.07304778;-0.009798194;6.564181;687;1.049657;127;4.223662;7.608364;323;5.514524
62;62001;60009;61005;1.63418E-09;1;ОС-1:;состояние1_k-11.sig;1 дополнительное:;состояние2_k-29.sig;0.07304778;-0.001425311;6.564181;687;0.4825603;255;4.211594;7.039342;187;6.081621
62;62001;60009;61005;1.63418E-09;1;ОС-1:;состояние1_k-11.sig;1 дополнительное:;состояние2_k-30.sig;0.07304778;0;6.564181;687;0.09777852;62;4.197716;6.661136;778;6.466403
62;62001;60009;61005;1.63418E-09;1;ОС-1:;состояние1_k-11.sig;1 дополнительное:;состояние2_k-31.sig;0.07304778;0.0002569472;6.564181;687;0.5860878;375;4.203312;7.149489;278;5.978093
62;62001;60009;61005;1.63418E-09;1;ОС-1:;состояние1_k-11.sig;1 дополнительное:;состояние2_k-32.sig;0.07304778;0.004777986;6.564181;687;0.9921066;77;4.237091;7.551104;687;5.572074
62;62001;60009;61005;1.63418E-09;1;ОС-1:;состояние1_k-11.sig;1 дополнительное:;состояние2_k-33.sig;0.07304778;0.01001699;6.564181;687;1.274767;161;4.105762;7.652499;417;5.289413
62;62001;60009;61005;1.63418E-09;1;ОС-1:;состояние1_k-11.sig;1 дополнительное:;состояние2_k-34.sig;0.07304778;0.008618481;6.564181;687;1.416625;240;4.317467;7.97804;5;5.147555
62;62001;60009;61005;1.63418E-09;1;ОС-1:;состояние1_k-11.sig;1 дополнительное:;состояние2_k-35.sig;0.07304778;0;6.564181;687;1.414637;86;4.302123;7.968629;414;5.149544
62;62001;60009;61005;1.63418E-09;1;ОС-1:;состояние1_k-11.sig;1 дополнительное:;состояние2_k-36.sig;0.07304778;-0.008205353;6.564181;687;1.27862;246;4.262497;7.839542;232;5.285561
62;62001;60009;61005;1.63418E-09;1;ОС-1:;состояние1_k-11.sig;1 дополнительное:;состояние2_k-37.sig;0.07304778;-0.009213146;6.564181;687;1.029364;100;4.228454;7.583569;141;5.534817
62;62001;60009;61005;1.63418E-09;1;ОС-1:;состояние1_k-11.sig;1 дополнительное:;состояние2_k-38.sig;0.07304778;-0.004458014;6.564181;687;0.6972892;409;4.209593;7.254428;278;5.866892
62;62001;60009;61005;1.63418E-09;1;ОС-1:;состояние1_k-11.sig;1 дополнительное:;состояние2_k-39.sig;0.07304778;-0.0003900099;6.564181;687;0.3228598;317;4.202966;6.881355;369;6.241321
62;62001;60009;61005;1.63418E-09;1;ОС-1:;состояние1_k-11.sig;1 дополнительное:;состояние2_k-40.sig;0.07304778;-2.568588E-08;6.564181;687;0.1340736;22;4.201218;6.689928;96;6.430107
62;62001;60009;61005;1.63418E-09;1;ОС-1:;состояние1_k-12.sig;1 дополнительное:;состояние2_k-21.sig;0.1543341;-0.004809768;6.434162;34;1.609748;223;4.142696;8.029344;200;4.824414
62;62001;60009;61005;1.63418E-09;1;ОС-1:;состояние1_k-12.sig;1 дополнительное:;состояние2_k-22.sig;0.1543341;0.007993223;6.434162;34;2.057574;341;4.18858;8.490835;159;4.376589
62;62001;60009;61005;1.63418E-09;1;ОС-1:;состояние1_k-12.sig;1 дополнительное:;состояние2_k-23.sig;0.1543341;0.02286745;6.434162;34;2.339907;319;4.247504;8.762764;493;4.094255
62;62001;60009;61005;1.63418E-09;1;ОС-1:;состояние1_k-12.sig;1 дополнительное:;состояние2_k-24.sig;0.1543341;0.01993332;6.434162;34;2.421202;49;4.287318;8.510132;114;4.01296
62;62001;60009;61005;1.63418E-09;1;ОС-1:;состояние1_k-12.sig;1 дополнительное:;состояние2_k-25.sig;0.1543341;0;6.434162;34;2.303289;1;4.273221;8.733889;701;4.130873
62;62001;60009;61005;1.63418E-09;1;ОС-1:;состояние1_k-12.sig;1 дополнительное:;состояние2_k-26.sig;0.1543341;-0.01795289;6.434162;34;2.009596;341;4.204006;8.432215;284;4.424566
62;62001;60009;61005;1.63418E-09;1;ОС-1:;состояние1_k-12.sig;1 дополнительное:;состояние2_k-27.sig;0.1543341;-0.01976725;6.434162;34;1.576068;656;4.144322;7.977861;785;4.858094
62;62001;60009;61005;1.63418E-09;1;ОС-1:;состояние1_k-12.sig;1 дополнительное:;состояние2_k-28.sig;0.1543341;-0.009798194;6.434162;34;1.049657;127;4.110341;7.352019;36;5.384505
62;62001;60009;61005;1.63418E-09;1;ОС-1:;состояние1_k-12.sig;1 дополнительное:;состояние2_k-29.sig;0.1543341;-0.001425311;6.434162;34;0.4825603;255;4.100791;6.91618;617;5.951602
62;62001;60009;61005;1.63418E-09;1;ОС-1:;состояние1_k-12.sig;1 дополнительное:;состояние2_k-30.sig;0.1543341;0;6.434162;34;0.09777852;62;4.097139;6.517223;159;6.336384
62;62001;60009;61005;1.63418E-09;1;ОС-1:;состояние1_k-12.sig;1 дополнительное:;состояние2_k-31.sig;0.1543341;0.0002569472;6.434162;34;0.5860878;375;4.099794;7.019715;617;5.848074
62;62001;60009;61005;1.63418E-09;1;ОС-1:;состояние1_k-12.sig;1 дополнительное:;состояние2_k-32.sig;0.1543341;0.004777986;6.434162;34;0.9921066;77;4.114998;7.398514;76;5.442056
62;62001;60009;61005;1.63418E-09;1;ОС-1:;состояние1_k-12.sig;1 дополнительное:;состояние2_k-33.sig;0.1543341;0.01001699;6.434162;34;1.274767;161;4.139798;7.679067;783;5.159395
62;62001;60009;61005;1.63418E-09;1;ОС-1:;состояние1_k-12.sig;1 дополнительное:;состояние2_k-34.sig;0.1543341;0.008618481;6.434162;34;1.416625;240;4.16257;7.850152;284;5.017537
62;62001;60009;61005;1.63418E-09;1;ОС-1:;состояние1_k-12.sig;1 дополнительное:;состояние2_k-35.sig;0.1543341;0;6.434162;34;1.414637;86;4.172642;7.841951;700;5.019526
62;62001;60009;61005;1.63418E-09;1;ОС-1:;состояние1_k-12.sig;1 дополнительное:;состояние2_k-36.sig;0.1543341;-0.008205353;6.434162;34;1.27862;246;3.981909;7.547348;78;5.155542
62;62001;60009;61005;1.63418E-09;1;ОС-1:;состояние1_k-12.sig;1 дополнительное:;состояние2_k-37.sig;0.1543341;-0.009213146;6.434162;34;1.029364;100;4.164202;7.441286;33;5.404799
62;62001;60009;61005;1.63418E-09;1;ОС-1:;состояние1_k-12.sig;1 дополнительное:;состояние2_k-38.sig;0.1543341;-0.004458014;6.434162;34;0.6972892;409;4.136531;7.131452;409;5.736873
62;62001;60009;61005;1.63418E-09;1;ОС-1:;состояние1_k-12.sig;1 дополнительное:;состояние2_k-39.sig;0.1543341;-0.0003900099;6.434162;34;0.3228598;317;4.10953;6.749887;201;6.111302
62;62001;60009;61005;1.63418E-09;1;ОС-1:;состояние1_k-12.sig;1 дополнительное:;состояние2_k-40.sig;0.1543341;-2.568588E-08;6.434162;34;0.1340736;22;4.095387;6.565152;34;6.300088
62;62001;60009;61005;1.63418E-09;1;ОС-1:;состояние1_k-13.sig;1 дополнительное:;состояние2_k-21.sig;0.1631416;-0.004809768;6.047762;635;1.609748;223;3.934592;7.656034;366;4.438014
62;62001;60009;61005;1.63418E-09;1;ОС-1:;состояние1_k-13.sig;1 дополнительное:;состояние2_k-22.sig;0.1631416;0.007993223;6.047762;635;2.057574;341;3.976517;8.102161;750;3.990188
62;62001;60009;61005;1.63418E-09;1;ОС-1:;состояние1_k-13.sig;1 дополнительное:;состояние2_k-23.sig;0.1631416;0.02286745;6.047762;635;2.339907;319;4.021736;8.387047;58;3.707855
62;62001;60009;61005;1.63418E-09;1;ОС-1:;состояние1_k-13.sig;1 дополнительное:;состояние2_k-24.sig;0.1631416;0.01993332;6.047762;635;2.421202;49;4.042355;8.462978;674;3.62656
62;62001;60009;61005;1.63418E-09;1;ОС-1:;состояние1_k-13.sig;1 дополнительное:;состояние2_k-25.sig;0.1631416;0;6.047762;635;2.303289;1;4.025906;8.326904;20;3.744473
62;62001;60009;61005;1.63418E-09;1;ОС-1:;состояние1_k-13.sig;1 дополнительное:;состояние2_k-26.sig;0.1631416;-0.01795289;6.047762;635;2.009596;341;3.983079;7.712375;478;4.038166
62;62001;60009;61005;1.63418E-09;1;ОС-1:;состояние1_k-13.sig;1 дополнительное:;состояние2_k-27.sig;0.1631416;-0.01976725;6.047762;635;1.576068;656;3.952764;7.619577;212;4.471694
62;62001;60009;61005;1.63418E-09;1;ОС-1:;состояние1_k-13.sig;1 дополнительное:;состояние2_k-28.sig;0.1631416;-0.009798194;6.047762;635;1.049657;127;3.905064;7.094197;520;4.998105
62;62001;60009;61005;1.63418E-09;1;ОС-1:;состояние1_k-13.sig;1 дополнительное:;состояние2_k-29.sig;0.1631416;-0.001425311;6.047762;635;0.4825603;255;3.874336;6.527915;289;5.565202
62;62001;60009;61005;1.63418E-09;1;ОС-1:;состояние1_k-13.sig;1 дополнительное:;состояние2_k-30.sig;0.1631416;0;6.047762;635;0.09777852;62;3.865939;6.145401;712;5.949984
62;62001;60009;61005;1.63418E-09;1;ОС-1:;состояние1_k-13.sig;1 дополнительное:;состояние2_k-31.sig;0.1631416;0.0002569472;6.047762;635;0.5860878;375;3.877324;6.630425;327;5.461674
62;62001;60009;61005;1.63418E-09;1;ОС-1:;состояние1_k-13.sig;1 дополнительное:;состояние2_k-32.sig;0.1631416;0.004777986;6.047762;635;0.9921066;77;3.899314;7.026899;405;5.055655
62;62001;60009;61005;1.63418E-09;1;ОС-1:;состояние1_k-13.sig;1 дополнительное:;состояние2_k-33.sig;0.1631416;0.01001699;6.047762;635;1.274767;161;3.917693;7.309982;328;4.772995
62;62001;60009;61005;1.63418E-09;1;ОС-1:;состояние1_k-13.sig;1 дополнительное:;состояние2_k-34.sig;0.1631416;0.008618481;6.047762;635;1.416625;240;3.923767;7.451074;20;4.631137
62;62001;60009;61005;1.63418E-09;1;ОС-1:;состояние1_k-13.sig;1 дополнительное:;состояние2_k-35.sig;0.1631416;0;6.047762;635;1.414637;86;3.919612;7.449125;58;4.633125
62;62001;60009;61005;1.63418E-09;1;ОС-1:;состояние1_k-13.sig;1 дополнительное:;состояние2_k-36.sig;0.1631416;-0.008205353;6.047762;635;1.27862;246;3.909865;7.325787;135;4.769142
62;62001;60009;61005;1.63418E-09;1;ОС-1:;состояние1_k-13.sig;1 дополнительное:;состояние2_k-37.sig;0.1631416;-0.009213146;6.047762;635;1.029364;100;3.901522;7.075481;289;5.018398
62;62001;60009;61005;1.63418E-09;1;ОС-1:;состояние1_k-13.sig;1 дополнительное:;состояние2_k-38.sig;0.1631416;-0.004458014;6.047762;635;0.6972892;409;3.896582;6.742075;712;5.350472
62;62001;60009;61005;1.63418E-09;1;ОС-1:;состояние1_k-13.sig;1 дополнительное:;состояние2_k-39.sig;0.1631416;-0.0003900099;6.047762;635;0.3228598;317;3.813861;6.329724;405;5.724902
62;62001;60009;61005;1.63418E-09;1;ОС-1:;состояние1_k-13.sig;1 дополнительное:;состояние2_k-40.sig;0.1631416;-2.568588E-08;6.047762;635;0.1340736;22;3.865405;6.182805;635;5.913688
62;62001;60009;61005;1.63418E-09;1;ОС-1:;состояние1_k-14.sig;1 дополнительное:;состояние2_k-21.sig;0.09057476;-0.004809768;5.428392;293;1.609748;223;3.575816;7.020362;722;3.818644
62;62001;60009;61005;1.63418E-09;1;ОС-1:;состояние1_k-14.sig;1 дополнительное:;состояние2_k-22.sig;0.09057476;0.007993223;5.428392;293;2.057574;341;3.59444;7.481355;114;3.370818
62;62001;60009;61005;1.63418E-09;1;ОС-1:;состояние1_k-14.sig;1 дополнительное:;состояние2_k-23.sig;0.09057476;0.02286745;5.428392;293;2.339907;319;3.623096;7.747214;79;3.088485
62;62001;60009;61005;1.63418E-09;1;ОС-1:;состояние1_k-14.sig;1 дополнительное:;состояние2_k-24.sig;0.09057476;0.01993332;5.428392;293;2.421202;49;3.65493;7.843435;257;3.00719
62;62001;60009;61005;1.63418E-09;1;ОС-1:;состояние1_k-14.sig;1 дополнительное:;состояние2_k-25.sig;0.09057476;0;5.428392;293;2.303289;1;3.682127;7.725267;221;3.125103
62;62001;60009;61005;1.63418E-09;1;ОС-1:;состояние1_k-14.sig;1 дополнительное:;состояние2_k-26.sig;0.09057476;-0.01795289;5.428392;293;2.009596;341;3.644947;7.408772;187;3.418796
62;62001;60009;61005;1.63418E-09;1;ОС-1:;состояние1_k-14.sig;1 дополнительное:;состояние2_k-27.sig;0.09057476;-0.01976725;5.428392;293;1.576068;656;3.582995;6.997421;471;3.852324
62;62001;60009;61005;1.63418E-09;1;ОС-1:;состояние1_k-14.sig;1 дополнительное:;состояние2_k-28.sig;0.09057476;-0.009798194;5.428392;293;1.049657;127;3.51959;6.231437;5;4.378735
62;62001;60009;61005;1.63418E-09;1;ОС-1:;состояние1_k-14.sig;1 дополнительное:;состояние2_k-29.sig;0.09057476;-0.001425311;5.428392;293;0.4825603;255;3.493084;5.910403;186;4.945832
62;62001;60009;61005;1.63418E-09;1;ОС-1:;состояние1_k-14.sig;1 дополнительное:;состояние2_k-30.sig;0.09057476;0;5.428392;293;0.09777852;62;3.485565;5.523982;79;5.330614
62;62001;60009;61005;1.63418E-09;1;ОС-1:;состояние1_k-14.sig;1 дополнительное:;состояние2_k-31.sig;0.09057476;0.0002569472;5.428392;293;0.5860878;375;3.492368;6.009766;472;4.842304
62;62001;60009;61005;1.63418E-09;1;ОС-1:;состояние1_k-14.sig;1 дополнительное:;состояние2_k-32.sig;0.09057476;0.004777986;5.428392;293;0.9921066;77;3.503841;6.415556;436;4.436285
62;62001;60009;61005;1.63418E-09;1;ОС-1:;состояние1_k-14.sig;1 дополнительное:;состояние2_k-33.sig;0.09057476;0.01001699;5.428392;293;1.274767;161;3.522911;6.695121;722;4.153625
62;62001;60009;61005;1.63418E-09;1;ОС-1:;состояние1_k-14.sig;1 дополнительное:;состояние2_k-34.sig;0.09057476;0.008618481;5.428392;293;1.416625;240;3.546673;6.832694;78;4.011766
62;62001;60009;61005;1.63418E-09;1;ОС-1:;состояние1_k-14.sig;1 дополнительное:;состояние2_k-35.sig;0.09057476;0;5.428392;293;1.414637;86;3.568415;6.842836;543;4.013755
62;62001;60009;61005;1.63418E-09;1;ОС-1:;состояние1_k-14.sig;1 дополнительное:;состояние2_k-36.sig;0.09057476;-0.008205353;5.428392;293;1.27862;246;3.557501;6.702015;329;4.149772
62;62001;60009;61005;1.63418E-09;1;ОС-1:;состояние1_k-14.sig;1 дополнительное:;состояние2_k-37.sig;0.09057476;-0.009213146;5.428392;293;1.029364;100;3.528234;6.449852;222;4.399028
62;62001;60009;61005;1.63418E-09;1;ОС-1:;состояние1_k-14.sig;1 дополнительное:;состояние2_k-38.sig;0.09057476;-0.004458014;5.428392;293;0.6972892;409;3.499771;6.102237;79;4.731103
62;62001;60009;61005;1.63418E-09;1;ОС-1:;состояние1_k-14.sig;1 дополнительное:;состояние2_k-39.sig;0.09057476;-0.0003900099;5.428392;293;0.3228598;317;3.487728;5.749907;150;5.105532
62;62001;60009;61005;1.63418E-09;1;ОС-1:;состояние1_k-14.sig;1 дополнительное:;состояние2_k-40.sig;0.09057476;-2.568588E-08;5.428392;293;0.1340736;22;3.489928;5.558466;436;5.294318
62;62001;60009;61005;1.63418E-09;1;ОС-1:;состояние1_k-15.sig;1 дополнительное:;состояние2_k-21.sig;0;-0.004809768;4.618589;63;1.609748;223;3.052753;6.164341;31;3.008841
62;62001;60009;61005;1.63418E-09;1;ОС-1:;состояние1_k-15.sig;1 дополнительное:;состояние2_k-22.sig;0;0.007993223;4.618589;63;2.057574;341;3.085924;6.669387;296;2.561015
62;62001;60009;61005;1.63418E-09;1;ОС-1:;состояние1_k-15.sig;1 дополнительное:;состояние2_k-23.sig;0;0.02286745;4.618589;63;2.339907;319;3.099373;6.952266;363;2.278682
62;62001;60009;61005;1.63418E-09;1;ОС-1:;состояние1_k-15.sig;1 дополнительное:;состояние2_k-24.sig;0;0.01993332;4.618589;63;2.421202;49;3.121278;7.013472;529;2.197387
62;62001;60009;61005;1.63418E-09;1;ОС-1:;состояние1_k-15.sig;1 дополнительное:;состояние2_k-25.sig;0;0;4.618589;63;2.303289;1;3.105843;6.862549;62;2.3153
62;62001;60009;61005;1.63418E-09;1;ОС-1:;состояние1_k-15.sig;1 дополнительное:;состояние2_k-26.sig;0;-0.01795289;4.618589;63;2.009596;341;3.119149;6.620207;130;2.608993
62;62001;60009;61005;1.63418E-09;1;ОС-1:;состояние1_k-15.sig;1 дополнительное:;состояние2_k-27.sig;0;-0.01976725;4.618589;63;1.576068;656;3.069509;6.073978;28;3.042521
62;62001;60009;61005;1.63418E-09;1;ОС-1:;состояние1_k-15.sig;1 дополнительное:;состояние2_k-28.sig;0;-0.009798194;4.618589;63;1.049657;127;3.000842;5.667301;163;3.568932
62;62001;60009;61005;1.63418E-09;1;ОС-1:;состояние1_k-15.sig;1 дополнительное:;состояние2_k-29.sig;0;-0.001425311;4.618589;63;0.4825603;255;2.95195;5.096635;496;4.136029
62;62001;60009;61005;1.63418E-09;1;ОС-1:;состояние1_k-15.sig;1 дополнительное:;состояние2_k-30.sig;0;0;4.618589;63;0.09777852;62;2.941002;4.714459;163;4.520811
62;62001;60009;61005;1.63418E-09;1;ОС-1:;состояние1_k-15.sig;1 дополнительное:;состояние2_k-31.sig;0;0.0002569472;4.618589;63;0.5860878;375;2.955305;5.195798;263;4.032501
62;62001;60009;61005;1.63418E-09;1;ОС-1:;состояние1_k-15.sig;1 дополнительное:;состояние2_k-32.sig;0;0.004777986;4.618589;63;0.9921066;77;2.97357;5.608637;530;3.626482
62;62001;60009;61005;1.63418E-09;1;ОС-1:;состояние1_k-15.sig;1 дополнительное:;состояние2_k-33.sig;0;0.01001699;4.618589;63;1.274767;161;2.984552;5.843383;162;3.343822
62;62001;60009;61005;1.63418E-09;1;ОС-1:;состояние1_k-15.sig;1 дополнительное:;состояние2_k-34.sig;0;0.008618481;4.618589;63;1.416625;240;2.992835;6.031612;196;3.201964
62;62001;60009;61005;1.63418E-09;1;ОС-1:;состояние1_k-15.sig;1 дополнительное:;состояние2_k-35.sig;0;0;4.618589;63;1.414637;86;3.024192;6.020784;29;3.203952
62;62001;60009;61005;1.63418E-09;1;ОС-1:;состояние1_k-15.sig;1 дополнительное:;состояние2_k-36.sig;0;-0.008205353;4.618589;63;1.27862;246;3.012864;5.893867;496;3.339969
62;62001;60009;61005;1.63418E-09;1;ОС-1:;состояние1_k-15.sig;1 дополнительное:;состояние2_k-37.sig;0;-0.009213146;4.618589;63;1.029364;100;2.998158;5.644895;330;3.589225
62;62001;60009;61005;1.63418E-09;1;ОС-1:;состояние1_k-15.sig;1 дополнительное:;состояние2_k-38.sig;0;-0.004458014;4.618589;63;0.6972892;409;2.972002;5.31198;396;3.9213
62;62001;60009;61005;1.63418E-09;1;ОС-1:;состояние1_k-15.sig;1 дополнительное:;состояние2_k-39.sig;0;-0.0003900099;4.618589;63;0.3228598;317;2.947289;4.941242;163;4.295729
62;62001;60009;61005;1.63418E-09;1;ОС-1:;состояние1_k-15.sig;1 дополнительное:;состояние2_k-40.sig;0;-2.568588E-08;4.618589;63;0.1340736;22;2.941022;4.745672;97;4.484515
62;62001;60009;61005;1.63418E-09;1;ОС-1:;состояние1_k-16.sig;1 дополнительное:;состояние2_k-21.sig;-0.04238328;-0.004809768;3.677163;49;1.609748;223;2.443587;5.284088;80;2.067415
62;62001;60009;61005;1.63418E-09;1;ОС-1:;состояние1_k-16.sig;1 дополнительное:;состояние2_k-22.sig;-0.04238328;0.007993223;3.677163;49;2.057574;341;2.527562;5.730043;205;1.61959
62;62001;60009;61005;1.63418E-09;1;ОС-1:;состояние1_k-16.sig;1 дополнительное:;состояние2_k-23.sig;-0.04238328;0.02286745;3.677163;49;2.339907;319;2.570676;6.014163;580;1.337257
62;62001;60009;61005;1.63418E-09;1;ОС-1:;состояние1_k-16.sig;1 дополнительное:;состояние2_k-24.sig;-0.04238328;0.01993332;3.677163;49;2.421202;49;2.614646;6.092121;112;1.255961
62;62001;60009;61005;1.63418E-09;1;ОС-1:;состояние1_k-16.sig;1 дополнительное:;состояние2_k-25.sig;-0.04238328;0;3.677163;49;2.303289;1;2.563244;5.974306;81;1.373874
62;62001;60009;61005;1.63418E-09;1;ОС-1:;состояние1_k-16.sig;1 дополнительное:;состояние2_k-26.sig;-0.04238328;-0.01795289;3.677163;49;2.009596;341;2.535406;5.675926;456;1.667567
62;62001;60009;61005;1.63418E-09;1;ОС-1:;состояние1_k-16.sig;1 дополнительное:;состояние2_k-27.sig;-0.04238328;-0.01976725;3.677163;49;1.576068;656;2.472639;5.246713;674;2.101095
62;62001;60009;61005;1.63418E-09;1;ОС-1:;состояние1_k-16.sig;1 дополнительное:;состояние2_k-28.sig;-0.04238328;-0.009798194;3.677163;49;1.049657;127;2.405613;4.69193;19;2.627506
62;62001;60009;61005;1.63418E-09;1;ОС-1:;состояние1_k-16.sig;1 дополнительное:;состояние2_k-29.sig;-0.04238328;-0.001425311;3.677163;49;0.4825603;255;2.354102;4.159963;393;3.194603
62;62001;60009;61005;1.63418E-09;1;ОС-1:;состояние1_k-16.sig;1 дополнительное:;состояние2_k-30.sig;-0.04238328;0;3.677163;49;0.09777852;62;2.334735;3.773166;112;3.579385
62;62001;60009;61005;1.63418E-09;1;ОС-1:;состояние1_k-16.sig;1 дополнительное:;состояние2_k-31.sig;-0.04238328;0.0002569472;3.677163;49;0.5860878;375;2.344363;4.259194;424;3.091075
62;62001;60009;61005;1.63418E-09;1;ОС-1:;состояние1_k-16.sig;1 дополнительное:;состояние2_k-32.sig;-0.04238328;0.004777986;3.677163;49;0.9921066;77;2.386418;4.563995;16;2.685057
62;62001;60009;61005;1.63418E-09;1;ОС-1:;состояние1_k-16.sig;1 дополнительное:;состояние2_k-33.sig;-0.04238328;0.01001699;3.677163;49;1.274767;161;2.405879;4.948792;237;2.402396
62;62001;60009;61005;1.63418E-09;1;ОС-1:;состояние1_k-16.sig;1 дополнительное:;состояние2_k-34.sig;-0.04238328;0.008618481;3.677163;49;1.416625;240;2.424069;5.093064;49;2.260538
62;62001;60009;61005;1.63418E-09;1;ОС-1:;состояние1_k-16.sig;1 дополнительное:;состояние2_k-35.sig;-0.04238328;0;3.677163;49;1.414637;86;2.422987;5.091881;143;2.262527
62;62001;60009;61005;1.63418E-09;1;ОС-1:;состояние1_k-16.sig;1 дополнительное:;состояние2_k-36.sig;-0.04238328;-0.008205353;3.677163;49;1.27862;246;2.409412;4.937536;80;2.398544
62;62001;60009;61005;1.63418E-09;1;ОС-1:;состояние1_k-16.sig;1 дополнительное:;состояние2_k-37.sig;-0.04238328;-0.009213146;3.677163;49;1.029364;100;2.387513;4.684561;19;2.647799
62;62001;60009;61005;1.63418E-09;1;ОС-1:;состояние1_k-16.sig;1 дополнительное:;состояние2_k-38.sig;-0.04238328;-0.004458014;3.677163;49;0.6972892;409;2.363492;4.371822;330;2.979874
62;62001;60009;61005;1.63418E-09;1;ОС-1:;состояние1_k-16.sig;1 дополнительное:;состояние2_k-39.sig;-0.04238328;-0.0003900099;3.677163;49;0.3228598;317;2.343618;3.998068;612;3.354304
62;62001;60009;61005;1.63418E-09;1;ОС-1:;состояние1_k-16.sig;1 дополнительное:;состояние2_k-40.sig;-0.04238328;-2.568588E-08;3.677163;49;0.1340736;22;2.33525;3.800263;111;3.54309
62;62001;60009;61005;1.63418E-09;1;ОС-1:;состояние1_k-17.sig;1 дополнительное:;состояние2_k-21.sig;-0.02777296;-0.004809768;2.681684;154;1.609748;223;1.799164;4.283901;389;1.071936
62;62001;60009;61005;1.63418E-09;1;ОС-1:;состояние1_k-17.sig;1 дополнительное:;состояние2_k-22.sig;-0.02777296;0.007993223;2.681684;154;2.057574;341;1.962298;4.731415;477;0.6241109
62;62001;60009;61005;1.63418E-09;1;ОС-1:;состояние1_k-17.sig;1 дополнительное:;состояние2_k-23.sig;-0.02777296;0.02286745;2.681684;154;2.339907;319;2.065121;5.015326;36;0.3417778
62;62001;60009;61005;1.63418E-09;1;ОС-1:;состояние1_k-17.sig;1 дополнительное:;состояние2_k-24.sig;-0.02777296;0.01993332;2.681684;154;2.421202;49;2.09068;5.098218;7;0.2604823
62;62001;60009;61005;1.63418E-09;1;ОС-1:;состояние1_k-17.sig;1 дополнительное:;состояние2_k-25.sig;-0.02777296;0;2.681684;154;2.303289;1;2.032108;4.966849;361;0.3783956
62;62001;60009;61005;1.63418E-09;1;ОС-1:;состояние1_k-17.sig;1 дополнительное:;состояние2_k-26.sig;-0.02777296;-0.01795289;2.681684;154;2.009596;341;1.939807;4.683038;418;0.6720886
62;62001;60009;61005;1.63418E-09;1;ОС-1:;состояние1_k-17.sig;1 дополнительное:;состояние2_k-27.sig;-0.02777296;-0.01976725;2.681684;154;1.576068;656;1.863471;4.255895;360;1.105616
62;62001;60009;61005;1.63418E-09;1;ОС-1:;состояние1_k-17.sig;1 дополнительное:;состояние2_k-28.sig;-0.02777296;-0.009798194;2.681684;154;1.049657;127;1.800002;3.71627;37;1.632028
62;62001;60009;61005;1.63418E-09;1;ОС-1:;состояние1_k-17.sig;1 дополнительное:;состояние2_k-29.sig;-0.02777296;-0.001425311;2.681684;154;0.4825603;255;1.737249;3.162165;272;2.199124
62;62001;60009;61005;1.63418E-09;1;ОС-1:;состояние1_k-17.sig;1 дополнительное:;состояние2_k-30.sig;-0.02777296;0;2.681684;154;0.09777852;62;1.710501;2.7787;595;2.583906
62;62001;60009;61005;1.63418E-09;1;ОС-1:;состояние1_k-17.sig;1 дополнительное:;состояние2_k-31.sig;-0.02777296;0.0002569472;2.681684;154;0.5860878;375;1.724651;3.264571;36;2.095597
62;62001;60009;61005;1.63418E-09;1;ОС-1:;состояние1_k-17.sig;1 дополнительное:;состояние2_k-32.sig;-0.02777296;0.004777986;2.681684;154;0.9921066;77;1.765801;3.668207;624;1.689578
62;62001;60009;61005;1.63418E-09;1;ОС-1:;состояние1_k-17.sig;1 дополнительное:;состояние2_k-33.sig;-0.02777296;0.01001699;2.681684;154;1.274767;161;1.798186;3.945031;449;1.406917
62;62001;60009;61005;1.63418E-09;1;ОС-1:;состояние1_k-17.sig;1 дополнительное:;состояние2_k-34.sig;-0.02777296;0.008618481;2.681684;154;1.416625;240;1.880314;4.046339;476;1.265059
62;62001;60009;61005;1.63418E-09;1;ОС-1:;состояние1_k-17.sig;1 дополнительное:;состояние2_k-35.sig;-0.02777296;0;2.681684;154;1.414637;86;1.825746;4.090919;272;1.267048
62;62001;60009;61005;1.63418E-09;1;ОС-1:;состояние1_k-17.sig;1 дополнительное:;состояние2_k-36.sig;-0.02777296;-0.008205353;2.681684;154;1.27862;246;1.806572;3.95107;301;1.403065
62;62001;60009;61005;1.63418E-09;1;ОС-1:;состояние1_k-17.sig;1 дополнительное:;состояние2_k-37.sig;-0.02777296;-0.009213146;2.681684;154;1.029364;100;1.775142;3.705413;330;1.652321
62;62001;60009;61005;1.63418E-09;1;ОС-1:;состояние1_k-17.sig;1 дополнительное:;состояние2_k-38.sig;-0.02777296;-0.004458014;2.681684;154;0.6972892;409;1.747283;3.374387;448;1.984395
62;62001;60009;61005;1.63418E-09;1;ОС-1:;состояние1_k-17.sig;1 дополнительное:;состояние2_k-39.sig;-0.02777296;-0.0003900099;2.681684;154;0.3228598;317;1.722657;3.000479;419;2.358825
62;62001;60009;61005;1.63418E-09;1;ОС-1:;состояние1_k-17.sig;1 дополнительное:;состояние2_k-40.sig;-0.02777296;-2.568588E-08;2.681684;154;0.1340736;22;1.711187;2.814157;772;2.547611
62;62001;60009;61005;1.63418E-09;1;ОС-1:;состояние1_k-18.sig;1 дополнительное:;состояние2_k-21.sig;0.002492558;-0.004809768;1.741653;135;1.609748;223;1.24704;3.347849;580;0.1319052
62;62001;60009;61005;1.63418E-09;1;ОС-1:;состояние1_k-18.sig;1 дополнительное:;состояние2_k-22.sig;0.002492558;0.007993223;1.741653;135;2.057574;341;1.49092;3.783615;136;0.3159201
62;62001;60009;61005;1.63418E-09;1;ОС-1:;состояние1_k-18.sig;1 дополнительное:;состояние2_k-23.sig;0.002492558;0.02286745;1.741653;135;2.339907;319;1.707595;4.077924;80;0.5982533
62;62001;60009;61005;1.63418E-09;1;ОС-1:;состояние1_k-18.sig;1 дополнительное:;состояние2_k-24.sig;0.002492558;0.01993332;1.741653;135;2.421202;49;1.7747;4.109077;383;0.6795487
62;62001;60009;61005;1.63418E-09;1;ОС-1:;состояние1_k-18.sig;1 дополнительное:;состояние2_k-25.sig;0.002492558;0;1.741653;135;2.303289;1;1.697637;4.042832;441;0.5616355
62;62001;60009;61005;1.63418E-09;1;ОС-1:;состояние1_k-18.sig;1 дополнительное:;состояние2_k-26.sig;0.002492558;-0.01795289;1.741653;135;2.009596;341;1.528997;3.736946;245;0.2679424
62;62001;60009;61005;1.63418E-09;1;ОС-1:;состояние1_k-18.sig;1 дополнительное:;состояние2_k-27.sig;0.002492558;-0.01976725;1.741653;135;1.576068;656;1.341405;3.270988;81;0.1655854
62;62001;60009;61005;1.63418E-09;1;ОС-1:;состояние1_k-18.sig;1 дополнительное:;состояние2_k-28.sig;0.002492558;-0.009798194;1.741653;135;1.049657;127;1.210797;2.78986;163;0.6919966
62;62001;60009;61005;1.63418E-09;1;ОС-1:;состояние1_k-18.sig;1 дополнительное:;состояние2_k-29.sig;0.002492558;-0.001425311;1.741653;135;0.4825603;255;1.134608;2.222883;496;1.259093
62;62001;60009;61005;1.63418E-09;1;ОС-1:;состояние1_k-18.sig;1 дополнительное:;состояние2_k-30.sig;0.002492558;0;1.741653;135;0.09777852;62;1.103726;1.838383;246;1.643875
62;62001;60009;61005;1.63418E-09;1;ОС-1:;состояние1_k-18.sig;1 дополнительное:;состояние2_k-31.sig;0.002492558;0.0002569472;1.741653;135;0.5860878;375;1.121244;2.327576;746;1.155566
62;62001;60009;61005;1.63418E-09;1;ОС-1:;состояние1_k-18.sig;1 дополнительное:;состояние2_k-32.sig;0.002492558;0.004777986;1.741653;135;0.9921066;77;1.182526;2.731223;468;0.7495469
62;62001;60009;61005;1.63418E-09;1;ОС-1:;состояние1_k-18.sig;1 дополнительное:;состояние2_k-33.sig;0.002492558;0.01001699;1.741653;135;1.274767;161;1.260762;3.011486;691;0.4668863
62;62001;60009;61005;1.63418E-09;1;ОС-1:;состояние1_k-18.sig;1 дополнительное:;состояние2_k-34.sig;0.002492558;0.008618481;1.741653;135;1.416625;240;1.308234;3.138344;79;0.3250282
62;62001;60009;61005;1.63418E-09;1;ОС-1:;состояние1_k-18.sig;1 дополнительное:;состояние2_k-35.sig;0.002492558;0;1.741653;135;1.414637;86;1.293923;3.150931;357;0.3270168
62;62001;60009;61005;1.63418E-09;1;ОС-1:;состояние1_k-18.sig;1 дополнительное:;состояние2_k-36.sig;0.002492558;-0.008205353;1.741653;135;1.27862;246;1.312238;3.020113;496;0.4630338
62;62001;60009;61005;1.63418E-09;1;ОС-1:;состояние1_k-18.sig;1 дополнительное:;состояние2_k-37.sig;0.002492558;-0.009213146;1.741653;135;1.029364;100;1.192371;2.768947;357;0.7122897
62;62001;60009;61005;1.63418E-09;1;ОС-1:;состояние1_k-18.sig;1 дополнительное:;состояние2_k-38.sig;0.002492558;-0.004458014;1.741653;135;0.6972892;409;1.149856;2.435583;80;1.044364
62;62001;60009;61005;1.63418E-09;1;ОС-1:;состояние1_k-18.sig;1 дополнительное:;состояние2_k-39.sig;0.002492558;-0.0003900099;1.741653;135;0.3228598;317;1.117424;2.063801;163;1.418794
62;62001;60009;61005;1.63418E-09;1;ОС-1:;состояние1_k-18.sig;1 дополнительное:;состояние2_k-40.sig;0.002492558;-2.568588E-08;1.741653;135;0.1340736;22;1.105369;1.876697;135;1.60758
62;62001;60009;61005;1.63418E-09;1;ОС-1:;состояние1_k-19.sig;1 дополнительное:;состояние2_k-21.sig;0.01103523;-0.004809768;1.092234;273;1.609748;223;1.104817;2.694934;9;0.5175146
62;62001;60009;61005;1.63418E-09;1;ОС-1:;состояние1_k-19.sig;1 дополнительное:;состояние2_k-22.sig;0.01103523;0.007993223;1.092234;273;2.057574;341;1.346204;3.149408;273;0.9653399
62;62001;60009;61005;1.63418E-09;1;ОС-1:;состояние1_k-19.sig;1 дополнительное:;состояние2_k-23.sig;0.01103523;0.02286745;1.092234;273;2.339907;319;1.530789;3.427077;167;1.247673
62;62001;60009;61005;1.63418E-09;1;ОС-1:;состояние1_k-19.sig;1 дополнительное:;состояние2_k-24.sig;0.01103523;0.01993332;1.092234;273;2.421202;49;1.623057;3.512557;299;1.328969
62;62001;60009;61005;1.63418E-09;1;ОС-1:;состояние1_k-19.sig;1 дополнительное:;состояние2_k-25.sig;0.01103523;0;1.092234;273;2.303289;1;1.573055;3.392626;221;1.211055
62;62001;60009;61005;1.63418E-09;1;ОС-1:;состояние1_k-19.sig;1 дополнительное:;состояние2_k-26.sig;0.01103523;-0.01795289;1.092234;273;2.009596;341;1.397528;3.101362;168;0.9173622
62;62001;60009;61005;1.63418E-09;1;ОС-1:;состояние1_k-19.sig;1 дополнительное:;состояние2_k-27.sig;0.01103523;-0.01976725;1.092234;273;1.576068;656;1.146886;2.666375;378;0.4838344
62;62001;60009;61005;1.63418E-09;1;ОС-1:;состояние1_k-19.sig;1 дополнительное:;состояние2_k-28.sig;0.01103523;-0.009798194;1.092234;273;1.049657;127;0.8776883;2.139428;431;0.04257679
62;62001;60009;61005;1.63418E-09;1;ОС-1:;состояние1_k-19.sig;1 дополнительное:;состояние2_k-29.sig;0.01103523;-0.001425311;1.092234;273;0.4825603;255;0.7337601;1.57023;273;0.6096734
62;62001;60009;61005;1.63418E-09;1;ОС-1:;состояние1_k-19.sig;1 дополнительное:;состояние2_k-30.sig;0.01103523;0;1.092234;273;0.09777852;62;0.6982849;1.188734;378;0.9944552
62;62001;60009;61005;1.63418E-09;1;ОС-1:;состояние1_k-19.sig;1 дополнительное:;состояние2_k-31.sig;0.01103523;0.0002569472;1.092234;273;0.5860878;375;0.7398533;1.674451;246;0.5061458
62;62001;60009;61005;1.63418E-09;1;ОС-1:;состояние1_k-19.sig;1 дополнительное:;состояние2_k-32.sig;0.01103523;0.004777986;1.092234;273;0.9921066;77;0.8383186;2.077257;62;0.1001271
62;62001;60009;61005;1.63418E-09;1;ОС-1:;состояние1_k-19.sig;1 дополнительное:;состояние2_k-33.sig;0.01103523;0.01001699;1.092234;273;1.274767;161;0.9573335;2.358181;115;0.1825335
62;62001;60009;61005;1.63418E-09;1;ОС-1:;состояние1_k-19.sig;1 дополнительное:;состояние2_k-34.sig;0.01103523;0.008618481;1.092234;273;1.416625;240;1.041896;2.507518;431;0.3243916
62;62001;60009;61005;1.63418E-09;1;ОС-1:;состояние1_k-19.sig;1 дополнительное:;состояние2_k-35.sig;0.01103523;0;1.092234;273;1.414637;86;1.04809;2.501693;457;0.322403
62;62001;60009;61005;1.63418E-09;1;ОС-1:;состояние1_k-19.sig;1 дополнительное:;состояние2_k-36.sig;0.01103523;-0.008205353;1.092234;273;1.27862;246;0.9799252;2.370116;10;0.186386
62;62001;60009;61005;1.63418E-09;1;ОС-1:;состояние1_k-19.sig;1 дополнительное:;состояние2_k-37.sig;0.01103523;-0.009213146;1.092234;273;1.029364;100;0.8749117;2.11625;168;0.06286991
62;62001;60009;61005;1.63418E-09;1;ОС-1:;состояние1_k-19.sig;1 дополнительное:;состояние2_k-38.sig;0.01103523;-0.004458014;1.092234;273;0.6972892;409;0.7619756;1.682835;92;0.3949444
62;62001;60009;61005;1.63418E-09;1;ОС-1:;состояние1_k-19.sig;1 дополнительное:;состояние2_k-39.sig;0.01103523;-0.0003900099;1.092234;273;0.3228598;317;0.7130917;1.412377;484;0.7693738
62;62001;60009;61005;1.63418E-09;1;ОС-1:;состояние1_k-19.sig;1 дополнительное:;состояние2_k-40.sig;0.01103523;-2.568588E-08;1.092234;273;0.1340736;22;0.6997567;1.227135;10;0.9581601
62;62001;60009;61005;1.63418E-09;1;ОС-1:;состояние1_k-20.sig;1 дополнительное:;состояние2_k-21.sig;0;-0.004809768;1.136194;45;1.609748;223;1.273672;2.741138;295;0.4735547
62;62001;60009;61005;1.63418E-09;1;ОС-1:;состояние1_k-20.sig;1 дополнительное:;состояние2_k-22.sig;0;0.007993223;1.136194;45;2.057574;341;1.449522;3.18717;45;0.92138
62;62001;60009;61005;1.63418E-09;1;ОС-1:;состояние1_k-20.sig;1 дополнительное:;состояние2_k-23.sig;0;0.02286745;1.136194;45;2.339907;319;1.568119;3.475846;645;1.203713
62;62001;60009;61005;1.63418E-09;1;ОС-1:;состояние1_k-20.sig;1 дополнительное:;состояние2_k-24.sig;0;0.01993332;1.136194;45;2.421202;49;1.609448;3.557435;195;1.285009
62;62001;60009;61005;1.63418E-09;1;ОС-1:;состояние1_k-20.sig;1 дополнительное:;состояние2_k-25.sig;0;0;1.136194;45;2.303289;1;1.557303;3.433007;121;1.167095
62;62001;60009;61005;1.63418E-09;1;ОС-1:;состояние1_k-20.sig;1 дополнительное:;состояние2_k-26.sig;0;-0.01795289;1.136194;45;2.009596;341;1.407348;3.145443;245;0.8734024
62;62001;60009;61005;1.63418E-09;1;ОС-1:;состояние1_k-20.sig;1 дополнительное:;состояние2_k-27.sig;0;-0.01976725;1.136194;45;1.576068;656;1.177892;2.712073;45;0.4398745
62;62001;60009;61005;1.63418E-09;1;ОС-1:;состояние1_k-20.sig;1 дополнительное:;состояние2_k-28.sig;0;-0.009798194;1.136194;45;1.049657;127;0.9084857;2.185709;20;0.08653665
62;62001;60009;61005;1.63418E-09;1;ОС-1:;состояние1_k-20.sig;1 дополнительное:;состояние2_k-29.sig;0;-0.001425311;1.136194;45;0.4825603;255;0.7625276;1.617819;445;0.6536332
62;62001;60009;61005;1.63418E-09;1;ОС-1:;состояние1_k-20.sig;1 дополнительное:;состояние2_k-30.sig;0;0;1.136194;45;0.09777852;62;0.7245002;1.233838;45;1.038415
62;62001;60009;61005;1.63418E-09;1;ОС-1:;состояние1_k-20.sig;1 дополнительное:;состояние2_k-31.sig;0;0.0002569472;1.136194;45;0.5860878;375;0.7759435;1.721962;20;0.5501057
62;62001;60009;61005;1.63418E-09;1;ОС-1:;состояние1_k-20.sig;1 дополнительное:;состояние2_k-32.sig;0;0.004777986;1.136194;45;0.9921066;77;0.870248;2.12163;171;0.144087
62;62001;60009;61005;1.63418E-09;1;ОС-1:;состояние1_k-20.sig;1 дополнительное:;состояние2_k-33.sig;0;0.01001699;1.136194;45;1.274767;161;0.9772471;2.410641;70;0.1385736
62;62001;60009;61005;1.63418E-09;1;ОС-1:;состояние1_k-20.sig;1 дополнительное:;состояние2_k-34.sig;0;0.008618481;1.136194;45;1.416625;240;1.047987;2.546084;196;0.2804317
62;62001;60009;61005;1.63418E-09;1;ОС-1:;состояние1_k-20.sig;1 дополнительное:;состояние2_k-35.sig;0;0;1.136194;45;1.414637;86;1.052592;2.529456;171;0.2784431
62;62001;60009;61005;1.63418E-09;1;ОС-1:;состояние1_k-20.sig;1 дополнительное:;состояние2_k-36.sig;0;-0.008205353;1.136194;45;1.27862;246;0.9954318;2.382303;94;0.1424261
62;62001;60009;61005;1.63418E-09;1;ОС-1:;состояние1_k-20.sig;1 дополнительное:;состояние2_k-37.sig;0;-0.009213146;1.136194;45;1.029364;100;0.8983405;2.163337;370;0.1068298
62;62001;60009;61005;1.63418E-09;1;ОС-1:;состояние1_k-20.sig;1 дополнительное:;состояние2_k-38.sig;0;-0.004458014;1.136194;45;0.6972892;409;0.8007395;1.828847;120;0.4389043
62;62001;60009;61005;1.63418E-09;1;ОС-1:;состояние1_k-20.sig;1 дополнительное:;состояние2_k-39.sig;0;-0.0003900099;1.136194;45;0.3228598;317;0.7381552;1.457148;420;0.8133337
62;62001;60009;61005;1.63418E-09;1;ОС-1:;состояние1_k-20.sig;1 дополнительное:;состояние2_k-40.sig;0;-2.568588E-08;1.136194;45;0.1340736;22;0.7267985;1.255558;21;1.00212
62;62002;59004;57006;-1.146836E-09;1;ОС-1:;состояние1_k-1.sig;1 дополнительное:;состояние2_k-21.sig;0.2823903;0.008325131;1.266336;351;0.7882928;778;0.8333999;2.041952;373;0.4780433
62;62002;59004;57006;-1.146836E-09;1;ОС-1:;состояние1_k-1.sig;1 дополнительное:;состояние2_k-22.sig;0.2823903;0.005571375;1.266336;351;0.4435924;235;0.7621594;1.709171;349;0.8227437
62;62002;59004;57006;-1.146836E-09;1;ОС-1:;состояние1_k-1.sig;1 дополнительное:;состояние2_k-23.sig;0.2823903;0.0005927702;1.266336;351;0.20063;129;0.7325704;1.459517;368;1.065706
62;62002;59004;57006;-1.146836E-09;1;ОС-1:;состояние1_k-1.sig;1 дополнительное:;состояние2_k-24.sig;0.2823903;-0.0009438865;1.266336;351;0.1033561;27;0.7257683;1.366362;340;1.16298
62;62002;59004;57006;-1.146836E-09;1;ОС-1:;состояние1_k-1.sig;1 дополнительное:;состояние2_k-25.sig;0.2823903;0;1.266336;351;0.1434814;15;0.7296749;1.409373;355;1.122855
62;62002;59004;57006;-1.146836E-09;1;ОС-1:;состояние1_k-1.sig;1 дополнительное:;состояние2_k-26.sig;0.2823903;0.0004179752;1.266336;351;0.1681219;7;0.7300083;1.427413;334;1.098214
62;62002;59004;57006;-1.146836E-09;1;ОС-1:;состояние1_k-1.sig;1 дополнительное:;состояние2_k-27.sig;0.2823903;-0.0002731053;1.266336;351;0.1523455;408;0.7282314;1.418205;352;1.113991
62;62002;59004;57006;-1.146836E-09;1;ОС-1:;состояние1_k-1.sig;1 дополнительное:;состояние2_k-28.sig;0.2823903;-0.00068597;1.266336;351;0.1058609;102;0.7265289;1.365129;334;1.160475
62;62002;59004;57006;-1.146836E-09;1;ОС-1:;состояние1_k-1.sig;1 дополнительное:;состояние2_k-29.sig;0.2823903;-0.0002657241;1.266336;351;0.04206861;748;0.7262106;1.308252;351;1.224267
62;62002;59004;57006;-1.146836E-09;1;ОС-1:;состояние1_k-1.sig;1 дополнительное:;состояние2_k-30.sig;0.2823903;0;1.266336;351;0.02688983;36;0.7255149;1.293049;353;1.239446
62;62002;59004;57006;-1.146836E-09;1;ОС-1:;состояние1_k-1.sig;1 дополнительное:;состояние2_k-31.sig;0.2823903;-0.0006602637;1.266336;351;0.08855904;610;0.7269282;1.349392;336;1.177777
62;62002;59004;57006;-1.146836E-09;1;ОС-1:;состояние1_k-1.sig;1 дополнительное:;состояние2_k-32.sig;0.2823903;-0.001578489;1.266336;351;0.1353021;55;0.7264863;1.401474;352;1.131034
62;62002;59004;57006;-1.146836E-09;1;ОС-1:;состояние1_k-1.sig;1 дополнительное:;состояние2_k-33.sig;0.2823903;-0.001623046;1.266336;351;0.1614474;291;0.7280623;1.422027;337;1.104889
62;62002;59004;57006;-1.146836E-09;1;ОС-1:;состояние1_k-1.sig;1 дополнительное:;состояние2_k-34.sig;0.2823903;-0.0007590126;1.266336;351;0.1642083;425;0.7288581;1.429715;351;1.102128
62;62002;59004;57006;-1.146836E-09;1;ОС-1:;состояние1_k-1.sig;1 дополнительное:;состояние2_k-35.sig;0.2823903;0;1.266336;351;0.1438408;37;0.7285938;1.405439;337;1.122495
62;62002;59004;57006;-1.146836E-09;1;ОС-1:;состояние1_k-1.sig;1 дополнительное:;состояние2_k-36.sig;0.2823903;8.034835E-06;1.266336;351;0.1032237;87;0.7269018;1.369558;351;1.163112
62;62002;59004;57006;-1.146836E-09;1;ОС-1:;состояние1_k-1.sig;1 дополнительное:;состояние2_k-37.sig;0.2823903;-0.0002732385;1.266336;351;0.04898305;620;0.7244093;1.311509;363;1.217353
62;62002;59004;57006;-1.146836E-09;1;ОС-1:;состояние1_k-1.sig;1 дополнительное:;состояние2_k-38.sig;0.2823903;-0.0001326741;1.266336;351;0.03509432;434;0.7253551;1.299501;342;1.231242
62;62002;59004;57006;-1.146836E-09;1;ОС-1:;состояние1_k-1.sig;1 дополнительное:;состояние2_k-39.sig;0.2823903;0.000251115;1.266336;351;0.1006994;58;0.7268807;1.366872;353;1.165637
62;62002;59004;57006;-1.146836E-09;1;ОС-1:;состояние1_k-1.sig;1 дополнительное:;состояние2_k-40.sig;0.2823903;-6.742775E-09;1.266336;351;0.1681353;2;0.7298847;1.432734;340;1.098201
62;62002;59004;57006;-1.146836E-09;1;ОС-1:;состояние1_k-2.sig;1 дополнительное:;состояние2_k-21.sig;0.3854016;0.008325131;2.489173;101;0.7882928;778;1.605674;3.275669;349;1.700881
62;62002;59004;57006;-1.146836E-09;1;ОС-1:;состояние1_k-2.sig;1 дополнительное:;состояние2_k-22.sig;0.3854016;0.005571375;2.489173;101;0.4435924;235;1.595603;2.853054;120;2.045581
62;62002;59004;57006;-1.146836E-09;1;ОС-1:;состояние1_k-2.sig;1 дополнительное:;состояние2_k-23.sig;0.3854016;0.0005927702;2.489173;101;0.20063;129;1.575777;2.686264;347;2.288543
62;62002;59004;57006;-1.146836E-09;1;ОС-1:;состояние1_k-2.sig;1 дополнительное:;состояние2_k-24.sig;0.3854016;-0.0009438865;2.489173;101;0.1033561;27;1.575803;2.577529;359;2.385817
62;62002;59004;57006;-1.146836E-09;1;ОС-1:;состояние1_k-2.sig;1 дополнительное:;состояние2_k-25.sig;0.3854016;0;2.489173;101;0.1434814;15;1.572505;2.626119;595;2.345692
62;62002;59004;57006;-1.146836E-09;1;ОС-1:;состояние1_k-2.sig;1 дополнительное:;состояние2_k-26.sig;0.3854016;0.0004179752;2.489173;101;0.1681219;7;1.578977;2.65629;103;2.321052
62;62002;59004;57006;-1.146836E-09;1;ОС-1:;состояние1_k-2.sig;1 дополнительное:;состояние2_k-27.sig;0.3854016;-0.0002731053;2.489173;101;0.1523455;408;1.572772;2.631082;94;2.336828
62;62002;59004;57006;-1.146836E-09;1;ОС-1:;состояние1_k-2.sig;1 дополнительное:;состояние2_k-28.sig;0.3854016;-0.00068597;2.489173;101;0.1058609;102;1.574864;2.594748;352;2.383312
62;62002;59004;57006;-1.146836E-09;1;ОС-1:;состояние1_k-2.sig;1 дополнительное:;состояние2_k-29.sig;0.3854016;-0.0002657241;2.489173;101;0.04206861;748;1.574315;2.52151;595;2.447105
62;62002;59004;57006;-1.146836E-09;1;ОС-1:;состояние1_k-2.sig;1 дополнительное:;состояние2_k-30.sig;0.3854016;0;2.489173;101;0.02688983;36;1.574372;2.486216;91;2.462284
62;62002;59004;57006;-1.146836E-09;1;ОС-1:;состояние1_k-2.sig;1 дополнительное:;состояние2_k-31.sig;0.3854016;-0.0006602637;2.489173;101;0.08855904;610;1.573063;2.577443;352;2.400614
62;62002;59004;57006;-1.146836E-09;1;ОС-1:;состояние1_k-2.sig;1 дополнительное:;состояние2_k-32.sig;0.3854016;-0.001578489;2.489173;101;0.1353021;55;1.575217;2.624061;102;2.353871
62;62002;59004;57006;-1.146836E-09;1;ОС-1:;состояние1_k-2.sig;1 дополнительное:;состояние2_k-33.sig;0.3854016;-0.001623046;2.489173;101;0.1614474;291;1.575745;2.649805;352;2.327726
62;62002;59004;57006;-1.146836E-09;1;ОС-1:;состояние1_k-2.sig;1 дополнительное:;состояние2_k-34.sig;0.3854016;-0.0007590126;2.489173;101;0.1642083;425;1.567494;2.615999;87;2.324965
62;62002;59004;57006;-1.146836E-09;1;ОС-1:;состояние1_k-2.sig;1 дополнительное:;состояние2_k-35.sig;0.3854016;0;2.489173;101;0.1438408;37;1.574552;2.632727;351;2.345333
62;62002;59004;57006;-1.146836E-09;1;ОС-1:;состояние1_k-2.sig;1 дополнительное:;состояние2_k-36.sig;0.3854016;8.034835E-06;2.489173;101;0.1032237;87;1.573794;2.592396;101;2.38595
62;62002;59004;57006;-1.146836E-09;1;ОС-1:;состояние1_k-2.sig;1 дополнительное:;состояние2_k-37.sig;0.3854016;-0.0002732385;2.489173;101;0.04898305;620;1.573174;2.537951;350;2.44019
62;62002;59004;57006;-1.146836E-09;1;ОС-1:;состояние1_k-2.sig;1 дополнительное:;состояние2_k-38.sig;0.3854016;-0.0001326741;2.489173;101;0.03509432;434;1.573031;2.521083;104;2.454079
62;62002;59004;57006;-1.146836E-09;1;ОС-1:;состояние1_k-2.sig;1 дополнительное:;состояние2_k-39.sig;0.3854016;0.000251115;2.489173;101;0.1006994;58;1.574482;2.586247;97;2.388474
62;62002;59004;57006;-1.146836E-09;1;ОС-1:;состояние1_k-2.sig;1 дополнительное:;состояние2_k-40.sig;0.3854016;-6.742775E-09;2.489173;101;0.1681353;2;1.575168;2.657022;352;2.321038
62;62002;59004;57006;-1.146836E-09;1;ОС-1:;состояние1_k-3.sig;1 дополнительное:;состояние2_k-21.sig;0.2776995;0.008325131;3.627135;684;0.7882928;778;2.35751;4.121855;38;2.838842
62;62002;59004;57006;-1.146836E-09;1;ОС-1:;состояние1_k-3.sig;1 дополнительное:;состояние2_k-22.sig;0.2776995;0.005571375;3.627135;684;0.4435924;235;2.289618;4.06804;349;3.183543
62;62002;59004;57006;-1.146836E-09;1;ОС-1:;состояние1_k-3.sig;1 дополнительное:;состояние2_k-23.sig;0.2776995;0.0005927702;3.627135;684;0.20063;129;2.290254;3.823328;20;3.426505
62;62002;59004;57006;-1.146836E-09;1;ОС-1:;состояние1_k-3.sig;1 дополнительное:;состояние2_k-24.sig;0.2776995;-0.0009438865;3.627135;684;0.1033561;27;2.289378;3.693664;190;3.523779
62;62002;59004;57006;-1.146836E-09;1;ОС-1:;состояние1_k-3.sig;1 дополнительное:;состояние2_k-25.sig;0.2776995;0;3.627135;684;0.1434814;15;2.286648;3.763107;354;3.483654
62;62002;59004;57006;-1.146836E-09;1;ОС-1:;состояние1_k-3.sig;1 дополнительное:;состояние2_k-26.sig;0.2776995;0.0004179752;3.627135;684;0.1681219;7;2.284877;3.787083;681;3.459013
62;62002;59004;57006;-1.146836E-09;1;ОС-1:;состояние1_k-3.sig;1 дополнительное:;состояние2_k-27.sig;0.2776995;-0.0002731053;3.627135;684;0.1523455;408;2.29738;3.778071;352;3.47479
62;62002;59004;57006;-1.146836E-09;1;ОС-1:;состояние1_k-3.sig;1 дополнительное:;состояние2_k-28.sig;0.2776995;-0.00068597;3.627135;684;0.1058609;102;2.286768;3.722785;14;3.521274
62;62002;59004;57006;-1.146836E-09;1;ОС-1:;состояние1_k-3.sig;1 дополнительное:;состояние2_k-29.sig;0.2776995;-0.0002657241;3.627135;684;0.04206861;748;2.287181;3.669024;351;3.585067
62;62002;59004;57006;-1.146836E-09;1;ОС-1:;состояние1_k-3.sig;1 дополнительное:;состояние2_k-30.sig;0.2776995;0;3.627135;684;0.02688983;36;2.287156;3.653043;685;3.600245
62;62002;59004;57006;-1.146836E-09;1;ОС-1:;состояние1_k-3.sig;1 дополнительное:;состояние2_k-31.sig;0.2776995;-0.0006602637;3.627135;684;0.08855904;610;2.286993;3.707137;14;3.538576
62;62002;59004;57006;-1.146836E-09;1;ОС-1:;состояние1_k-3.sig;1 дополнительное:;состояние2_k-32.sig;0.2776995;-0.001578489;3.627135;684;0.1353021;55;2.286886;3.761341;352;3.491833
62;62002;59004;57006;-1.146836E-09;1;ОС-1:;состояние1_k-3.sig;1 дополнительное:;состояние2_k-33.sig;0.2776995;-0.001623046;3.627135;684;0.1614474;291;2.296508;3.677991;172;3.465688
62;62002;59004;57006;-1.146836E-09;1;ОС-1:;состояние1_k-3.sig;1 дополнительное:;состояние2_k-34.sig;0.2776995;-0.0007590126;3.627135;684;0.1642083;425;2.285683;3.790487;351;3.462927
62;62002;59004;57006;-1.146836E-09;1;ОС-1:;состояние1_k-3.sig;1 дополнительное:;состояние2_k-35.sig;0.2776995;0;3.627135;684;0.1438408;37;2.285384;3.760281;181;3.483294
62;62002;59004;57006;-1.146836E-09;1;ОС-1:;состояние1_k-3.sig;1 дополнительное:;состояние2_k-36.sig;0.2776995;8.034835E-06;3.627135;684;0.1032237;87;2.287144;3.73033;351;3.523911
62;62002;59004;57006;-1.146836E-09;1;ОС-1:;состояние1_k-3.sig;1 дополнительное:;состояние2_k-37.sig;0.2776995;-0.0002732385;3.627135;684;0.04898305;620;2.287534;3.670596;186;3.578152
62;62002;59004;57006;-1.146836E-09;1;ОС-1:;состояние1_k-3.sig;1 дополнительное:;состояние2_k-38.sig;0.2776995;-0.0001326741;3.627135;684;0.03509432;434;2.287121;3.66223;684;3.592041
62;62002;59004;57006;-1.146836E-09;1;ОС-1:;состояние1_k-3.sig;1 дополнительное:;состояние2_k-39.sig;0.2776995;0.000251115;3.627135;684;0.1006994;58;2.291039;3.725379;186;3.526436
62;62002;59004;57006;-1.146836E-09;1;ОС-1:;состояние1_k-3.sig;1 дополнительное:;состояние2_k-40.sig;0.2776995;-6.742775E-09;3.627135;684;0.1681353;2;2.285878;3.79262;15;3.459
62;62002;59004;57006;-1.146836E-09;1;ОС-1:;состояние1_k-4.sig;1 дополнительное:;состояние2_k-21.sig;0.09204161;0.008325131;4.642817;226;0.7882928;778;2.912546;5.428006;350;3.854524
62;62002;59004;57006;-1.146836E-09;1;ОС-1:;состояние1_k-4.sig;1 дополнительное:;состояние2_k-22.sig;0.09204161;0.005571375;4.642817;226;0.4435924;235;2.890164;5.081252;99;4.199224
62;62002;59004;57006;-1.146836E-09;1;ОС-1:;состояние1_k-4.sig;1 дополнительное:;состояние2_k-23.sig;0.09204161;0.0005927702;4.642817;226;0.20063;129;2.882857;4.827002;348;4.442186
62;62002;59004;57006;-1.146836E-09;1;ОС-1:;состояние1_k-4.sig;1 дополнительное:;состояние2_k-24.sig;0.09204161;-0.0009438865;4.642817;226;0.1033561;27;2.88018;4.689613;105;4.539461
62;62002;59004;57006;-1.146836E-09;1;ОС-1:;состояние1_k-4.sig;1 дополнительное:;состояние2_k-25.sig;0.09204161;0;4.642817;226;0.1434814;15;2.879953;4.785525;475;4.499335
62;62002;59004;57006;-1.146836E-09;1;ОС-1:;состояние1_k-4.sig;1 дополнительное:;состояние2_k-26.sig;0.09204161;0.0004179752;4.642817;226;0.1681219;7;2.881266;4.805896;352;4.474695
62;62002;59004;57006;-1.146836E-09;1;ОС-1:;состояние1_k-4.sig;1 дополнительное:;состояние2_k-27.sig;0.09204161;-0.0002731053;4.642817;226;0.1523455;408;2.883282;4.787637;724;4.490471
62;62002;59004;57006;-1.146836E-09;1;ОС-1:;состояние1_k-4.sig;1 дополнительное:;состояние2_k-28.sig;0.09204161;-0.00068597;4.642817;226;0.1058609;102;2.871413;4.746982;101;4.536956
62;62002;59004;57006;-1.146836E-09;1;ОС-1:;состояние1_k-4.sig;1 дополнительное:;состояние2_k-29.sig;0.09204161;-0.0002657241;4.642817;226;0.04206861;748;2.882259;4.673144;727;4.600748
62;62002;59004;57006;-1.146836E-09;1;ОС-1:;состояние1_k-4.sig;1 дополнительное:;состояние2_k-30.sig;0.09204161;0;4.642817;226;0.02688983;36;2.880861;4.668401;101;4.615927
62;62002;59004;57006;-1.146836E-09;1;ОС-1:;состояние1_k-4.sig;1 дополнительное:;состояние2_k-31.sig;0.09204161;-0.0006602637;4.642817;226;0.08855904;610;2.880812;4.72986;351;4.554257
62;62002;59004;57006;-1.146836E-09;1;ОС-1:;состояние1_k-4.sig;1 дополнительное:;состояние2_k-32.sig;0.09204161;-0.001578489;4.642817;226;0.1353021;55;2.882462;4.776623;226;4.507514
62;62002;59004;57006;-1.146836E-09;1;ОС-1:;состояние1_k-4.sig;1 дополнительное:;состояние2_k-33.sig;0.09204161;-0.001623046;4.642817;226;0.1614474;291;2.882326;4.802977;351;4.481369
62;62002;59004;57006;-1.146836E-09;1;ОС-1:;состояние1_k-4.sig;1 дополнительное:;состояние2_k-34.sig;0.09204161;-0.0007590126;4.642817;226;0.1642083;425;2.88232;4.806195;101;4.478608
62;62002;59004;57006;-1.146836E-09;1;ОС-1:;состояние1_k-4.sig;1 дополнительное:;состояние2_k-35.sig;0.09204161;0;4.642817;226;0.1438408;37;2.882073;4.78637;351;4.498976
62;62002;59004;57006;-1.146836E-09;1;ОС-1:;состояние1_k-4.sig;1 дополнительное:;состояние2_k-36.sig;0.09204161;8.034835E-06;4.642817;226;0.1032237;87;2.872451;4.577896;93;4.539593
62;62002;59004;57006;-1.146836E-09;1;ОС-1:;состояние1_k-4.sig;1 дополнительное:;состояние2_k-37.sig;0.09204161;-0.0002732385;4.642817;226;0.04898305;620;2.881719;4.690929;350;4.593833
62;62002;59004;57006;-1.146836E-09;1;ОС-1:;состояние1_k-4.sig;1 дополнительное:;состояние2_k-38.sig;0.09204161;-0.0001326741;4.642817;226;0.03509432;434;2.880925;4.674898;475;4.607722
62;62002;59004;57006;-1.146836E-09;1;ОС-1:;состояние1_k-4.sig;1 дополнительное:;состояние2_k-39.sig;0.09204161;0.000251115;4.642817;226;0.1006994;58;2.880183;4.74243;225;4.542117
62;62002;59004;57006;-1.146836E-09;1;ОС-1:;состояние1_k-4.sig;1 дополнительное:;состояние2_k-40.sig;0.09204161;-6.742775E-09;4.642817;226;0.1681353;2;2.881295;4.808791;102;4.474681
62;62002;59004;57006;-1.146836E-09;1;ОС-1:;состояние1_k-5.sig;1 дополнительное:;состояние2_k-21.sig;0;0.008325131;5.504792;151;0.7882928;778;3.518725;6.270063;253;4.716499
62;62002;59004;57006;-1.146836E-09;1;ОС-1:;состояние1_k-5.sig;1 дополнительное:;состояние2_k-22.sig;0;0.005571375;5.504792;151;0.4435924;235;3.513042;5.939487;349;5.0612
62;62002;59004;57006;-1.146836E-09;1;ОС-1:;состояние1_k-5.sig;1 дополнительное:;состояние2_k-23.sig;0;0.0005927702;5.504792;151;0.20063;129;3.509717;5.705289;151;5.304162
62;62002;59004;57006;-1.146836E-09;1;ОС-1:;состояние1_k-5.sig;1 дополнительное:;состояние2_k-24.sig;0;-0.0009438865;5.504792;151;0.1033561;27;3.50528;5.60725;651;5.401436
62;62002;59004;57006;-1.146836E-09;1;ОС-1:;состояние1_k-5.sig;1 дополнительное:;состояние2_k-25.sig;0;0;5.504792;151;0.1434814;15;3.519758;5.631426;52;5.361311
62;62002;59004;57006;-1.146836E-09;1;ОС-1:;состояние1_k-5.sig;1 дополнительное:;состояние2_k-26.sig;0;0.0004179752;5.504792;151;0.1681219;7;3.50057;5.637994;48;5.33667
62;62002;59004;57006;-1.146836E-09;1;ОС-1:;состояние1_k-5.sig;1 дополнительное:;состояние2_k-27.sig;0;-0.0002731053;5.504792;151;0.1523455;408;3.502151;5.652657;352;5.352447
62;62002;59004;57006;-1.146836E-09;1;ОС-1:;состояние1_k-5.sig;1 дополнительное:;состояние2_k-28.sig;0;-0.00068597;5.504792;151;0.1058609;102;3.503824;5.605336;550;5.398932
62;62002;59004;57006;-1.146836E-09;1;ОС-1:;состояние1_k-5.sig;1 дополнительное:;состояние2_k-29.sig;0;-0.0002657241;5.504792;151;0.04206861;748;3.504507;5.546709;351;5.462724
62;62002;59004;57006;-1.146836E-09;1;ОС-1:;состояние1_k-5.sig;1 дополнительное:;состояние2_k-30.sig;0;0;5.504792;151;0.02688983;36;3.504593;5.530377;151;5.477902
62;62002;59004;57006;-1.146836E-09;1;ОС-1:;состояние1_k-5.sig;1 дополнительное:;состояние2_k-31.sig;0;-0.0006602637;5.504792;151;0.08855904;610;3.504691;5.589244;450;5.416233
62;62002;59004;57006;-1.146836E-09;1;ОС-1:;состояние1_k-5.sig;1 дополнительное:;состояние2_k-32.sig;0;-0.001578489;5.504792;151;0.1353021;55;3.504663;5.638599;351;5.36949
62;62002;59004;57006;-1.146836E-09;1;ОС-1:;состояние1_k-5.sig;1 дополнительное:;состояние2_k-33.sig;0;-0.001623046;5.504792;151;0.1614474;291;3.503987;5.65789;50;5.343345
62;62002;59004;57006;-1.146836E-09;1;ОС-1:;состояние1_k-5.sig;1 дополнительное:;состояние2_k-34.sig;0;-0.0007590126;5.504792;151;0.1642083;425;3.502648;5.668171;351;5.340584
62;62002;59004;57006;-1.146836E-09;1;ОС-1:;состояние1_k-5.sig;1 дополнительное:;состояние2_k-35.sig;0;0;5.504792;151;0.1438408;37;3.517505;5.388287;45;5.360951
62;62002;59004;57006;-1.146836E-09;1;ОС-1:;состояние1_k-5.sig;1 дополнительное:;состояние2_k-36.sig;0;8.034835E-06;5.504792;151;0.1032237;87;3.50278;5.608015;351;5.401568
62;62002;59004;57006;-1.146836E-09;1;ОС-1:;состояние1_k-5.sig;1 дополнительное:;состояние2_k-37.sig;0;-0.0002732385;5.504792;151;0.04898305;620;3.50406;5.551093;51;5.455809
62;62002;59004;57006;-1.146836E-09;1;ОС-1:;состояние1_k-5.sig;1 дополнительное:;состояние2_k-38.sig;0;-0.0001326741;5.504792;151;0.03509432;434;3.504925;5.538482;251;5.469698
62;62002;59004;57006;-1.146836E-09;1;ОС-1:;состояние1_k-5.sig;1 дополнительное:;состояние2_k-39.sig;0;0.000251115;5.504792;151;0.1006994;58;3.505183;5.599105;352;5.404093
62;62002;59004;57006;-1.146836E-09;1;ОС-1:;состояние1_k-5.sig;1 дополнительное:;состояние2_k-40.sig;0;-6.742775E-09;5.504792;151;0.1681353;2;3.50582;5.668887;52;5.336657
62;62002;59004;57006;-1.146836E-09;1;ОС-1:;состояние1_k-6.sig;1 дополнительное:;состояние2_k-21.sig;0.0636813;0.008325131;6.189011;434;0.7882928;778;4.026076;6.972543;350;5.400718
62;62002;59004;57006;-1.146836E-09;1;ОС-1:;состояние1_k-6.sig;1 дополнительное:;состояние2_k-22.sig;0.0636813;0.005571375;6.189011;434;0.4435924;235;4.020217;6.568839;187;5.745419
62;62002;59004;57006;-1.146836E-09;1;ОС-1:;состояние1_k-6.sig;1 дополнительное:;состояние2_k-23.sig;0.0636813;0.0005927702;6.189011;434;0.20063;129;4.012937;6.377051;518;5.988381
62;62002;59004;57006;-1.146836E-09;1;ОС-1:;состояние1_k-6.sig;1 дополнительное:;состояние2_k-24.sig;0.0636813;-0.0009438865;6.189011;434;0.1033561;27;4.01192;6.216532;19;6.085655
62;62002;59004;57006;-1.146836E-09;1;ОС-1:;состояние1_k-6.sig;1 дополнительное:;состояние2_k-25.sig;0.0636813;0;6.189011;434;0.1434814;15;4.01557;6.331702;434;6.04553
62;62002;59004;57006;-1.146836E-09;1;ОС-1:;состояние1_k-6.sig;1 дополнительное:;состояние2_k-26.sig;0.0636813;0.0004179752;6.189011;434;0.1681219;7;4.016815;6.347384;102;6.020889
62;62002;59004;57006;-1.146836E-09;1;ОС-1:;состояние1_k-6.sig;1 дополнительное:;состояние2_k-27.sig;0.0636813;-0.0002731053;6.189011;434;0.1523455;408;4.014387;6.337158;518;6.036665
62;62002;59004;57006;-1.146836E-09;1;ОС-1:;состояние1_k-6.sig;1 дополнительное:;состояние2_k-28.sig;0.0636813;-0.00068597;6.189011;434;0.1058609;102;4.011706;6.292925;351;6.08315
62;62002;59004;57006;-1.146836E-09;1;ОС-1:;состояние1_k-6.sig;1 дополнительное:;состояние2_k-29.sig;0.0636813;-0.0002657241;6.189011;434;0.04206861;748;4.012431;6.228259;767;6.146943
62;62002;59004;57006;-1.146836E-09;1;ОС-1:;состояние1_k-6.sig;1 дополнительное:;состояние2_k-30.sig;0.0636813;0;6.189011;434;0.02688983;36;4.011277;6.163997;184;6.162121
62;62002;59004;57006;-1.146836E-09;1;ОС-1:;состояние1_k-6.sig;1 дополнительное:;состояние2_k-31.sig;0.0636813;-0.0006602637;6.189011;434;0.08855904;610;4.017607;6.275804;351;6.100452
62;62002;59004;57006;-1.146836E-09;1;ОС-1:;состояние1_k-6.sig;1 дополнительное:;состояние2_k-32.sig;0.0636813;-0.001578489;6.189011;434;0.1353021;55;4.017736;6.322567;101;6.053709
62;62002;59004;57006;-1.146836E-09;1;ОС-1:;состояние1_k-6.sig;1 дополнительное:;состояние2_k-33.sig;0.0636813;-0.001623046;6.189011;434;0.1614474;291;4.016577;6.34892;351;6.027564
62;62002;59004;57006;-1.146836E-09;1;ОС-1:;состояние1_k-6.sig;1 дополнительное:;состояние2_k-34.sig;0.0636813;-0.0007590126;6.189011;434;0.1642083;425;4.015847;6.316637;16;6.024803
62;62002;59004;57006;-1.146836E-09;1;ОС-1:;состояние1_k-6.sig;1 дополнительное:;состояние2_k-35.sig;0.0636813;0;6.189011;434;0.1438408;37;4.015525;6.332314;351;6.04517
62;62002;59004;57006;-1.146836E-09;1;ОС-1:;состояние1_k-6.sig;1 дополнительное:;состояние2_k-36.sig;0.0636813;8.034835E-06;6.189011;434;0.1032237;87;4.015456;6.292042;434;6.085787
62;62002;59004;57006;-1.146836E-09;1;ОС-1:;состояние1_k-6.sig;1 дополнительное:;состояние2_k-37.sig;0.0636813;-0.0002732385;6.189011;434;0.04898305;620;4.014446;6.235962;768;6.140028
62;62002;59004;57006;-1.146836E-09;1;ОС-1:;состояние1_k-6.sig;1 дополнительное:;состояние2_k-38.sig;0.0636813;-0.0001326741;6.189011;434;0.03509432;434;4.014134;6.208519;101;6.153917
62;62002;59004;57006;-1.146836E-09;1;ОС-1:;состояние1_k-6.sig;1 дополнительное:;состояние2_k-39.sig;0.0636813;0.000251115;6.189011;434;0.1006994;58;4.015399;6.281589;185;6.088312
62;62002;59004;57006;-1.146836E-09;1;ОС-1:;состояние1_k-6.sig;1 дополнительное:;состояние2_k-40.sig;0.0636813;-6.742775E-09;6.189011;434;0.1681353;2;4.017725;6.35028;352;6.020876
62;62002;59004;57006;-1.146836E-09;1;ОС-1:;состояние1_k-7.sig;1 дополнительное:;состояние2_k-21.sig;0.1960486;0.008325131;6.679124;65;0.7882928;778;4.440954;6.006972;144;5.890831
62;62002;59004;57006;-1.146836E-09;1;ОС-1:;состояние1_k-7.sig;1 дополнительное:;состояние2_k-22.sig;0.1960486;0.005571375;6.679124;65;0.4435924;235;4.261867;7.118903;280;6.235531
62;62002;59004;57006;-1.146836E-09;1;ОС-1:;состояние1_k-7.sig;1 дополнительное:;состояние2_k-23.sig;0.1960486;0.0005927702;6.679124;65;0.20063;129;4.270549;6.876703;65;6.478494
62;62002;59004;57006;-1.146836E-09;1;ОС-1:;состояние1_k-7.sig;1 дополнительное:;состояние2_k-24.sig;0.1960486;-0.0009438865;6.679124;65;0.1033561;27;4.276345;6.776661;279;6.575768
62;62002;59004;57006;-1.146836E-09;1;ОС-1:;состояние1_k-7.sig;1 дополнительное:;состояние2_k-25.sig;0.1960486;0;6.679124;65;0.1434814;15;4.277989;6.818553;136;6.535643
62;62002;59004;57006;-1.146836E-09;1;ОС-1:;состояние1_k-7.sig;1 дополнительное:;состояние2_k-26.sig;0.1960486;0.0004179752;6.679124;65;0.1681219;7;4.276805;6.847008;65;6.511002
62;62002;59004;57006;-1.146836E-09;1;ОС-1:;состояние1_k-7.sig;1 дополнительное:;состояние2_k-27.sig;0.1960486;-0.0002731053;6.679124;65;0.1523455;408;4.274896;6.82645;351;6.526778
62;62002;59004;57006;-1.146836E-09;1;ОС-1:;состояние1_k-7.sig;1 дополнительное:;состояние2_k-28.sig;0.1960486;-0.00068597;6.679124;65;0.1058609;102;4.274376;6.782691;708;6.573263
62;62002;59004;57006;-1.146836E-09;1;ОС-1:;состояние1_k-7.sig;1 дополнительное:;состояние2_k-29.sig;0.1960486;-0.0002657241;6.679124;65;0.04206861;748;4.274523;6.720598;351;6.637055
62;62002;59004;57006;-1.146836E-09;1;ОС-1:;состояние1_k-7.sig;1 дополнительное:;состояние2_k-30.sig;0.1960486;0;6.679124;65;0.02688983;36;4.274923;6.704703;136;6.652234
62;62002;59004;57006;-1.146836E-09;1;ОС-1:;состояние1_k-7.sig;1 дополнительное:;состояние2_k-31.sig;0.1960486;-0.0006602637;6.679124;65;0.08855904;610;4.275294;6.765144;208;6.590565
62;62002;59004;57006;-1.146836E-09;1;ОС-1:;состояние1_k-7.sig;1 дополнительное:;состояние2_k-32.sig;0.1960486;-0.001578489;6.679124;65;0.1353021;55;4.27649;6.812488;351;6.543822
62;62002;59004;57006;-1.146836E-09;1;ОС-1:;состояние1_k-7.sig;1 дополнительное:;состояние2_k-33.sig;0.1960486;-0.001623046;6.679124;65;0.1614474;291;4.278969;6.835011;65;6.517676
62;62002;59004;57006;-1.146836E-09;1;ОС-1:;состояние1_k-7.sig;1 дополнительное:;состояние2_k-34.sig;0.1960486;-0.0007590126;6.679124;65;0.1642083;425;4.281547;6.84206;351;6.514915
62;62002;59004;57006;-1.146836E-09;1;ОС-1:;состояние1_k-7.sig;1 дополнительное:;состояние2_k-35.sig;0.1960486;0;6.679124;65;0.1438408;37;4.258365;6.537539;493;6.535283
62;62002;59004;57006;-1.146836E-09;1;ОС-1:;состояние1_k-7.sig;1 дополнительное:;состояние2_k-36.sig;0.1960486;8.034835E-06;6.679124;65;0.1032237;87;4.279047;6.781904;351;6.5759
62;62002;59004;57006;-1.146836E-09;1;ОС-1:;состояние1_k-7.sig;1 дополнительное:;состояние2_k-37.sig;0.1960486;-0.0002732385;6.679124;65;0.04898305;620;4.27574;6.726933;65;6.630141
62;62002;59004;57006;-1.146836E-09;1;ОС-1:;состояние1_k-7.sig;1 дополнительное:;состояние2_k-38.sig;0.1960486;-0.0001326741;6.679124;65;0.03509432;434;4.274314;6.713859;565;6.64403
62;62002;59004;57006;-1.146836E-09;1;ОС-1:;состояние1_k-7.sig;1 дополнительное:;состояние2_k-39.sig;0.1960486;0.000251115;6.679124;65;0.1006994;58;4.275208;6.775097;136;6.578424
62;62002;59004;57006;-1.146836E-09;1;ОС-1:;состояние1_k-7.sig;1 дополнительное:;состояние2_k-40.sig;0.1960486;-6.742775E-09;6.679124;65;0.1681353;2;4.276719;6.848421;65;6.510989
62;62002;59004;57006;-1.146836E-09;1;ОС-1:;состояние1_k-8.sig;1 дополнительное:;состояние2_k-21.sig;0.2542617;0.008325131;6.967518;38;0.7882928;778;4.431433;7.74931;350;6.179225
62;62002;59004;57006;-1.146836E-09;1;ОС-1:;состояние1_k-8.sig;1 дополнительное:;состояние2_k-22.sig;0.2542617;0.005571375;6.967518;38;0.4435924;235;4.424618;7.398637;100;6.523926
62;62002;59004;57006;-1.146836E-09;1;ОС-1:;состояние1_k-8.sig;1 дополнительное:;состояние2_k-23.sig;0.2542617;0.0005927702;6.967518;38;0.20063;129;4.428082;7.166459;476;6.766888
62;62002;59004;57006;-1.146836E-09;1;ОС-1:;состояние1_k-8.sig;1 дополнительное:;состояние2_k-24.sig;0.2542617;-0.0009438865;6.967518;38;0.1033561;27;4.434101;6.988874;39;6.864162
62;62002;59004;57006;-1.146836E-09;1;ОС-1:;состояние1_k-8.sig;1 дополнительное:;состояние2_k-25.sig;0.2542617;0;6.967518;38;0.1434814;15;4.445129;7.09253;38;6.824037
62;62002;59004;57006;-1.146836E-09;1;ОС-1:;состояние1_k-8.sig;1 дополнительное:;состояние2_k-26.sig;0.2542617;0.0004179752;6.967518;38;0.1681219;7;4.445883;7.125287;351;6.799397
62;62002;59004;57006;-1.146836E-09;1;ОС-1:;состояние1_k-8.sig;1 дополнительное:;состояние2_k-27.sig;0.2542617;-0.0002731053;6.967518;38;0.1523455;408;4.442212;7.11957;538;6.815173
62;62002;59004;57006;-1.146836E-09;1;ОС-1:;состояние1_k-8.sig;1 дополнительное:;состояние2_k-28.sig;0.2542617;-0.00068597;6.967518;38;0.1058609;102;4.438161;7.071455;101;6.861658
62;62002;59004;57006;-1.146836E-09;1;ОС-1:;состояние1_k-8.sig;1 дополнительное:;состояние2_k-29.sig;0.2542617;-0.0002657241;6.967518;38;0.04206861;748;4.43684;7.008606;663;6.92545
62;62002;59004;57006;-1.146836E-09;1;ОС-1:;состояние1_k-8.sig;1 дополнительное:;состояние2_k-30.sig;0.2542617;0;6.967518;38;0.02688983;36;4.437252;6.992874;101;6.940629
62;62002;59004;57006;-1.146836E-09;1;ОС-1:;состояние1_k-8.sig;1 дополнительное:;состояние2_k-31.sig;0.2542617;-0.0006602637;6.967518;38;0.08855904;610;4.437816;7.055542;788;6.878959
62;62002;59004;57006;-1.146836E-09;1;ОС-1:;состояние1_k-8.sig;1 дополнительное:;состояние2_k-32.sig;0.2542617;-0.001578489;6.967518;38;0.1353021;55;4.43827;7.098608;38;6.832216
62;62002;59004;57006;-1.146836E-09;1;ОС-1:;состояние1_k-8.sig;1 дополнительное:;состояние2_k-33.sig;0.2542617;-0.001623046;6.967518;38;0.1614474;291;4.43784;7.12745;351;6.806071
62;62002;59004;57006;-1.146836E-09;1;ОС-1:;состояние1_k-8.sig;1 дополнительное:;состояние2_k-34.sig;0.2542617;-0.0007590126;6.967518;38;0.1642083;425;4.43854;7.130668;101;6.80331
62;62002;59004;57006;-1.146836E-09;1;ОС-1:;состояние1_k-8.sig;1 дополнительное:;состояние2_k-35.sig;0.2542617;0;6.967518;38;0.1438408;37;4.439243;7.110843;351;6.823678
62;62002;59004;57006;-1.146836E-09;1;ОС-1:;состояние1_k-8.sig;1 дополнительное:;состояние2_k-36.sig;0.2542617;8.034835E-06;6.967518;38;0.1032237;87;4.439142;7.070512;226;6.864295
62;62002;59004;57006;-1.146836E-09;1;ОС-1:;состояние1_k-8.sig;1 дополнительное:;состояние2_k-37.sig;0.2542617;-0.0002732385;6.967518;38;0.04898305;620;4.438091;7.015393;38;6.918535
62;62002;59004;57006;-1.146836E-09;1;ОС-1:;состояние1_k-8.sig;1 дополнительное:;состояние2_k-38.sig;0.2542617;-0.0001326741;6.967518;38;0.03509432;434;4.436959;7.000975;288;6.932424
62;62002;59004;57006;-1.146836E-09;1;ОС-1:;состояние1_k-8.sig;1 дополнительное:;состояние2_k-39.sig;0.2542617;0.000251115;6.967518;38;0.1006994;58;4.43591;7.066384;788;6.866819
62;62002;59004;57006;-1.146836E-09;1;ОС-1:;состояние1_k-8.sig;1 дополнительное:;состояние2_k-40.sig;0.2542617;-6.742775E-09;6.967518;38;0.1681353;2;4.458333;7.126976;39;6.799383
62;62002;59004;57006;-1.146836E-09;1;ОС-1:;состояние1_k-9.sig;1 дополнительное:;состояние2_k-21.sig;0.1701576;0.008325131;7.0571;684;0.7882928;778;4.536065;7.659963;131;6.268807
62;62002;59004;57006;-1.146836E-09;1;ОС-1:;состояние1_k-9.sig;1 дополнительное:;состояние2_k-22.sig;0.1701576;0.005571375;7.0571;684;0.4435924;235;4.537066;7.486755;350;6.613508
62;62002;59004;57006;-1.146836E-09;1;ОС-1:;состояние1_k-9.sig;1 дополнительное:;состояние2_k-23.sig;0.1701576;0.0005927702;7.0571;684;0.20063;129;4.537365;7.250225;239;6.85647
62;62002;59004;57006;-1.146836E-09;1;ОС-1:;состояние1_k-9.sig;1 дополнительное:;состояние2_k-24.sig;0.1701576;-0.0009438865;7.0571;684;0.1033561;27;4.536935;7.15352;462;6.953744
62;62002;59004;57006;-1.146836E-09;1;ОС-1:;состояние1_k-9.sig;1 дополнительное:;состояние2_k-25.sig;0.1701576;0;7.0571;684;0.1434814;15;4.540079;7.200338;295;6.913619
62;62002;59004;57006;-1.146836E-09;1;ОС-1:;состояние1_k-9.sig;1 дополнительное:;состояние2_k-26.sig;0.1701576;0.0004179752;7.0571;684;0.1681219;7;4.545204;7.224539;795;6.888978
62;62002;59004;57006;-1.146836E-09;1;ОС-1:;состояние1_k-9.sig;1 дополнительное:;состояние2_k-27.sig;0.1701576;-0.0002731053;7.0571;684;0.1523455;408;4.508342;7.203924;351;6.904755
62;62002;59004;57006;-1.146836E-09;1;ОС-1:;состояние1_k-9.sig;1 дополнительное:;состояние2_k-28.sig;0.1701576;-0.00068597;7.0571;684;0.1058609;102;4.544437;7.145211;796;6.95124
62;62002;59004;57006;-1.146836E-09;1;ОС-1:;состояние1_k-9.sig;1 дополнительное:;состояние2_k-29.sig;0.1701576;-0.0002657241;7.0571;684;0.04206861;748;4.53989;7.098072;351;7.015032
62;62002;59004;57006;-1.146836E-09;1;ОС-1:;состояние1_k-9.sig;1 дополнительное:;состояние2_k-30.sig;0.1701576;0;7.0571;684;0.02688983;36;4.537671;7.082115;684;7.03021
62;62002;59004;57006;-1.146836E-09;1;ОС-1:;состояние1_k-9.sig;1 дополнительное:;состояние2_k-31.sig;0.1701576;-0.0006602637;7.0571;684;0.08855904;610;4.538776;7.142326;240;6.968541
62;62002;59004;57006;-1.146836E-09;1;ОС-1:;состояние1_k-9.sig;1 дополнительное:;состояние2_k-32.sig;0.1701576;-0.001578489;7.0571;684;0.1353021;55;4.540166;7.189962;351;6.921798
62;62002;59004;57006;-1.146836E-09;1;ОС-1:;состояние1_k-9.sig;1 дополнительное:;состояние2_k-33.sig;0.1701576;-0.001623046;7.0571;684;0.1614474;291;4.539654;7.174019;461;6.895653
62;62002;59004;57006;-1.146836E-09;1;ОС-1:;состояние1_k-9.sig;1 дополнительное:;состояние2_k-34.sig;0.1701576;-0.0007590126;7.0571;684;0.1642083;425;4.538093;7.219534;351;6.892892
62;62002;59004;57006;-1.146836E-09;1;ОС-1:;состояние1_k-9.sig;1 дополнительное:;состояние2_k-35.sig;0.1701576;0;7.0571;684;0.1438408;37;4.537297;7.19816;295;6.91326
62;62002;59004;57006;-1.146836E-09;1;ОС-1:;состояние1_k-9.sig;1 дополнительное:;состояние2_k-36.sig;0.1701576;8.034835E-06;7.0571;684;0.1032237;87;4.538466;7.160223;573;6.953876
62;62002;59004;57006;-1.146836E-09;1;ОС-1:;состояние1_k-9.sig;1 дополнительное:;состояние2_k-37.sig;0.1701576;-0.0002732385;7.0571;684;0.04898305;620;4.538582;7.105241;295;7.008117
62;62002;59004;57006;-1.146836E-09;1;ОС-1:;состояние1_k-9.sig;1 дополнительное:;состояние2_k-38.sig;0.1701576;-0.0001326741;7.0571;684;0.03509432;434;4.537915;7.092195;684;7.022006
62;62002;59004;57006;-1.146836E-09;1;ОС-1:;состояние1_k-9.sig;1 дополнительное:;состояние2_k-39.sig;0.1701576;0.000251115;7.0571;684;0.1006994;58;4.537176;7.146328;351;6.956401
62;62002;59004;57006;-1.146836E-09;1;ОС-1:;состояние1_k-9.sig;1 дополнительное:;состояние2_k-40.sig;0.1701576;-6.742775E-09;7.0571;684;0.1681353;2;4.5379;7.224581;240;6.888965
62;62002;59004;57006;-1.146836E-09;1;ОС-1:;состояние1_k-10.sig;1 дополнительное:;состояние2_k-21.sig;0;0.008325131;6.955279;1;0.7882928;778;4.425237;7.736056;350;6.166986
62;62002;59004;57006;-1.146836E-09;1;ОС-1:;состояние1_k-10.sig;1 дополнительное:;состояние2_k-22.sig;0;0.005571375;6.955279;1;0.4435924;235;4.423471;7.379557;51;6.511686
62;62002;59004;57006;-1.146836E-09;1;ОС-1:;состояние1_k-10.sig;1 дополнительное:;состояние2_k-23.sig;0;0.0005927702;6.955279;1;0.20063;129;4.428958;7.155776;651;6.754649
62;62002;59004;57006;-1.146836E-09;1;ОС-1:;состояние1_k-10.sig;1 дополнительное:;состояние2_k-24.sig;0;-0.0009438865;6.955279;1;0.1033561;27;4.431295;7.057737;151;6.851923
62;62002;59004;57006;-1.146836E-09;1;ОС-1:;состояние1_k-10.sig;1 дополнительное:;состояние2_k-25.sig;0;0;6.955279;1;0.1434814;15;4.429179;7.075024;51;6.811798
62;62002;59004;57006;-1.146836E-09;1;ОС-1:;состояние1_k-10.sig;1 дополнительное:;состояние2_k-26.sig;0;0.0004179752;6.955279;1;0.1681219;7;4.428735;7.113276;101;6.787157
62;62002;59004;57006;-1.146836E-09;1;ОС-1:;состояние1_k-10.sig;1 дополнительное:;состояние2_k-27.sig;0;-0.0002731053;6.955279;1;0.1523455;408;4.430867;7.107268;501;6.802933
62;62002;59004;57006;-1.146836E-09;1;ОС-1:;состояние1_k-10.sig;1 дополнительное:;состояние2_k-28.sig;0;-0.00068597;6.955279;1;0.1058609;102;4.432715;7.059444;351;6.849418
62;62002;59004;57006;-1.146836E-09;1;ОС-1:;состояние1_k-10.sig;1 дополнительное:;состояние2_k-29.sig;0;-0.0002657241;6.955279;1;0.04206861;748;4.431313;6.991294;751;6.91321
62;62002;59004;57006;-1.146836E-09;1;ОС-1:;состояние1_k-10.sig;1 дополнительное:;состояние2_k-30.sig;0;0;6.955279;1;0.02688983;36;4.434379;6.929694;1;6.928389
62;62002;59004;57006;-1.146836E-09;1;ОС-1:;состояние1_k-10.sig;1 дополнительное:;состояние2_k-31.sig;0;-0.0006602637;6.955279;1;0.08855904;610;4.425517;7.043104;401;6.86672
62;62002;59004;57006;-1.146836E-09;1;ОС-1:;состояние1_k-10.sig;1 дополнительное:;состояние2_k-32.sig;0;-0.001578489;6.955279;1;0.1353021;55;4.425886;7.089086;101;6.819977
62;62002;59004;57006;-1.146836E-09;1;ОС-1:;состояние1_k-10.sig;1 дополнительное:;состояние2_k-33.sig;0;-0.001623046;6.955279;1;0.1614474;291;4.427814;7.115439;351;6.793831
62;62002;59004;57006;-1.146836E-09;1;ОС-1:;состояние1_k-10.sig;1 дополнительное:;состояние2_k-34.sig;0;-0.0007590126;6.955279;1;0.1642083;425;4.429074;7.106267;0;6.79107
62;62002;59004;57006;-1.146836E-09;1;ОС-1:;состояние1_k-10.sig;1 дополнительное:;состояние2_k-35.sig;0;0;6.955279;1;0.1438408;37;4.429132;7.098832;151;6.811438
62;62002;59004;57006;-1.146836E-09;1;ОС-1:;состояние1_k-10.sig;1 дополнительное:;состояние2_k-36.sig;0;8.034835E-06;6.955279;1;0.1032237;87;4.428947;7.058501;101;6.852055
62;62002;59004;57006;-1.146836E-09;1;ОС-1:;состояние1_k-10.sig;1 дополнительное:;состояние2_k-37.sig;0;-0.0002732385;6.955279;1;0.04898305;620;4.428998;7.004254;201;6.906296
62;62002;59004;57006;-1.146836E-09;1;ОС-1:;состояние1_k-10.sig;1 дополнительное:;состояние2_k-38.sig;0;-0.0001326741;6.955279;1;0.03509432;434;4.429209;6.988969;1;6.920185
62;62002;59004;57006;-1.146836E-09;1;ОС-1:;состояние1_k-10.sig;1 дополнительное:;состояние2_k-39.sig;0;0.000251115;6.955279;1;0.1006994;58;4.429263;7.05489;301;6.854579
62;62002;59004;57006;-1.146836E-09;1;ОС-1:;состояние1_k-10.sig;1 дополнительное:;состояние2_k-40.sig;0;-6.742775E-09;6.955279;1;0.1681353;2;4.42957;7.113197;51;6.787144
62;62002;59004;57006;-1.146836E-09;1;ОС-1:;состояние1_k-11.sig;1 дополнительное:;состояние2_k-21.sig;-0.1382778;0.008325131;6.683945;78;0.7882928;778;4.225752;7.464717;396;5.895652
62;62002;59004;57006;-1.146836E-09;1;ОС-1:;состояние1_k-11.sig;1 дополнительное:;состояние2_k-22.sig;-0.1382778;0.005571375;6.683945;78;0.4435924;235;4.216928;7.113297;623;6.240353
62;62002;59004;57006;-1.146836E-09;1;ОС-1:;состояние1_k-11.sig;1 дополнительное:;состояние2_k-23.sig;-0.1382778;0.0005927702;6.683945;78;0.20063;129;4.212602;6.875136;214;6.483315
62;62002;59004;57006;-1.146836E-09;1;ОС-1:;состояние1_k-11.sig;1 дополнительное:;состояние2_k-24.sig;-0.1382778;-0.0009438865;6.683945;78;0.1033561;27;4.215972;6.785748;714;6.580589
62;62002;59004;57006;-1.146836E-09;1;ОС-1:;состояние1_k-11.sig;1 дополнительное:;состояние2_k-25.sig;-0.1382778;0;6.683945;78;0.1434814;15;4.21664;6.825238;214;6.540464
62;62002;59004;57006;-1.146836E-09;1;ОС-1:;состояние1_k-11.sig;1 дополнительное:;состояние2_k-26.sig;-0.1382778;0.0004179752;6.683945;78;0.1681219;7;4.215693;6.848761;123;6.515823
62;62002;59004;57006;-1.146836E-09;1;ОС-1:;состояние1_k-11.sig;1 дополнительное:;состояние2_k-27.sig;-0.1382778;-0.0002731053;6.683945;78;0.1523455;408;4.214912;6.829992;351;6.5316
62;62002;59004;57006;-1.146836E-09;1;ОС-1:;состояние1_k-11.sig;1 дополнительное:;состояние2_k-28.sig;-0.1382778;-0.00068597;6.683945;78;0.1058609;102;4.214253;6.786191;442;6.578084
62;62002;59004;57006;-1.146836E-09;1;ОС-1:;состояние1_k-11.sig;1 дополнительное:;состояние2_k-29.sig;-0.1382778;-0.0002657241;6.683945;78;0.04206861;748;4.214108;6.72414;351;6.641877
62;62002;59004;57006;-1.146836E-09;1;ОС-1:;состояние1_k-11.sig;1 дополнительное:;состояние2_k-30.sig;-0.1382778;0;6.683945;78;0.02688983;36;4.213383;6.710474;669;6.657055
62;62002;59004;57006;-1.146836E-09;1;ОС-1:;состояние1_k-11.sig;1 дополнительное:;состояние2_k-31.sig;-0.1382778;-0.0006602637;6.683945;78;0.08855904;610;4.211867;6.772406;78;6.595386
62;62002;59004;57006;-1.146836E-09;1;ОС-1:;состояние1_k-11.sig;1 дополнительное:;состояние2_k-32.sig;-0.1382778;-0.001578489;6.683945;78;0.1353021;55;4.210023;6.818594;305;6.548643
62;62002;59004;57006;-1.146836E-09;1;ОС-1:;состояние1_k-11.sig;1 дополнительное:;состояние2_k-33.sig;-0.1382778;-0.001623046;6.683945;78;0.1614474;291;4.249687;6.526456;214;6.522498
62;62002;59004;57006;-1.146836E-09;1;ОС-1:;состояние1_k-11.sig;1 дополнительное:;состояние2_k-34.sig;-0.1382778;-0.0007590126;6.683945;78;0.1642083;425;4.20792;6.847349;396;6.519737
62;62002;59004;57006;-1.146836E-09;1;ОС-1:;состояние1_k-11.sig;1 дополнительное:;состояние2_k-35.sig;-0.1382778;0;6.683945;78;0.1438408;37;4.209329;6.825099;123;6.540104
62;62002;59004;57006;-1.146836E-09;1;ОС-1:;состояние1_k-11.sig;1 дополнительное:;состояние2_k-36.sig;-0.1382778;8.034835E-06;6.683945;78;0.1032237;87;4.212025;6.785446;351;6.580721
62;62002;59004;57006;-1.146836E-09;1;ОС-1:;состояние1_k-11.sig;1 дополнительное:;состояние2_k-37.sig;-0.1382778;-0.0002732385;6.683945;78;0.04898305;620;4.213745;6.731067;214;6.634962
62;62002;59004;57006;-1.146836E-09;1;ОС-1:;состояние1_k-11.sig;1 дополнительное:;состояние2_k-38.sig;-0.1382778;-0.0001326741;6.683945;78;0.03509432;434;4.213955;6.718966;487;6.648851
62;62002;59004;57006;-1.146836E-09;1;ОС-1:;состояние1_k-11.sig;1 дополнительное:;состояние2_k-39.sig;-0.1382778;0.000251115;6.683945;78;0.1006994;58;4.213694;6.780554;32;6.583246
62;62002;59004;57006;-1.146836E-09;1;ОС-1:;состояние1_k-11.sig;1 дополнительное:;состояние2_k-40.sig;-0.1382778;-6.742775E-09;6.683945;78;0.1681353;2;4.214279;6.851733;578;6.51581
62;62002;59004;57006;-1.146836E-09;1;ОС-1:;состояние1_k-12.sig;1 дополнительное:;состояние2_k-21.sig;-0.1691884;0.008325131;6.263208;59;0.7882928;778;4.003225;7.044104;17;5.474915
62;62002;59004;57006;-1.146836E-09;1;ОС-1:;состояние1_k-12.sig;1 дополнительное:;состояние2_k-22.sig;-0.1691884;0.005571375;6.263208;59;0.4435924;235;3.984834;6.693532;393;5.819615
62;62002;59004;57006;-1.146836E-09;1;ОС-1:;состояние1_k-12.sig;1 дополнительное:;состояние2_k-23.sig;-0.1691884;0.0005927702;6.263208;59;0.20063;129;3.97934;6.462972;434;6.062578
62;62002;59004;57006;-1.146836E-09;1;ОС-1:;состояние1_k-12.sig;1 дополнительное:;состояние2_k-24.sig;-0.1691884;-0.0009438865;6.263208;59;0.1033561;27;3.980157;6.279504;101;6.159852
62;62002;59004;57006;-1.146836E-09;1;ОС-1:;состояние1_k-12.sig;1 дополнительное:;состояние2_k-25.sig;-0.1691884;0;6.263208;59;0.1434814;15;3.981295;6.401628;476;6.119727
62;62002;59004;57006;-1.146836E-09;1;ОС-1:;состояние1_k-12.sig;1 дополнительное:;состояние2_k-26.sig;-0.1691884;0.0004179752;6.263208;59;0.1681219;7;3.981202;6.429326;142;6.095086
62;62002;59004;57006;-1.146836E-09;1;ОС-1:;состояние1_k-12.sig;1 дополнительное:;состояние2_k-27.sig;-0.1691884;-0.0002731053;6.263208;59;0.1523455;408;3.980967;6.408646;184;6.110862
62;62002;59004;57006;-1.146836E-09;1;ОС-1:;состояние1_k-12.sig;1 дополнительное:;состояние2_k-28.sig;-0.1691884;-0.00068597;6.263208;59;0.1058609;102;3.979768;6.365054;101;6.157347
62;62002;59004;57006;-1.146836E-09;1;ОС-1:;состояние1_k-12.sig;1 дополнительное:;состояние2_k-29.sig;-0.1691884;-0.0002657241;6.263208;59;0.04206861;748;3.979435;6.304995;559;6.221139
62;62002;59004;57006;-1.146836E-09;1;ОС-1:;состояние1_k-12.sig;1 дополнительное:;состояние2_k-30.sig;-0.1691884;0;6.263208;59;0.02688983;36;3.978791;6.288222;434;6.236318
62;62002;59004;57006;-1.146836E-09;1;ОС-1:;состояние1_k-12.sig;1 дополнительное:;состояние2_k-31.sig;-0.1691884;-0.0006602637;6.263208;59;0.08855904;610;3.97891;6.35;142;6.174649
62;62002;59004;57006;-1.146836E-09;1;ОС-1:;состояние1_k-12.sig;1 дополнительное:;состояние2_k-32.sig;-0.1691884;-0.001578489;6.263208;59;0.1353021;55;3.979779;6.394696;226;6.127906
62;62002;59004;57006;-1.146836E-09;1;ОС-1:;состояние1_k-12.sig;1 дополнительное:;состояние2_k-33.sig;-0.1691884;-0.001623046;6.263208;59;0.1614474;291;3.978918;6.421581;684;6.10176
62;62002;59004;57006;-1.146836E-09;1;ОС-1:;состояние1_k-12.sig;1 дополнительное:;состояние2_k-34.sig;-0.1691884;-0.0007590126;6.263208;59;0.1642083;425;3.976656;6.424268;101;6.099
62;62002;59004;57006;-1.146836E-09;1;ОС-1:;состояние1_k-12.sig;1 дополнительное:;состояние2_k-35.sig;-0.1691884;0;6.263208;59;0.1438408;37;3.97443;6.405922;309;6.119367
62;62002;59004;57006;-1.146836E-09;1;ОС-1:;состояние1_k-12.sig;1 дополнительное:;состояние2_k-36.sig;-0.1691884;8.034835E-06;6.263208;59;0.1032237;87;4.001528;6.160177;59;6.159984
62;62002;59004;57006;-1.146836E-09;1;ОС-1:;состояние1_k-12.sig;1 дополнительное:;состояние2_k-37.sig;-0.1691884;-0.0002732385;6.263208;59;0.04898305;620;3.97707;6.312145;309;6.214225
62;62002;59004;57006;-1.146836E-09;1;ОС-1:;состояние1_k-12.sig;1 дополнительное:;состояние2_k-38.sig;-0.1691884;-0.0001326741;6.263208;59;0.03509432;434;3.980373;6.298302;434;6.228114
62;62002;59004;57006;-1.146836E-09;1;ОС-1:;состояние1_k-12.sig;1 дополнительное:;состояние2_k-39.sig;-0.1691884;0.000251115;6.263208;59;0.1006994;58;3.981807;6.360964;559;6.162508
62;62002;59004;57006;-1.146836E-09;1;ОС-1:;состояние1_k-12.sig;1 дополнительное:;состояние2_k-40.sig;-0.1691884;-6.742775E-09;6.263208;59;0.1681353;2;3.98188;6.418807;101;6.095073
62;62002;59004;57006;-1.146836E-09;1;ОС-1:;состояние1_k-13.sig;1 дополнительное:;состояние2_k-21.sig;-0.1096908;0.008325131;5.722837;43;0.7882928;778;3.676594;6.503538;158;4.934545
62;62002;59004;57006;-1.146836E-09;1;ОС-1:;состояние1_k-13.sig;1 дополнительное:;состояние2_k-22.sig;-0.1096908;0.005571375;5.722837;43;0.4435924;235;3.650974;6.165658;235;5.279245
62;62002;59004;57006;-1.146836E-09;1;ОС-1:;состояние1_k-13.sig;1 дополнительное:;состояние2_k-23.sig;-0.1096908;0.0005927702;5.722837;43;0.20063;129;3.638104;5.921918;389;5.522207
62;62002;59004;57006;-1.146836E-09;1;ОС-1:;состояние1_k-13.sig;1 дополнительное:;состояние2_k-24.sig;-0.1096908;-0.0009438865;5.722837;43;0.1033561;27;3.638115;5.825383;235;5.619482
62;62002;59004;57006;-1.146836E-09;1;ОС-1:;состояние1_k-13.sig;1 дополнительное:;состояние2_k-25.sig;-0.1096908;0;5.722837;43;0.1434814;15;3.641601;5.863739;274;5.579356
62;62002;59004;57006;-1.146836E-09;1;ОС-1:;состояние1_k-13.sig;1 дополнительное:;состояние2_k-26.sig;-0.1096908;0.0004179752;5.722837;43;0.1681219;7;3.641807;5.878375;697;5.554716
62;62002;59004;57006;-1.146836E-09;1;ОС-1:;состояние1_k-13.sig;1 дополнительное:;состояние2_k-27.sig;-0.1096908;-0.0002731053;5.722837;43;0.1523455;408;3.639272;5.869524;427;5.570492
62;62002;59004;57006;-1.146836E-09;1;ОС-1:;состояние1_k-13.sig;1 дополнительное:;состояние2_k-28.sig;-0.1096908;-0.00068597;5.722837;43;0.1058609;102;3.637113;5.828305;120;5.616977
62;62002;59004;57006;-1.146836E-09;1;ОС-1:;состояние1_k-13.sig;1 дополнительное:;состояние2_k-29.sig;-0.1096908;-0.0002657241;5.722837;43;0.04206861;748;3.637489;5.762469;43;5.680769
62;62002;59004;57006;-1.146836E-09;1;ОС-1:;состояние1_k-13.sig;1 дополнительное:;состояние2_k-30.sig;-0.1096908;0;5.722837;43;0.02688983;36;3.637564;5.749143;120;5.695948
62;62002;59004;57006;-1.146836E-09;1;ОС-1:;состояние1_k-13.sig;1 дополнительное:;состояние2_k-31.sig;-0.1096908;-0.0006602637;5.722837;43;0.08855904;610;3.636601;5.809595;158;5.634278
62;62002;59004;57006;-1.146836E-09;1;ОС-1:;состояние1_k-13.sig;1 дополнительное:;состояние2_k-32.sig;-0.1096908;-0.001578489;5.722837;43;0.1353021;55;3.636064;5.856009;774;5.587535
62;62002;59004;57006;-1.146836E-09;1;ОС-1:;состояние1_k-13.sig;1 дополнительное:;состояние2_k-33.sig;-0.1096908;-0.001623046;5.722837;43;0.1614474;291;3.638195;5.87878;428;5.56139
62;62002;59004;57006;-1.146836E-09;1;ОС-1:;состояние1_k-13.sig;1 дополнительное:;состояние2_k-34.sig;-0.1096908;-0.0007590126;5.722837;43;0.1642083;425;3.639737;5.88658;543;5.558629
62;62002;59004;57006;-1.146836E-09;1;ОС-1:;состояние1_k-13.sig;1 дополнительное:;состояние2_k-35.sig;-0.1096908;0;5.722837;43;0.1438408;37;3.639705;5.866192;466;5.578997
62;62002;59004;57006;-1.146836E-09;1;ОС-1:;состояние1_k-13.sig;1 дополнительное:;состояние2_k-36.sig;-0.1096908;8.034835E-06;5.722837;43;0.1032237;87;3.637701;5.823221;351;5.619614
62;62002;59004;57006;-1.146836E-09;1;ОС-1:;состояние1_k-13.sig;1 дополнительное:;состояние2_k-37.sig;-0.1096908;-0.0002732385;5.722837;43;0.04898305;620;3.63611;5.771452;120;5.673854
62;62002;59004;57006;-1.146836E-09;1;ОС-1:;состояние1_k-13.sig;1 дополнительное:;состояние2_k-38.sig;-0.1096908;-0.0001326741;5.722837;43;0.03509432;434;3.637933;5.756934;697;5.687743
62;62002;59004;57006;-1.146836E-09;1;ОС-1:;состояние1_k-13.sig;1 дополнительное:;состояние2_k-39.sig;-0.1096908;0.000251115;5.722837;43;0.1006994;58;3.620257;5.810359;274;5.622138
62;62002;59004;57006;-1.146836E-09;1;ОС-1:;состояние1_k-13.sig;1 дополнительное:;состояние2_k-40.sig;-0.1096908;-6.742775E-09;5.722837;43;0.1681353;2;3.64766;5.876012;4;5.554702
62;62002;59004;57006;-1.146836E-09;1;ОС-1:;состояние1_k-14.sig;1 дополнительное:;состояние2_k-21.sig;-0.03375429;0.008325131;5.095141;172;0.7882928;778;3.259296;5.876749;636;4.306848
62;62002;59004;57006;-1.146836E-09;1;ОС-1:;состояние1_k-14.sig;1 дополнительное:;состояние2_k-22.sig;-0.03375429;0.005571375;5.095141;172;0.4435924;235;3.240721;5.529919;29;4.651548
62;62002;59004;57006;-1.146836E-09;1;ОС-1:;состояние1_k-14.sig;1 дополнительное:;состояние2_k-23.sig;-0.03375429;0.0005927702;5.095141;172;0.20063;129;3.226856;5.295273;672;4.894511
62;62002;59004;57006;-1.146836E-09;1;ОС-1:;состояние1_k-14.sig;1 дополнительное:;состояние2_k-24.sig;-0.03375429;-0.0009438865;5.095141;172;0.1033561;27;3.222811;5.197911;172;4.991785
62;62002;59004;57006;-1.146836E-09;1;ОС-1:;состояние1_k-14.sig;1 дополнительное:;состояние2_k-25.sig;-0.03375429;0;5.095141;172;0.1434814;15;3.225064;5.23817;315;4.95166
62;62002;59004;57006;-1.146836E-09;1;ОС-1:;состояние1_k-14.sig;1 дополнительное:;состояние2_k-26.sig;-0.03375429;0.0004179752;5.095141;172;0.1681219;7;3.22716;5.24937;101;4.927019
62;62002;59004;57006;-1.146836E-09;1;ОС-1:;состояние1_k-14.sig;1 дополнительное:;состояние2_k-27.sig;-0.03375429;-0.0002731053;5.095141;172;0.1523455;408;3.225515;5.246664;315;4.942795
62;62002;59004;57006;-1.146836E-09;1;ОС-1:;состояние1_k-14.sig;1 дополнительное:;состояние2_k-28.sig;-0.03375429;-0.00068597;5.095141;172;0.1058609;102;3.223625;5.197774;65;4.98928
62;62002;59004;57006;-1.146836E-09;1;ОС-1:;состояние1_k-14.sig;1 дополнительное:;состояние2_k-29.sig;-0.03375429;-0.0002657241;5.095141;172;0.04206861;748;3.22258;5.135697;386;5.053072
62;62002;59004;57006;-1.146836E-09;1;ОС-1:;состояние1_k-14.sig;1 дополнительное:;состояние2_k-30.sig;-0.03375429;0;5.095141;172;0.02688983;36;3.223072;5.12052;136;5.068251
62;62002;59004;57006;-1.146836E-09;1;ОС-1:;состояние1_k-14.sig;1 дополнительное:;состояние2_k-31.sig;-0.03375429;-0.0006602637;5.095141;172;0.08855904;610;3.223259;5.183115;529;5.006582
62;62002;59004;57006;-1.146836E-09;1;ОС-1:;состояние1_k-14.sig;1 дополнительное:;состояние2_k-32.sig;-0.03375429;-0.001578489;5.095141;172;0.1353021;55;3.22169;5.225946;493;4.959839
62;62002;59004;57006;-1.146836E-09;1;ОС-1:;состояние1_k-14.sig;1 дополнительное:;состояние2_k-33.sig;-0.03375429;-0.001623046;5.095141;172;0.1614474;291;3.221871;5.254502;458;4.933693
62;62002;59004;57006;-1.146836E-09;1;ОС-1:;состояние1_k-14.sig;1 дополнительное:;состояние2_k-34.sig;-0.03375429;-0.0007590126;5.095141;172;0.1642083;425;3.22335;5.254813;29;4.930933
62;62002;59004;57006;-1.146836E-09;1;ОС-1:;состояние1_k-14.sig;1 дополнительное:;состояние2_k-35.sig;-0.03375429;0;5.095141;172;0.1438408;37;3.223638;5.237388;65;4.9513
62;62002;59004;57006;-1.146836E-09;1;ОС-1:;состояние1_k-14.sig;1 дополнительное:;состояние2_k-36.sig;-0.03375429;8.034835E-06;5.095141;172;0.1032237;87;3.224012;5.194595;101;4.991917
62;62002;59004;57006;-1.146836E-09;1;ОС-1:;состояние1_k-14.sig;1 дополнительное:;состояние2_k-37.sig;-0.03375429;-0.0002732385;5.095141;172;0.04898305;620;3.223065;5.142498;565;5.046158
62;62002;59004;57006;-1.146836E-09;1;ОС-1:;состояние1_k-14.sig;1 дополнительное:;состояние2_k-38.sig;-0.03375429;-0.0001326741;5.095141;172;0.03509432;434;3.222477;5.129424;65;5.060047
62;62002;59004;57006;-1.146836E-09;1;ОС-1:;состояние1_k-14.sig;1 дополнительное:;состояние2_k-39.sig;-0.03375429;0.000251115;5.095141;172;0.1006994;58;3.223978;5.190914;136;4.994442
62;62002;59004;57006;-1.146836E-09;1;ОС-1:;состояние1_k-14.sig;1 дополнительное:;состояние2_k-40.sig;-0.03375429;-6.742775E-09;5.095141;172;0.1681353;2;3.227656;5.263986;315;4.927006
62;62002;59004;57006;-1.146836E-09;1;ОС-1:;состояние1_k-15.sig;1 дополнительное:;состояние2_k-21.sig;0;0.008325131;4.412351;84;0.7882928;778;2.837021;5.132965;418;3.624058
62;62002;59004;57006;-1.146836E-09;1;ОС-1:;состояние1_k-15.sig;1 дополнительное:;состояние2_k-22.sig;0;0.005571375;4.412351;84;0.4435924;235;2.823666;4.85204;484;3.968759
62;62002;59004;57006;-1.146836E-09;1;ОС-1:;состояние1_k-15.sig;1 дополнительное:;состояние2_k-23.sig;0;0.0005927702;4.412351;84;0.20063;129;2.814275;4.608636;151;4.211721
62;62002;59004;57006;-1.146836E-09;1;ОС-1:;состояние1_k-15.sig;1 дополнительное:;состояние2_k-24.sig;0;-0.0009438865;4.412351;84;0.1033561;27;2.80983;4.512774;317;4.308995
62;62002;59004;57006;-1.146836E-09;1;ОС-1:;состояние1_k-15.sig;1 дополнительное:;состояние2_k-25.sig;0;0;4.412351;84;0.1434814;15;2.809638;4.527884;51;4.26887
62;62002;59004;57006;-1.146836E-09;1;ОС-1:;состояние1_k-15.sig;1 дополнительное:;состояние2_k-26.sig;0;0.0004179752;4.412351;84;0.1681219;7;2.811236;4.580453;584;4.244229
62;62002;59004;57006;-1.146836E-09;1;ОС-1:;состояние1_k-15.sig;1 дополнительное:;состояние2_k-27.sig;0;-0.0002731053;4.412351;84;0.1523455;408;2.811268;4.557789;184;4.260005
62;62002;59004;57006;-1.146836E-09;1;ОС-1:;состояние1_k-15.sig;1 дополнительное:;состояние2_k-28.sig;0;-0.00068597;4.412351;84;0.1058609;102;2.810205;4.518169;84;4.30649
62;62002;59004;57006;-1.146836E-09;1;ОС-1:;состояние1_k-15.sig;1 дополнительное:;состояние2_k-29.sig;0;-0.0002657241;4.412351;84;0.04206861;748;2.809479;4.452863;284;4.370283
62;62002;59004;57006;-1.146836E-09;1;ОС-1:;состояние1_k-15.sig;1 дополнительное:;состояние2_k-30.sig;0;0;4.412351;84;0.02688983;36;2.809407;4.437366;84;4.385461
62;62002;59004;57006;-1.146836E-09;1;ОС-1:;состояние1_k-15.sig;1 дополнительное:;состояние2_k-31.sig;0;-0.0006602637;4.412351;84;0.08855904;610;2.809484;4.500837;384;4.323792
62;62002;59004;57006;-1.146836E-09;1;ОС-1:;состояние1_k-15.sig;1 дополнительное:;состояние2_k-32.sig;0;-0.001578489;4.412351;84;0.1353021;55;2.81;4.547169;117;4.277049
62;62002;59004;57006;-1.146836E-09;1;ОС-1:;состояние1_k-15.sig;1 дополнительное:;состояние2_k-33.sig;0;-0.001623046;4.412351;84;0.1614474;291;2.810372;4.563095;217;4.250904
62;62002;59004;57006;-1.146836E-09;1;ОС-1:;состояние1_k-15.sig;1 дополнительное:;состояние2_k-34.sig;0;-0.0007590126;4.412351;84;0.1642083;425;2.810344;4.573884;617;4.248143
62;62002;59004;57006;-1.146836E-09;1;ОС-1:;состояние1_k-15.sig;1 дополнительное:;состояние2_k-35.sig;0;0;4.412351;84;0.1438408;37;2.811011;4.509736;83;4.26851
62;62002;59004;57006;-1.146836E-09;1;ОС-1:;состояние1_k-15.sig;1 дополнительное:;состояние2_k-36.sig;0;8.034835E-06;4.412351;84;0.1032237;87;2.809133;4.515382;684;4.309127
62;62002;59004;57006;-1.146836E-09;1;ОС-1:;состояние1_k-15.sig;1 дополнительное:;состояние2_k-37.sig;0;-0.0002732385;4.412351;84;0.04898305;620;2.809119;4.461078;417;4.363368
62;62002;59004;57006;-1.146836E-09;1;ОС-1:;состояние1_k-15.sig;1 дополнительное:;состояние2_k-38.sig;0;-0.0001326741;4.412351;84;0.03509432;434;2.809755;4.447445;684;4.377257
62;62002;59004;57006;-1.146836E-09;1;ОС-1:;состояние1_k-15.sig;1 дополнительное:;состояние2_k-39.sig;0;0.000251115;4.412351;84;0.1006994;58;2.810199;4.498566;184;4.311652
62;62002;59004;57006;-1.146836E-09;1;ОС-1:;состояние1_k-15.sig;1 дополнительное:;состояние2_k-40.sig;0;-6.742775E-09;4.412351;84;0.1681353;2;2.810146;4.566057;51;4.244216
62;62002;59004;57006;-1.146836E-09;1;ОС-1:;состояние1_k-16.sig;1 дополнительное:;состояние2_k-21.sig;-0.01179125;0.008325131;3.708012;69;0.7882928;778;2.400446;4.490977;350;2.91972
62;62002;59004;57006;-1.146836E-09;1;ОС-1:;состояние1_k-16.sig;1 дополнительное:;состояние2_k-22.sig;-0.01179125;0.005571375;3.708012;69;0.4435924;235;2.390002;4.148572;257;3.26442
62;62002;59004;57006;-1.146836E-09;1;ОС-1:;состояние1_k-16.sig;1 дополнительное:;состояние2_k-23.sig;-0.01179125;0.0005927702;3.708012;69;0.20063;129;2.386071;3.908535;194;3.507382
62;62002;59004;57006;-1.146836E-09;1;ОС-1:;состояние1_k-16.sig;1 дополнительное:;состояние2_k-24.sig;-0.01179125;-0.0009438865;3.708012;69;0.1033561;27;2.380258;3.809292;7;3.604656
62;62002;59004;57006;-1.146836E-09;1;ОС-1:;состояние1_k-16.sig;1 дополнительное:;состояние2_k-25.sig;-0.01179125;0;3.708012;69;0.1434814;15;2.377924;3.850703;194;3.564531
62;62002;59004;57006;-1.146836E-09;1;ОС-1:;состояние1_k-16.sig;1 дополнительное:;состояние2_k-26.sig;-0.01179125;0.0004179752;3.708012;69;0.1681219;7;2.37919;3.875102;257;3.539891
62;62002;59004;57006;-1.146836E-09;1;ОС-1:;состояние1_k-16.sig;1 дополнительное:;состояние2_k-27.sig;-0.01179125;-0.0002731053;3.708012;69;0.1523455;408;2.3813;3.860718;38;3.555667
62;62002;59004;57006;-1.146836E-09;1;ОС-1:;состояние1_k-16.sig;1 дополнительное:;состояние2_k-28.sig;-0.01179125;-0.00068597;3.708012;69;0.1058609;102;2.381219;3.807117;101;3.602151
62;62002;59004;57006;-1.146836E-09;1;ОС-1:;состояние1_k-16.sig;1 дополнительное:;состояние2_k-29.sig;-0.01179125;-0.0002657241;3.708012;69;0.04206861;748;2.37919;3.749755;163;3.665944
62;62002;59004;57006;-1.146836E-09;1;ОС-1:;состояние1_k-16.sig;1 дополнительное:;состояние2_k-30.sig;-0.01179125;0;3.708012;69;0.02688983;36;2.378466;3.734851;319;3.681123
62;62002;59004;57006;-1.146836E-09;1;ОС-1:;состояние1_k-16.sig;1 дополнительное:;состояние2_k-31.sig;-0.01179125;-0.0006602637;3.708012;69;0.08855904;610;2.379163;3.796691;288;3.619453
62;62002;59004;57006;-1.146836E-09;1;ОС-1:;состояние1_k-16.sig;1 дополнительное:;состояние2_k-32.sig;-0.01179125;-0.001578489;3.708012;69;0.1353021;55;2.380227;3.839596;7;3.57271
62;62002;59004;57006;-1.146836E-09;1;ОС-1:;состояние1_k-16.sig;1 дополнительное:;состояние2_k-33.sig;-0.01179125;-0.001623046;3.708012;69;0.1614474;291;2.379018;3.867983;413;3.546565
62;62002;59004;57006;-1.146836E-09;1;ОС-1:;состояние1_k-16.sig;1 дополнительное:;состояние2_k-34.sig;-0.01179125;-0.0007590126;3.708012;69;0.1642083;425;2.378297;3.866531;382;3.543804
62;62002;59004;57006;-1.146836E-09;1;ОС-1:;состояние1_k-16.sig;1 дополнительное:;состояние2_k-35.sig;-0.01179125;0;3.708012;69;0.1438408;37;2.378436;3.85178;194;3.564172
62;62002;59004;57006;-1.146836E-09;1;ОС-1:;состояние1_k-16.sig;1 дополнительное:;состояние2_k-36.sig;-0.01179125;8.034835E-06;3.708012;69;0.1032237;87;2.379456;3.806174;226;3.604789
62;62002;59004;57006;-1.146836E-09;1;ОС-1:;состояние1_k-16.sig;1 дополнительное:;состояние2_k-37.sig;-0.01179125;-0.0002732385;3.708012;69;0.04898305;620;2.379106;3.756858;444;3.659029
62;62002;59004;57006;-1.146836E-09;1;ОС-1:;состояние1_k-16.sig;1 дополнительное:;состояние2_k-38.sig;-0.01179125;-0.0001326741;3.708012;69;0.03509432;434;2.378352;3.742123;38;3.672918
62;62002;59004;57006;-1.146836E-09;1;ОС-1:;состояние1_k-16.sig;1 дополнительное:;состояние2_k-39.sig;-0.01179125;0.000251115;3.708012;69;0.1006994;58;2.378419;3.807532;288;3.607313
62;62002;59004;57006;-1.146836E-09;1;ОС-1:;состояние1_k-16.sig;1 дополнительное:;состояние2_k-40.sig;-0.01179125;-6.742775E-09;3.708012;69;0.1681353;2;2.379604;3.86087;101;3.539877
62;62002;59004;57006;-1.146836E-09;1;ОС-1:;состояние1_k-17.sig;1 дополнительное:;состояние2_k-21.sig;-0.03430586;0.008325131;3.013406;468;0.7882928;778;1.959636;3.80022;468;2.225113
62;62002;59004;57006;-1.146836E-09;1;ОС-1:;состояние1_k-17.sig;1 дополнительное:;состояние2_k-22.sig;-0.03430586;0.005571375;3.013406;468;0.4435924;235;1.931356;3.453091;144;2.569813
62;62002;59004;57006;-1.146836E-09;1;ОС-1:;состояние1_k-17.sig;1 дополнительное:;состояние2_k-23.sig;-0.03430586;0.0005927702;3.013406;468;0.20063;129;1.928871;3.211508;86;2.812776
62;62002;59004;57006;-1.146836E-09;1;ОС-1:;состояние1_k-17.sig;1 дополнительное:;состояние2_k-24.sig;-0.03430586;-0.0009438865;3.013406;468;0.1033561;27;1.926903;3.116263;27;2.91005
62;62002;59004;57006;-1.146836E-09;1;ОС-1:;состояние1_k-17.sig;1 дополнительное:;состояние2_k-25.sig;-0.03430586;0;3.013406;468;0.1434814;15;1.922875;3.156816;115;2.869925
62;62002;59004;57006;-1.146836E-09;1;ОС-1:;состояние1_k-17.sig;1 дополнительное:;состояние2_k-26.sig;-0.03430586;0.0004179752;3.013406;468;0.1681219;7;1.921928;3.179639;527;2.845284
62;62002;59004;57006;-1.146836E-09;1;ОС-1:;состояние1_k-17.sig;1 дополнительное:;состояние2_k-27.sig;-0.03430586;-0.0002731053;3.013406;468;0.1523455;408;1.924054;3.164701;56;2.86106
62;62002;59004;57006;-1.146836E-09;1;ОС-1:;состояние1_k-17.sig;1 дополнительное:;состояние2_k-28.sig;-0.03430586;-0.00068597;3.013406;468;0.1058609;102;1.925302;3.118554;674;2.907545
62;62002;59004;57006;-1.146836E-09;1;ОС-1:;состояние1_k-17.sig;1 дополнительное:;состояние2_k-29.sig;-0.03430586;-0.0002657241;3.013406;468;0.04206861;748;1.924122;3.051766;350;2.971337
62;62002;59004;57006;-1.146836E-09;1;ОС-1:;состояние1_k-17.sig;1 дополнительное:;состояние2_k-30.sig;-0.03430586;0;3.013406;468;0.02688983;36;1.922467;3.038693;203;2.986516
62;62002;59004;57006;-1.146836E-09;1;ОС-1:;состояние1_k-17.sig;1 дополнительное:;состояние2_k-31.sig;-0.03430586;-0.0006602637;3.013406;468;0.08855904;610;1.923365;3.101277;174;2.924847
62;62002;59004;57006;-1.146836E-09;1;ОС-1:;состояние1_k-17.sig;1 дополнительное:;состояние2_k-32.sig;-0.03430586;-0.001578489;3.013406;468;0.1353021;55;1.924389;3.14664;86;2.878104
62;62002;59004;57006;-1.146836E-09;1;ОС-1:;состояние1_k-17.sig;1 дополнительное:;состояние2_k-33.sig;-0.03430586;-0.001623046;3.013406;468;0.1614474;291;1.924265;3.174481;321;2.851959
62;62002;59004;57006;-1.146836E-09;1;ОС-1:;состояние1_k-17.sig;1 дополнительное:;состояние2_k-34.sig;-0.03430586;-0.0007590126;3.013406;468;0.1642083;425;1.925001;3.173807;527;2.849198
62;62002;59004;57006;-1.146836E-09;1;ОС-1:;состояние1_k-17.sig;1 дополнительное:;состояние2_k-35.sig;-0.03430586;0;3.013406;468;0.1438408;37;1.922397;3.156275;380;2.869565
62;62002;59004;57006;-1.146836E-09;1;ОС-1:;состояние1_k-17.sig;1 дополнительное:;состояние2_k-36.sig;-0.03430586;8.034835E-06;3.013406;468;0.1032237;87;1.922421;3.11649;615;2.910182
62;62002;59004;57006;-1.146836E-09;1;ОС-1:;состояние1_k-17.sig;1 дополнительное:;состояние2_k-37.sig;-0.03430586;-0.0002732385;3.013406;468;0.04898305;620;1.92345;3.062172;174;2.964423
62;62002;59004;57006;-1.146836E-09;1;ОС-1:;состояние1_k-17.sig;1 дополнительное:;состояние2_k-38.sig;-0.03430586;-0.0001326741;3.013406;468;0.03509432;434;1.922913;3.047305;762;2.978312
62;62002;59004;57006;-1.146836E-09;1;ОС-1:;состояние1_k-17.sig;1 дополнительное:;состояние2_k-39.sig;-0.03430586;0.000251115;3.013406;468;0.1006994;58;1.921994;3.112789;174;2.912706
62;62002;59004;57006;-1.146836E-09;1;ОС-1:;состояние1_k-17.sig;1 дополнительное:;состояние2_k-40.sig;-0.03430586;-6.742775E-09;3.013406;468;0.1681353;2;1.92204;3.182631;115;2.84527
62;62002;59004;57006;-1.146836E-09;1;ОС-1:;состояние1_k-18.sig;1 дополнительное:;состояние2_k-21.sig;-0.03747335;0.008325131;2.353931;378;0.7882928;778;1.57183;3.139011;350;1.565638
62;62002;59004;57006;-1.146836E-09;1;ОС-1:;состояние1_k-18.sig;1 дополнительное:;состояние2_k-22.sig;-0.03747335;0.005571375;2.353931;378;0.4435924;235;1.514614;2.791024;212;1.910338
62;62002;59004;57006;-1.146836E-09;1;ОС-1:;состояние1_k-18.sig;1 дополнительное:;состояние2_k-23.sig;-0.03747335;0.0005927702;2.353931;378;0.20063;129;1.502038;2.552431;128;2.153301
62;62002;59004;57006;-1.146836E-09;1;ОС-1:;состояние1_k-18.sig;1 дополнительное:;состояние2_k-24.sig;-0.03747335;-0.0009438865;2.353931;378;0.1033561;27;1.501351;2.447288;45;2.250575
62;62002;59004;57006;-1.146836E-09;1;ОС-1:;состояние1_k-18.sig;1 дополнительное:;состояние2_k-25.sig;-0.03747335;0;2.353931;378;0.1434814;15;1.499768;2.495946;295;2.210449
62;62002;59004;57006;-1.146836E-09;1;ОС-1:;состояние1_k-18.sig;1 дополнительное:;состояние2_k-26.sig;-0.03747335;0.0004179752;2.353931;378;0.1681219;7;1.498093;2.51831;239;2.185809
62;62002;59004;57006;-1.146836E-09;1;ОС-1:;состояние1_k-18.sig;1 дополнительное:;состояние2_k-27.sig;-0.03747335;-0.0002731053;2.353931;378;0.1523455;408;1.498662;2.497022;295;2.201585
62;62002;59004;57006;-1.146836E-09;1;ОС-1:;состояние1_k-18.sig;1 дополнительное:;состояние2_k-28.sig;-0.03747335;-0.00068597;2.353931;378;0.1058609;102;1.499369;2.458912;156;2.24807
62;62002;59004;57006;-1.146836E-09;1;ОС-1:;состояние1_k-18.sig;1 дополнительное:;состояние2_k-29.sig;-0.03747335;-0.0002657241;2.353931;378;0.04206861;748;1.499146;2.395686;128;2.311862
62;62002;59004;57006;-1.146836E-09;1;ОС-1:;состояние1_k-18.sig;1 дополнительное:;состояние2_k-30.sig;-0.03747335;0;2.353931;378;0.02688983;36;1.497955;2.376361;239;2.327041
62;62002;59004;57006;-1.146836E-09;1;ОС-1:;состояние1_k-18.sig;1 дополнительное:;состояние2_k-31.sig;-0.03747335;-0.0006602637;2.353931;378;0.08855904;610;1.497662;2.442231;739;2.265372
62;62002;59004;57006;-1.146836E-09;1;ОС-1:;состояние1_k-18.sig;1 дополнительное:;состояние2_k-32.sig;-0.03747335;-0.001578489;2.353931;378;0.1353021;55;1.498149;2.487353;461;2.218629
62;62002;59004;57006;-1.146836E-09;1;ОС-1:;состояние1_k-18.sig;1 дополнительное:;состояние2_k-33.sig;-0.03747335;-0.001623046;2.353931;378;0.1614474;291;1.499331;2.511477;489;2.192483
62;62002;59004;57006;-1.146836E-09;1;ОС-1:;состояние1_k-18.sig;1 дополнительное:;состояние2_k-34.sig;-0.03747335;-0.0007590126;2.353931;378;0.1642083;425;1.499687;2.514877;72;2.189723
62;62002;59004;57006;-1.146836E-09;1;ОС-1:;состояние1_k-18.sig;1 дополнительное:;состояние2_k-35.sig;-0.03747335;0;2.353931;378;0.1438408;37;1.498826;2.493769;295;2.21009
62;62002;59004;57006;-1.146836E-09;1;ОС-1:;состояние1_k-18.sig;1 дополнительное:;состояние2_k-36.sig;-0.03747335;8.034835E-06;2.353931;378;0.1032237;87;1.499201;2.456069;267;2.250707
62;62002;59004;57006;-1.146836E-09;1;ОС-1:;состояние1_k-18.sig;1 дополнительное:;состояние2_k-37.sig;-0.03747335;-0.0002732385;2.353931;378;0.04898305;620;1.498268;2.401935;350;2.304948
62;62002;59004;57006;-1.146836E-09;1;ОС-1:;состояние1_k-18.sig;1 дополнительное:;состояние2_k-38.sig;-0.03747335;-0.0001326741;2.353931;378;0.03509432;434;1.498282;2.386708;211;2.318836
62;62002;59004;57006;-1.146836E-09;1;ОС-1:;состояние1_k-18.sig;1 дополнительное:;состояние2_k-39.sig;-0.03747335;0.000251115;2.353931;378;0.1006994;58;1.498251;2.453803;378;2.253231
62;62002;59004;57006;-1.146836E-09;1;ОС-1:;состояние1_k-18.sig;1 дополнительное:;состояние2_k-40.sig;-0.03747335;-6.742775E-09;2.353931;378;0.1681353;2;1.498839;2.521719;128;2.185795
62;62002;59004;57006;-1.146836E-09;1;ОС-1:;состояние1_k-19.sig;1 дополнительное:;состояние2_k-21.sig;-0.02002147;0.008325131;1.752753;508;0.7882928;778;1.248917;2.539179;87;0.9644599
62;62002;59004;57006;-1.146836E-09;1;ОС-1:;состояние1_k-19.sig;1 дополнительное:;состояние2_k-22.sig;-0.02002147;0.005571375;1.752753;508;0.4435924;235;1.155701;2.19594;8;1.30916
62;62002;59004;57006;-1.146836E-09;1;ОС-1:;состояние1_k-19.sig;1 дополнительное:;состояние2_k-23.sig;-0.02002147;0.0005927702;1.752753;508;0.20063;129;1.124234;1.951911;455;1.552123
62;62002;59004;57006;-1.146836E-09;1;ОС-1:;состояние1_k-19.sig;1 дополнительное:;состояние2_k-24.sig;-0.02002147;-0.0009438865;1.752753;508;0.1033561;27;1.121867;1.853033;297;1.649397
62;62002;59004;57006;-1.146836E-09;1;ОС-1:;состояние1_k-19.sig;1 дополнительное:;состояние2_k-25.sig;-0.02002147;0;1.752753;508;0.1434814;15;1.124224;1.894405;34;1.609271
62;62002;59004;57006;-1.146836E-09;1;ОС-1:;состояние1_k-19.sig;1 дополнительное:;состояние2_k-26.sig;-0.02002147;0.0004179752;1.752753;508;0.1681219;7;1.123006;1.918554;8;1.584631
62;62002;59004;57006;-1.146836E-09;1;ОС-1:;состояние1_k-19.sig;1 дополнительное:;состояние2_k-27.sig;-0.02002147;-0.0002731053;1.752753;508;0.1523455;408;1.12115;1.903631;482;1.600407
62;62002;59004;57006;-1.146836E-09;1;ОС-1:;состояние1_k-19.sig;1 дополнительное:;состояние2_k-28.sig;-0.02002147;-0.00068597;1.752753;508;0.1058609;102;1.120876;1.858173;745;1.646892
62;62002;59004;57006;-1.146836E-09;1;ОС-1:;состояние1_k-19.sig;1 дополнительное:;состояние2_k-29.sig;-0.02002147;-0.0002657241;1.752753;508;0.04206861;748;1.121324;1.793365;455;1.710684
62;62002;59004;57006;-1.146836E-09;1;ОС-1:;состояние1_k-19.sig;1 дополнительное:;состояние2_k-30.sig;-0.02002147;0;1.752753;508;0.02688983;36;1.120809;1.77909;87;1.725863
62;62002;59004;57006;-1.146836E-09;1;ОС-1:;состояние1_k-19.sig;1 дополнительное:;состояние2_k-31.sig;-0.02002147;-0.0006602637;1.752753;508;0.08855904;610;1.120254;1.838712;61;1.664194
62;62002;59004;57006;-1.146836E-09;1;ОС-1:;состояние1_k-19.sig;1 дополнительное:;состояние2_k-32.sig;-0.02002147;-0.001578489;1.752753;508;0.1353021;55;1.120488;1.888097;508;1.61745
62;62002;59004;57006;-1.146836E-09;1;ОС-1:;состояние1_k-19.sig;1 дополнительное:;состояние2_k-33.sig;-0.02002147;-0.001623046;1.752753;508;0.1614474;291;1.121877;1.91274;245;1.591305
62;62002;59004;57006;-1.146836E-09;1;ОС-1:;состояние1_k-19.sig;1 дополнительное:;состояние2_k-34.sig;-0.02002147;-0.0007590126;1.752753;508;0.1642083;425;1.122729;1.916684;87;1.588544
62;62002;59004;57006;-1.146836E-09;1;ОС-1:;состояние1_k-19.sig;1 дополнительное:;состояние2_k-35.sig;-0.02002147;0;1.752753;508;0.1438408;37;1.122239;1.89595;8;1.608912
62;62002;59004;57006;-1.146836E-09;1;ОС-1:;состояние1_k-19.sig;1 дополнительное:;состояние2_k-36.sig;-0.02002147;8.034835E-06;1.752753;508;0.1032237;87;1.121493;1.855907;587;1.649529
62;62002;59004;57006;-1.146836E-09;1;ОС-1:;состояние1_k-19.sig;1 дополнительное:;состояние2_k-37.sig;-0.02002147;-0.0002732385;1.752753;508;0.04898305;620;1.120767;1.799048;376;1.70377
62;62002;59004;57006;-1.146836E-09;1;ОС-1:;состояние1_k-19.sig;1 дополнительное:;состояние2_k-38.sig;-0.02002147;-0.0001326741;1.752753;508;0.03509432;434;1.121077;1.766873;482;1.717658
62;62002;59004;57006;-1.146836E-09;1;ОС-1:;состояние1_k-19.sig;1 дополнительное:;состояние2_k-39.sig;-0.02002147;0.000251115;1.752753;508;0.1006994;58;1.121646;1.851398;455;1.652053
62;62002;59004;57006;-1.146836E-09;1;ОС-1:;состояние1_k-19.sig;1 дополнительное:;состояние2_k-40.sig;-0.02002147;-6.742775E-09;1.752753;508;0.1681353;2;1.121957;1.919558;140;1.584617
62;62002;59004;57006;-1.146836E-09;1;ОС-1:;состояние1_k-20.sig;1 дополнительное:;состояние2_k-21.sig;0;0.008325131;1.226729;25;0.7882928;778;0.9818823;2.012691;350;0.4384365
62;62002;59004;57006;-1.146836E-09;1;ОС-1:;состояние1_k-20.sig;1 дополнительное:;состояние2_k-22.sig;0;0.005571375;1.226729;25;0.4435924;235;0.8459082;1.667122;75;0.7831368
62;62002;59004;57006;-1.146836E-09;1;ОС-1:;состояние1_k-20.sig;1 дополнительное:;состояние2_k-23.sig;0;0.0005927702;1.226729;25;0.20063;129;0.7890218;1.427118;325;1.026099
62;62002;59004;57006;-1.146836E-09;1;ОС-1:;состояние1_k-20.sig;1 дополнительное:;состояние2_k-24.sig;0;-0.0009438865;1.226729;25;0.1033561;27;0.778284;1.325964;150;1.123373
62;62002;59004;57006;-1.146836E-09;1;ОС-1:;состояние1_k-20.sig;1 дополнительное:;состояние2_k-25.sig;0;0;1.226729;25;0.1434814;15;0.7837643;1.370211;75;1.083248
62;62002;59004;57006;-1.146836E-09;1;ОС-1:;состояние1_k-20.sig;1 дополнительное:;состояние2_k-26.sig;0;0.0004179752;1.226729;25;0.1681219;7;0.7859417;1.39372;200;1.058607
62;62002;59004;57006;-1.146836E-09;1;ОС-1:;состояние1_k-20.sig;1 дополнительное:;состояние2_k-27.sig;0;-0.0002731053;1.226729;25;0.1523455;408;0.7831275;1.378837;575;1.074384
62;62002;59004;57006;-1.146836E-09;1;ОС-1:;состояние1_k-20.sig;1 дополнительное:;состояние2_k-28.sig;0;-0.00068597;1.226729;25;0.1058609;102;0.7803815;1.325984;100;1.120868
62;62002;59004;57006;-1.146836E-09;1;ОС-1:;состояние1_k-20.sig;1 дополнительное:;состояние2_k-29.sig;0;-0.0002657241;1.226729;25;0.04206861;748;0.780771;1.268752;300;1.184661
62;62002;59004;57006;-1.146836E-09;1;ОС-1:;состояние1_k-20.sig;1 дополнительное:;состояние2_k-30.sig;0;0;1.226729;25;0.02688983;36;0.7814738;1.25031;0;1.199839
62;62002;59004;57006;-1.146836E-09;1;ОС-1:;состояние1_k-20.sig;1 дополнительное:;состояние2_k-31.sig;0;-0.0006602637;1.226729;25;0.08855904;610;0.7805669;1.314921;175;1.13817
62;62002;59004;57006;-1.146836E-09;1;ОС-1:;состояние1_k-20.sig;1 дополнительное:;состояние2_k-32.sig;0;-0.001578489;1.226729;25;0.1353021;55;0.7801112;1.356938;150;1.091427
62;62002;59004;57006;-1.146836E-09;1;ОС-1:;состояние1_k-20.sig;1 дополнительное:;состояние2_k-33.sig;0;-0.001623046;1.226729;25;0.1614474;291;0.781147;1.388146;200;1.065282
62;62002;59004;57006;-1.146836E-09;1;ОС-1:;состояние1_k-20.sig;1 дополнительное:;состояние2_k-34.sig;0;-0.0007590126;1.226729;25;0.1642083;425;0.7831029;1.390938;175;1.062521
62;62002;59004;57006;-1.146836E-09;1;ОС-1:;состояние1_k-20.sig;1 дополнительное:;состояние2_k-35.sig;0;0;1.226729;25;0.1438408;37;0.7839732;1.364843;150;1.082888
62;62002;59004;57006;-1.146836E-09;1;ОС-1:;состояние1_k-20.sig;1 дополнительное:;состояние2_k-36.sig;0;8.034835E-06;1.226729;25;0.1032237;87;0.7821934;1.32171;74;1.123506
62;62002;59004;57006;-1.146836E-09;1;ОС-1:;состояние1_k-20.sig;1 дополнительное:;состояние2_k-37.sig;0;-0.0002732385;1.226729;25;0.04898305;620;0.7808713;1.275614;350;1.177746
62;62002;59004;57006;-1.146836E-09;1;ОС-1:;состояние1_k-20.sig;1 дополнительное:;состояние2_k-38.sig;0;-0.0001326741;1.226729;25;0.03509432;434;0.7812469;1.261788;250;1.191635
62;62002;59004;57006;-1.146836E-09;1;ОС-1:;состояние1_k-20.sig;1 дополнительное:;состояние2_k-39.sig;0;0.000251115;1.226729;25;0.1006994;58;0.7830095;1.327122;750;1.12603
62;62002;59004;57006;-1.146836E-09;1;ОС-1:;состояние1_k-20.sig;1 дополнительное:;состояние2_k-40.sig;0;-6.742775E-09;1.226729;25;0.1681353;2;0.786247;1.371709;1;1.058594
62;62003;59004;57006;1.124463E-09;1;ОС-1:;состояние1_k-1.sig;1 дополнительное:;состояние2_k-21.sig;0.2823645;0.008325155;1.266219;351;0.7885823;778;0.8334161;2.042153;373;0.4776363
62;62003;59004;57006;1.124463E-09;1;ОС-1:;состояние1_k-1.sig;1 дополнительное:;состояние2_k-22.sig;0.2823645;0.005564554;1.266219;351;0.443858;144;0.7621288;1.70927;349;0.8223606
62;62003;59004;57006;1.124463E-09;1;ОС-1:;состояние1_k-1.sig;1 дополнительное:;состояние2_k-23.sig;0.2823645;0.0005810939;1.266219;351;0.2010365;129;0.7325003;1.459822;368;1.065182
62;62003;59004;57006;1.124463E-09;1;ОС-1:;состояние1_k-1.sig;1 дополнительное:;состояние2_k-24.sig;0.2823645;-0.000952324;1.266219;351;0.1042181;27;0.7257288;1.367091;340;1.162
62;62003;59004;57006;1.124463E-09;1;ОС-1:;состояние1_k-1.sig;1 дополнительное:;состояние2_k-25.sig;0.2823645;0;1.266219;351;0.1442606;15;0.7296287;1.410035;355;1.121958
62;62003;59004;57006;1.124463E-09;1;ОС-1:;состояние1_k-1.sig;1 дополнительное:;состояние2_k-26.sig;0.2823645;0.0004235334;1.266219;351;0.1688304;7;0.7299855;1.428009;334;1.097388
62;62003;59004;57006;1.124463E-09;1;ОС-1:;состояние1_k-1.sig;1 дополнительное:;состояние2_k-27.sig;0.2823645;-0.0002689104;1.266219;351;0.1530426;408;0.7282166;1.418752;352;1.113176
62;62003;59004;57006;1.124463E-09;1;ОС-1:;состояние1_k-1.sig;1 дополнительное:;состояние2_k-28.sig;0.2823645;-0.0006865565;1.266219;351;0.1065453;102;0.7264767;1.365688;334;1.159673
62;62003;59004;57006;1.124463E-09;1;ОС-1:;состояние1_k-1.sig;1 дополнительное:;состояние2_k-29.sig;0.2823645;-0.000268394;1.266219;351;0.04271619;748;0.726158;1.308757;351;1.223502
62;62003;59004;57006;1.124463E-09;1;ОС-1:;состояние1_k-1.sig;1 дополнительное:;состояние2_k-30.sig;0.2823645;0;1.266219;351;0.02624465;36;0.725439;1.292284;353;1.239974
62;62003;59004;57006;1.124463E-09;1;ОС-1:;состояние1_k-1.sig;1 дополнительное:;состояние2_k-31.sig;0.2823645;-0.0006560667;1.266219;351;0.08798606;610;0.72685;1.348699;336;1.178232
62;62003;59004;57006;1.124463E-09;1;ОС-1:;состояние1_k-1.sig;1 дополнительное:;состояние2_k-32.sig;0.2823645;-0.001572611;1.266219;351;0.1348051;86;0.726402;1.400859;352;1.131413
62;62003;59004;57006;1.124463E-09;1;ОС-1:;состояние1_k-1.sig;1 дополнительное:;состояние2_k-33.sig;0.2823645;-0.001618765;1.266219;351;0.1610312;291;0.7279733;1.421493;337;1.105187
62;62003;59004;57006;1.124463E-09;1;ОС-1:;состояние1_k-1.sig;1 дополнительное:;состояние2_k-34.sig;0.2823645;-0.0007573612;1.266219;351;0.1638735;425;0.7287734;1.429267;351;1.102345
62;62003;59004;57006;1.124463E-09;1;ОС-1:;состояние1_k-1.sig;1 дополнительное:;состояние2_k-35.sig;0.2823645;0;1.266219;351;0.1435824;37;0.72852;1.405062;337;1.122636
62;62003;59004;57006;1.124463E-09;1;ОС-1:;состояние1_k-1.sig;1 дополнительное:;состояние2_k-36.sig;0.2823645;7.490735E-06;1.266219;351;0.1030359;87;0.7268295;1.369251;351;1.163183
62;62003;59004;57006;1.124463E-09;1;ОС-1:;состояние1_k-1.sig;1 дополнительное:;состояние2_k-37.sig;0.2823645;-0.0002739421;1.266219;351;0.04888228;647;0.7243443;1.3113;363;1.217336
62;62003;59004;57006;1.124463E-09;1;ОС-1:;состояние1_k-1.sig;1 дополнительное:;состояние2_k-38.sig;0.2823645;-0.0001333395;1.266219;351;0.03528069;434;0.7252887;1.29957;342;1.230938
62;62003;59004;57006;1.124463E-09;1;ОС-1:;состояние1_k-1.sig;1 дополнительное:;состояние2_k-39.sig;0.2823645;0.0002508431;1.266219;351;0.100873;417;0.7268208;1.366932;353;1.165346
62;62003;59004;57006;1.124463E-09;1;ОС-1:;состояние1_k-1.sig;1 дополнительное:;состояние2_k-40.sig;0.2823645;2.164394E-08;1.266219;351;0.1682958;2;0.7298265;1.4328;340;1.097923
62;62003;59004;57006;1.124463E-09;1;ОС-1:;состояние1_k-2.sig;1 дополнительное:;состояние2_k-21.sig;0.3853697;0.008325155;2.488948;101;0.7885823;778;1.605546;3.275779;349;1.700366
62;62003;59004;57006;1.124463E-09;1;ОС-1:;состояние1_k-2.sig;1 дополнительное:;состояние2_k-22.sig;0.3853697;0.005564554;2.488948;101;0.443858;144;1.595463;2.853259;120;2.04509
62;62003;59004;57006;1.124463E-09;1;ОС-1:;состояние1_k-2.sig;1 дополнительное:;состояние2_k-23.sig;0.3853697;0.0005810939;2.488948;101;0.2010365;129;1.575644;2.686373;347;2.287912
62;62003;59004;57006;1.124463E-09;1;ОС-1:;состояние1_k-2.sig;1 дополнительное:;состояние2_k-24.sig;0.3853697;-0.000952324;2.488948;101;0.1042181;27;1.575676;2.578186;359;2.38473
62;62003;59004;57006;1.124463E-09;1;ОС-1:;состояние1_k-2.sig;1 дополнительное:;состояние2_k-25.sig;0.3853697;0;2.488948;101;0.1442606;15;1.572368;2.626672;595;2.344687
62;62003;59004;57006;1.124463E-09;1;ОС-1:;состояние1_k-2.sig;1 дополнительное:;состояние2_k-26.sig;0.3853697;0.0004235334;2.488948;101;0.1688304;7;1.578853;2.656762;103;2.320118
62;62003;59004;57006;1.124463E-09;1;ОС-1:;состояние1_k-2.sig;1 дополнительное:;состояние2_k-27.sig;0.3853697;-0.0002689104;2.488948;101;0.1530426;408;1.57263;2.6316;94;2.335906
62;62003;59004;57006;1.124463E-09;1;ОС-1:;состояние1_k-2.sig;1 дополнительное:;состояние2_k-28.sig;0.3853697;-0.0006865565;2.488948;101;0.1065453;102;1.574729;2.595207;352;2.382403
62;62003;59004;57006;1.124463E-09;1;ОС-1:;состояние1_k-2.sig;1 дополнительное:;состояние2_k-29.sig;0.3853697;-0.000268394;2.488948;101;0.04271619;748;1.574182;2.521991;595;2.446232
62;62003;59004;57006;1.124463E-09;1;ОС-1:;состояние1_k-2.sig;1 дополнительное:;состояние2_k-30.sig;0.3853697;0;2.488948;101;0.02624465;36;1.574209;2.485573;91;2.462703
62;62003;59004;57006;1.124463E-09;1;ОС-1:;состояние1_k-2.sig;1 дополнительное:;состояние2_k-31.sig;0.3853697;-0.0006560667;2.488948;101;0.08798606;610;1.572918;2.576643;352;2.400962
62;62003;59004;57006;1.124463E-09;1;ОС-1:;состояние1_k-2.sig;1 дополнительное:;состояние2_k-32.sig;0.3853697;-0.001572611;2.488948;101;0.1348051;86;1.575063;2.623338;102;2.354143
62;62003;59004;57006;1.124463E-09;1;ОС-1:;состояние1_k-2.sig;1 дополнительное:;состояние2_k-33.sig;0.3853697;-0.001618765;2.488948;101;0.1610312;291;1.575593;2.649164;352;2.327917
62;62003;59004;57006;1.124463E-09;1;ОС-1:;состояние1_k-2.sig;1 дополнительное:;состояние2_k-34.sig;0.3853697;-0.0007573612;2.488948;101;0.1638735;425;1.567354;2.615437;87;2.325075
62;62003;59004;57006;1.124463E-09;1;ОС-1:;состояние1_k-2.sig;1 дополнительное:;состояние2_k-35.sig;0.3853697;0;2.488948;101;0.1435824;37;1.574404;2.632246;351;2.345366
62;62003;59004;57006;1.124463E-09;1;ОС-1:;состояние1_k-2.sig;1 дополнительное:;состояние2_k-36.sig;0.3853697;7.490735E-06;2.488948;101;0.1030359;87;1.573648;2.59198;101;2.385912
62;62003;59004;57006;1.124463E-09;1;ОС-1:;состояние1_k-2.sig;1 дополнительное:;состояние2_k-37.sig;0.3853697;-0.0002739421;2.488948;101;0.04888228;647;1.57303;2.537616;350;2.440066
62;62003;59004;57006;1.124463E-09;1;ОС-1:;состояние1_k-2.sig;1 дополнительное:;состояние2_k-38.sig;0.3853697;-0.0001333395;2.488948;101;0.03528069;434;1.572885;2.52104;104;2.453667
62;62003;59004;57006;1.124463E-09;1;ОС-1:;состояние1_k-2.sig;1 дополнительное:;состояние2_k-39.sig;0.3853697;0.0002508431;2.488948;101;0.100873;417;1.574341;2.586209;97;2.388075
62;62003;59004;57006;1.124463E-09;1;ОС-1:;состояние1_k-2.sig;1 дополнительное:;состояние2_k-40.sig;0.3853697;2.164394E-08;2.488948;101;0.1682958;2;1.575027;2.656958;352;2.320652
62;62003;59004;57006;1.124463E-09;1;ОС-1:;состояние1_k-3.sig;1 дополнительное:;состояние2_k-21.sig;0.2776814;0.008325155;3.626822;684;0.7885823;778;2.357323;4.122078;38;2.838239
62;62003;59004;57006;1.124463E-09;1;ОС-1:;состояние1_k-3.sig;1 дополнительное:;состояние2_k-22.sig;0.2776814;0.005564554;3.626822;684;0.443858;144;2.289427;4.067941;349;3.182964
62;62003;59004;57006;1.124463E-09;1;ОС-1:;состояние1_k-3.sig;1 дополнительное:;состояние2_k-23.sig;0.2776814;0.0005810939;3.626822;684;0.2010365;129;2.290087;3.823459;20;3.425785
62;62003;59004;57006;1.124463E-09;1;ОС-1:;состояние1_k-3.sig;1 дополнительное:;состояние2_k-24.sig;0.2776814;-0.000952324;3.626822;684;0.1042181;27;2.289199;3.69418;190;3.522604
62;62003;59004;57006;1.124463E-09;1;ОС-1:;состояние1_k-3.sig;1 дополнительное:;состояние2_k-25.sig;0.2776814;0;3.626822;684;0.1442606;15;2.286464;3.76351;354;3.482561
62;62003;59004;57006;1.124463E-09;1;ОС-1:;состояние1_k-3.sig;1 дополнительное:;состояние2_k-26.sig;0.2776814;0.0004235334;3.626822;684;0.1688304;7;2.284684;3.787533;681;3.457991
62;62003;59004;57006;1.124463E-09;1;ОС-1:;состояние1_k-3.sig;1 дополнительное:;состояние2_k-27.sig;0.2776814;-0.0002689104;3.626822;684;0.1530426;408;2.297225;3.778423;352;3.473779
62;62003;59004;57006;1.124463E-09;1;ОС-1:;состояние1_k-3.sig;1 дополнительное:;состояние2_k-28.sig;0.2776814;-0.0006865565;3.626822;684;0.1065453;102;2.286572;3.723209;14;3.520276
62;62003;59004;57006;1.124463E-09;1;ОС-1:;состояние1_k-3.sig;1 дополнительное:;состояние2_k-29.sig;0.2776814;-0.000268394;3.626822;684;0.04271619;748;2.286984;3.669333;351;3.584105
62;62003;59004;57006;1.124463E-09;1;ОС-1:;состояние1_k-3.sig;1 дополнительное:;состояние2_k-30.sig;0.2776814;0;3.626822;684;0.02624465;36;2.28696;3.652106;685;3.600577
62;62003;59004;57006;1.124463E-09;1;ОС-1:;состояние1_k-3.sig;1 дополнительное:;состояние2_k-31.sig;0.2776814;-0.0006560667;3.626822;684;0.08798606;610;2.286796;3.706245;14;3.538836
62;62003;59004;57006;1.124463E-09;1;ОС-1:;состояние1_k-3.sig;1 дополнительное:;состояние2_k-32.sig;0.2776814;-0.001572611;3.626822;684;0.1348051;86;2.286688;3.760529;352;3.492017
62;62003;59004;57006;1.124463E-09;1;ОС-1:;состояние1_k-3.sig;1 дополнительное:;состояние2_k-33.sig;0.2776814;-0.001618765;3.626822;684;0.1610312;291;2.296288;3.677292;172;3.465791
62;62003;59004;57006;1.124463E-09;1;ОС-1:;состояние1_k-3.sig;1 дополнительное:;состояние2_k-34.sig;0.2776814;-0.0007573612;3.626822;684;0.1638735;425;2.285487;3.789843;351;3.462948
62;62003;59004;57006;1.124463E-09;1;ОС-1:;состояние1_k-3.sig;1 дополнительное:;состояние2_k-35.sig;0.2776814;0;3.626822;684;0.1435824;37;2.285191;3.759704;181;3.483239
62;62003;59004;57006;1.124463E-09;1;ОС-1:;состояние1_k-3.sig;1 дополнительное:;состояние2_k-36.sig;0.2776814;7.490735E-06;3.626822;684;0.1030359;87;2.286947;3.729827;351;3.523786
62;62003;59004;57006;1.124463E-09;1;ОС-1:;состояние1_k-3.sig;1 дополнительное:;состояние2_k-37.sig;0.2776814;-0.0002739421;3.626822;684;0.04888228;647;2.287339;3.670243;186;3.57794
62;62003;59004;57006;1.124463E-09;1;ОС-1:;состояние1_k-3.sig;1 дополнительное:;состояние2_k-38.sig;0.2776814;-0.0001333395;3.626822;684;0.03528069;434;2.286925;3.662102;684;3.591541
62;62003;59004;57006;1.124463E-09;1;ОС-1:;состояние1_k-3.sig;1 дополнительное:;состояние2_k-39.sig;0.2776814;0.0002508431;3.626822;684;0.100873;417;2.290847;3.725235;186;3.525949
62;62003;59004;57006;1.124463E-09;1;ОС-1:;состояние1_k-3.sig;1 дополнительное:;состояние2_k-40.sig;0.2776814;2.164394E-08;3.626822;684;0.1682958;2;2.285681;3.792488;15;3.458526
62;62003;59004;57006;1.124463E-09;1;ОС-1:;состояние1_k-4.sig;1 дополнительное:;состояние2_k-21.sig;0.09203944;0.008325155;4.642442;226;0.7885823;778;2.912301;5.427853;350;3.85386
62;62003;59004;57006;1.124463E-09;1;ОС-1:;состояние1_k-4.sig;1 дополнительное:;состояние2_k-22.sig;0.09203944;0.005564554;4.642442;226;0.443858;144;2.889921;5.08109;99;4.198584
62;62003;59004;57006;1.124463E-09;1;ОС-1:;состояние1_k-4.sig;1 дополнительное:;состояние2_k-23.sig;0.09203944;0.0005810939;4.642442;226;0.2010365;129;2.882622;4.826834;348;4.441406
62;62003;59004;57006;1.124463E-09;1;ОС-1:;состояние1_k-4.sig;1 дополнительное:;состояние2_k-24.sig;0.09203944;-0.000952324;4.642442;226;0.1042181;27;2.879938;4.689967;105;4.538224
62;62003;59004;57006;1.124463E-09;1;ОС-1:;состояние1_k-4.sig;1 дополнительное:;состояние2_k-25.sig;0.09203944;0;4.642442;226;0.1442606;15;2.879719;4.785929;475;4.498182
62;62003;59004;57006;1.124463E-09;1;ОС-1:;состояние1_k-4.sig;1 дополнительное:;состояние2_k-26.sig;0.09203944;0.0004235334;4.642442;226;0.1688304;7;2.881034;4.806137;352;4.473612
62;62003;59004;57006;1.124463E-09;1;ОС-1:;состояние1_k-4.sig;1 дополнительное:;состояние2_k-27.sig;0.09203944;-0.0002689104;4.642442;226;0.1530426;408;2.88306;4.788021;724;4.489399
62;62003;59004;57006;1.124463E-09;1;ОС-1:;состояние1_k-4.sig;1 дополнительное:;состояние2_k-28.sig;0.09203944;-0.0006865565;4.642442;226;0.1065453;102;2.871125;4.747224;101;4.535897
62;62003;59004;57006;1.124463E-09;1;ОС-1:;состояние1_k-4.sig;1 дополнительное:;состояние2_k-29.sig;0.09203944;-0.000268394;4.642442;226;0.04271619;748;2.882048;4.673092;727;4.599726
62;62003;59004;57006;1.124463E-09;1;ОС-1:;состояние1_k-4.sig;1 дополнительное:;состояние2_k-30.sig;0.09203944;0;4.642442;226;0.02624465;36;2.880644;4.667428;101;4.616198
62;62003;59004;57006;1.124463E-09;1;ОС-1:;состояние1_k-4.sig;1 дополнительное:;состояние2_k-31.sig;0.09203944;-0.0006560667;4.642442;226;0.08798606;610;2.880586;4.728933;351;4.554456
62;62003;59004;57006;1.124463E-09;1;ОС-1:;состояние1_k-4.sig;1 дополнительное:;состояние2_k-32.sig;0.09203944;-0.001572611;4.642442;226;0.1348051;86;2.882225;4.775762;226;4.507637
62;62003;59004;57006;1.124463E-09;1;ОС-1:;состояние1_k-4.sig;1 дополнительное:;состояние2_k-33.sig;0.09203944;-0.001618765;4.642442;226;0.1610312;291;2.882092;4.802192;351;4.481411
62;62003;59004;57006;1.124463E-09;1;ОС-1:;состояние1_k-4.sig;1 дополнительное:;состояние2_k-34.sig;0.09203944;-0.0007573612;4.642442;226;0.1638735;425;2.882086;4.80549;101;4.478569
62;62003;59004;57006;1.124463E-09;1;ОС-1:;состояние1_k-4.sig;1 дополнительное:;состояние2_k-35.sig;0.09203944;0;4.642442;226;0.1435824;37;2.88184;4.78574;351;4.49886
62;62003;59004;57006;1.124463E-09;1;ОС-1:;состояние1_k-4.sig;1 дополнительное:;состояние2_k-36.sig;0.09203944;7.490735E-06;4.642442;226;0.1030359;87;2.872237;4.577387;93;4.539406
62;62003;59004;57006;1.124463E-09;1;ОС-1:;состояние1_k-4.sig;1 дополнительное:;состояние2_k-37.sig;0.09203944;-0.0002739421;4.642442;226;0.04888228;647;2.881487;4.690443;350;4.59356
62;62003;59004;57006;1.124463E-09;1;ОС-1:;состояние1_k-4.sig;1 дополнительное:;состояние2_k-38.sig;0.09203944;-0.0001333395;4.642442;226;0.03528069;434;2.880693;4.674695;475;4.607162
62;62003;59004;57006;1.124463E-09;1;ОС-1:;состояние1_k-4.sig;1 дополнительное:;состояние2_k-39.sig;0.09203944;0.0002508431;4.642442;226;0.100873;417;2.87995;4.742237;225;4.541569
62;62003;59004;57006;1.124463E-09;1;ОС-1:;состояние1_k-4.sig;1 дополнительное:;состояние2_k-40.sig;0.09203944;2.164394E-08;4.642442;226;0.1682958;2;2.881063;4.808579;102;4.474146
62;62003;59004;57006;1.124463E-09;1;ОС-1:;состояние1_k-5.sig;1 дополнительное:;состояние2_k-21.sig;0;0.008325155;5.504389;151;0.7885823;778;3.518485;6.270088;253;4.715807
62;62003;59004;57006;1.124463E-09;1;ОС-1:;состояние1_k-5.sig;1 дополнительное:;состояние2_k-22.sig;0;0.005564554;5.504389;151;0.443858;144;3.5128;5.939292;349;5.060531
62;62003;59004;57006;1.124463E-09;1;ОС-1:;состояние1_k-5.sig;1 дополнительное:;состояние2_k-23.sig;0;0.0005810939;5.504389;151;0.2010365;129;3.509468;5.705263;151;5.303353
62;62003;59004;57006;1.124463E-09;1;ОС-1:;состояние1_k-5.sig;1 дополнительное:;состояние2_k-24.sig;0;-0.000952324;5.504389;151;0.1042181;27;3.505026;5.607725;651;5.400171
62;62003;59004;57006;1.124463E-09;1;ОС-1:;состояние1_k-5.sig;1 дополнительное:;состояние2_k-25.sig;0;0;5.504389;151;0.1442606;15;3.519563;5.63156;52;5.360129
62;62003;59004;57006;1.124463E-09;1;ОС-1:;состояние1_k-5.sig;1 дополнительное:;состояние2_k-26.sig;0;0.0004235334;5.504389;151;0.1688304;7;3.5003;5.638403;48;5.335559
62;62003;59004;57006;1.124463E-09;1;ОС-1:;состояние1_k-5.sig;1 дополнительное:;состояние2_k-27.sig;0;-0.0002689104;5.504389;151;0.1530426;408;3.501884;5.652924;352;5.351346
62;62003;59004;57006;1.124463E-09;1;ОС-1:;состояние1_k-5.sig;1 дополнительное:;состояние2_k-28.sig;0;-0.0006865565;5.504389;151;0.1065453;102;3.503561;5.605676;550;5.397844
62;62003;59004;57006;1.124463E-09;1;ОС-1:;состояние1_k-5.sig;1 дополнительное:;состояние2_k-29.sig;0;-0.000268394;5.504389;151;0.04271619;748;3.504246;5.546927;351;5.461673
62;62003;59004;57006;1.124463E-09;1;ОС-1:;состояние1_k-5.sig;1 дополнительное:;состояние2_k-30.sig;0;0;5.504389;151;0.02624465;36;3.504334;5.529375;151;5.478145
62;62003;59004;57006;1.124463E-09;1;ОС-1:;состояние1_k-5.sig;1 дополнительное:;состояние2_k-31.sig;0;-0.0006560667;5.504389;151;0.08798606;610;3.504432;5.588266;450;5.416403
62;62003;59004;57006;1.124463E-09;1;ОС-1:;состояние1_k-5.sig;1 дополнительное:;состояние2_k-32.sig;0;-0.001572611;5.504389;151;0.1348051;86;3.504404;5.637709;351;5.369584
62;62003;59004;57006;1.124463E-09;1;ОС-1:;состояние1_k-5.sig;1 дополнительное:;состояние2_k-33.sig;0;-0.001618765;5.504389;151;0.1610312;291;3.503728;5.657079;50;5.343358
62;62003;59004;57006;1.124463E-09;1;ОС-1:;состояние1_k-5.sig;1 дополнительное:;состояние2_k-34.sig;0;-0.0007573612;5.504389;151;0.1638735;425;3.502392;5.667438;351;5.340516
62;62003;59004;57006;1.124463E-09;1;ОС-1:;состояние1_k-5.sig;1 дополнительное:;состояние2_k-35.sig;0;0;5.504389;151;0.1435824;37;3.517224;5.387871;45;5.360807
62;62003;59004;57006;1.124463E-09;1;ОС-1:;состояние1_k-5.sig;1 дополнительное:;состояние2_k-36.sig;0;7.490735E-06;5.504389;151;0.1030359;87;3.502526;5.607421;351;5.401353
62;62003;59004;57006;1.124463E-09;1;ОС-1:;состояние1_k-5.sig;1 дополнительное:;состояние2_k-37.sig;0;-0.0002739421;5.504389;151;0.04888228;647;3.503804;5.550642;51;5.455507
62;62003;59004;57006;1.124463E-09;1;ОС-1:;состояние1_k-5.sig;1 дополнительное:;состояние2_k-38.sig;0;-0.0001333395;5.504389;151;0.03528069;434;3.504668;5.538257;251;5.469109
62;62003;59004;57006;1.124463E-09;1;ОС-1:;состояние1_k-5.sig;1 дополнительное:;состояние2_k-39.sig;0;0.0002508431;5.504389;151;0.100873;417;3.504927;5.598849;352;5.403516
62;62003;59004;57006;1.124463E-09;1;ОС-1:;состояние1_k-5.sig;1 дополнительное:;состояние2_k-40.sig;0;2.164394E-08;5.504389;151;0.1682958;2;3.505564;5.66865;52;5.336093
62;62003;59004;57006;1.124463E-09;1;ОС-1:;состояние1_k-6.sig;1 дополнительное:;состояние2_k-21.sig;0.06367082;0.008325155;6.188612;434;0.7885823;778;4.02586;6.972363;350;5.40003
62;62003;59004;57006;1.124463E-09;1;ОС-1:;состояние1_k-6.sig;1 дополнительное:;состояние2_k-22.sig;0.06367082;0.005564554;6.188612;434;0.443858;144;4.019973;6.569004;187;5.744754
62;62003;59004;57006;1.124463E-09;1;ОС-1:;состояние1_k-6.sig;1 дополнительное:;состояние2_k-23.sig;0.06367082;0.0005810939;6.188612;434;0.2010365;129;4.012669;6.377302;518;5.987576
62;62003;59004;57006;1.124463E-09;1;ОС-1:;состояние1_k-6.sig;1 дополнительное:;состояние2_k-24.sig;0.06367082;-0.000952324;6.188612;434;0.1042181;27;4.011649;6.216604;19;6.084394
62;62003;59004;57006;1.124463E-09;1;ОС-1:;состояние1_k-6.sig;1 дополнительное:;состояние2_k-25.sig;0.06367082;0;6.188612;434;0.1442606;15;4.015315;6.332016;434;6.044352
62;62003;59004;57006;1.124463E-09;1;ОС-1:;состояние1_k-6.sig;1 дополнительное:;состояние2_k-26.sig;0.06367082;0.0004235334;6.188612;434;0.1688304;7;4.016573;6.347606;102;6.019782
62;62003;59004;57006;1.124463E-09;1;ОС-1:;состояние1_k-6.sig;1 дополнительное:;состояние2_k-27.sig;0.06367082;-0.0002689104;6.188612;434;0.1530426;408;4.01414;6.337376;518;6.035569
62;62003;59004;57006;1.124463E-09;1;ОС-1:;состояние1_k-6.sig;1 дополнительное:;состояние2_k-28.sig;0.06367082;-0.0006865565;6.188612;434;0.1065453;102;4.01144;6.293145;351;6.082067
62;62003;59004;57006;1.124463E-09;1;ОС-1:;состояние1_k-6.sig;1 дополнительное:;состояние2_k-29.sig;0.06367082;-0.000268394;6.188612;434;0.04271619;748;4.012151;6.228562;767;6.145896
62;62003;59004;57006;1.124463E-09;1;ОС-1:;состояние1_k-6.sig;1 дополнительное:;состояние2_k-30.sig;0.06367082;0;6.188612;434;0.02624465;36;4.011086;6.16418;184;6.162367
62;62003;59004;57006;1.124463E-09;1;ОС-1:;состояние1_k-6.sig;1 дополнительное:;состояние2_k-31.sig;0.06367082;-0.0006560667;6.188612;434;0.08798606;610;4.017326;6.274854;351;6.100626
62;62003;59004;57006;1.124463E-09;1;ОС-1:;состояние1_k-6.sig;1 дополнительное:;состояние2_k-32.sig;0.06367082;-0.001572611;6.188612;434;0.1348051;86;4.017466;6.321683;101;6.053807
62;62003;59004;57006;1.124463E-09;1;ОС-1:;состояние1_k-6.sig;1 дополнительное:;состояние2_k-33.sig;0.06367082;-0.001618765;6.188612;434;0.1610312;291;4.016313;6.348113;351;6.027581
62;62003;59004;57006;1.124463E-09;1;ОС-1:;состояние1_k-6.sig;1 дополнительное:;состояние2_k-34.sig;0.06367082;-0.0007573612;6.188612;434;0.1638735;425;4.015585;6.315939;16;6.024738
62;62003;59004;57006;1.124463E-09;1;ОС-1:;состояние1_k-6.sig;1 дополнительное:;состояние2_k-35.sig;0.06367082;0;6.188612;434;0.1435824;37;4.015266;6.331661;351;6.04503
62;62003;59004;57006;1.124463E-09;1;ОС-1:;состояние1_k-6.sig;1 дополнительное:;состояние2_k-36.sig;0.06367082;7.490735E-06;6.188612;434;0.1030359;87;4.015196;6.29146;434;6.085576
62;62003;59004;57006;1.124463E-09;1;ОС-1:;состояние1_k-6.sig;1 дополнительное:;состояние2_k-37.sig;0.06367082;-0.0002739421;6.188612;434;0.04888228;647;4.01419;6.235491;768;6.139729
62;62003;59004;57006;1.124463E-09;1;ОС-1:;состояние1_k-6.sig;1 дополнительное:;состояние2_k-38.sig;0.06367082;-0.0001333395;6.188612;434;0.03528069;434;4.013878;6.208231;101;6.153331
62;62003;59004;57006;1.124463E-09;1;ОС-1:;состояние1_k-6.sig;1 дополнительное:;состояние2_k-39.sig;0.06367082;0.0002508431;6.188612;434;0.100873;417;4.015145;6.281324;185;6.087739
62;62003;59004;57006;1.124463E-09;1;ОС-1:;состояние1_k-6.sig;1 дополнительное:;состояние2_k-40.sig;0.06367082;2.164394E-08;6.188612;434;0.1682958;2;4.017473;6.350049;352;6.020316
62;62003;59004;57006;1.124463E-09;1;ОС-1:;состояние1_k-7.sig;1 дополнительное:;состояние2_k-21.sig;0.1960293;0.008325155;6.678765;65;0.7885823;778;4.440777;6.007368;144;5.890182
62;62003;59004;57006;1.124463E-09;1;ОС-1:;состояние1_k-7.sig;1 дополнительное:;состояние2_k-22.sig;0.1960293;0.005564554;6.678765;65;0.443858;144;4.261658;7.118863;280;6.234907
62;62003;59004;57006;1.124463E-09;1;ОС-1:;состояние1_k-7.sig;1 дополнительное:;состояние2_k-23.sig;0.1960293;0.0005810939;6.678765;65;0.2010365;129;4.270345;6.876606;65;6.477728
62;62003;59004;57006;1.124463E-09;1;ОС-1:;состояние1_k-7.sig;1 дополнительное:;состояние2_k-24.sig;0.1960293;-0.000952324;6.678765;65;0.1042181;27;4.276138;6.777074;279;6.574547
62;62003;59004;57006;1.124463E-09;1;ОС-1:;состояние1_k-7.sig;1 дополнительное:;состояние2_k-25.sig;0.1960293;0;6.678765;65;0.1442606;15;4.277776;6.819016;136;6.534504
62;62003;59004;57006;1.124463E-09;1;ОС-1:;состояние1_k-7.sig;1 дополнительное:;состояние2_k-26.sig;0.1960293;0.0004235334;6.678765;65;0.1688304;7;4.276587;6.847379;65;6.509934
62;62003;59004;57006;1.124463E-09;1;ОС-1:;состояние1_k-7.sig;1 дополнительное:;состояние2_k-27.sig;0.1960293;-0.0002689104;6.678765;65;0.1530426;408;4.274669;6.826674;351;6.525722
62;62003;59004;57006;1.124463E-09;1;ОС-1:;состояние1_k-7.sig;1 дополнительное:;состояние2_k-28.sig;0.1960293;-0.0006865565;6.678765;65;0.1065453;102;4.274144;6.78294;708;6.572219
62;62003;59004;57006;1.124463E-09;1;ОС-1:;состояние1_k-7.sig;1 дополнительное:;состояние2_k-29.sig;0.1960293;-0.000268394;6.678765;65;0.04271619;748;4.274288;6.720863;351;6.636049
62;62003;59004;57006;1.124463E-09;1;ОС-1:;состояние1_k-7.sig;1 дополнительное:;состояние2_k-30.sig;0.1960293;0;6.678765;65;0.02624465;36;4.274689;6.703695;136;6.65252
62;62003;59004;57006;1.124463E-09;1;ОС-1:;состояние1_k-7.sig;1 дополнительное:;состояние2_k-31.sig;0.1960293;-0.0006560667;6.678765;65;0.08798606;610;4.27506;6.764216;208;6.590779
62;62003;59004;57006;1.124463E-09;1;ОС-1:;состояние1_k-7.sig;1 дополнительное:;состояние2_k-32.sig;0.1960293;-0.001572611;6.678765;65;0.1348051;86;4.276255;6.811645;351;6.54396
62;62003;59004;57006;1.124463E-09;1;ОС-1:;состояние1_k-7.sig;1 дополнительное:;состояние2_k-33.sig;0.1960293;-0.001618765;6.678765;65;0.1610312;291;4.278728;6.834246;65;6.517734
62;62003;59004;57006;1.124463E-09;1;ОС-1:;состояние1_k-7.sig;1 дополнительное:;состояние2_k-34.sig;0.1960293;-0.0007573612;6.678765;65;0.1638735;425;4.281304;6.841373;351;6.514891
62;62003;59004;57006;1.124463E-09;1;ОС-1:;состояние1_k-7.sig;1 дополнительное:;состояние2_k-35.sig;0.1960293;0;6.678765;65;0.1435824;37;4.258165;6.537418;493;6.535182
62;62003;59004;57006;1.124463E-09;1;ОС-1:;состояние1_k-7.sig;1 дополнительное:;состояние2_k-36.sig;0.1960293;7.490735E-06;6.678765;65;0.1030359;87;4.27881;6.781357;351;6.575729
62;62003;59004;57006;1.124463E-09;1;ОС-1:;состояние1_k-7.sig;1 дополнительное:;состояние2_k-37.sig;0.1960293;-0.0002739421;6.678765;65;0.04888228;647;4.275507;6.726507;65;6.629882
62;62003;59004;57006;1.124463E-09;1;ОС-1:;состояние1_k-7.sig;1 дополнительное:;состояние2_k-38.sig;0.1960293;-0.0001333395;6.678765;65;0.03528069;434;4.274084;6.713685;565;6.643484
62;62003;59004;57006;1.124463E-09;1;ОС-1:;состояние1_k-7.sig;1 дополнительное:;состояние2_k-39.sig;0.1960293;0.0002508431;6.678765;65;0.100873;417;4.274981;6.774934;136;6.577892
62;62003;59004;57006;1.124463E-09;1;ОС-1:;состояние1_k-7.sig;1 дополнительное:;состояние2_k-40.sig;0.1960293;2.164394E-08;6.678765;65;0.1682958;2;4.276495;6.848245;65;6.510469
62;62003;59004;57006;1.124463E-09;1;ОС-1:;состояние1_k-8.sig;1 дополнительное:;состояние2_k-21.sig;0.2542452;0.008325155;6.967231;38;0.7885823;778;4.431252;7.749238;350;6.178648
62;62003;59004;57006;1.124463E-09;1;ОС-1:;состояние1_k-8.sig;1 дополнительное:;состояние2_k-22.sig;0.2542452;0.005564554;6.967231;38;0.443858;144;4.424429;7.398437;100;6.523373
62;62003;59004;57006;1.124463E-09;1;ОС-1:;состояние1_k-8.sig;1 дополнительное:;состояние2_k-23.sig;0.2542452;0.0005810939;6.967231;38;0.2010365;129;4.427896;7.166672;476;6.766194
62;62003;59004;57006;1.124463E-09;1;ОС-1:;состояние1_k-8.sig;1 дополнительное:;состояние2_k-24.sig;0.2542452;-0.000952324;6.967231;38;0.1042181;27;4.433861;6.988963;39;6.863013
62;62003;59004;57006;1.124463E-09;1;ОС-1:;состояние1_k-8.sig;1 дополнительное:;состояние2_k-25.sig;0.2542452;0;6.967231;38;0.1442606;15;4.444976;7.0931;38;6.82297
62;62003;59004;57006;1.124463E-09;1;ОС-1:;состояние1_k-8.sig;1 дополнительное:;состояние2_k-26.sig;0.2542452;0.0004235334;6.967231;38;0.1688304;7;4.445734;7.125693;413;6.7984
62;62003;59004;57006;1.124463E-09;1;ОС-1:;состояние1_k-8.sig;1 дополнительное:;состояние2_k-27.sig;0.2542452;-0.0002689104;6.967231;38;0.1530426;408;4.442055;7.120003;538;6.814188
62;62003;59004;57006;1.124463E-09;1;ОС-1:;состояние1_k-8.sig;1 дополнительное:;состояние2_k-28.sig;0.2542452;-0.0006865565;6.967231;38;0.1065453;102;4.437984;7.071785;101;6.860685
62;62003;59004;57006;1.124463E-09;1;ОС-1:;состояние1_k-8.sig;1 дополнительное:;состояние2_k-29.sig;0.2542452;-0.000268394;6.967231;38;0.04271619;748;4.436653;7.009013;663;6.924515
62;62003;59004;57006;1.124463E-09;1;ОС-1:;состояние1_k-8.sig;1 дополнительное:;состояние2_k-30.sig;0.2542452;0;6.967231;38;0.02624465;36;4.437055;6.991989;101;6.940986
62;62003;59004;57006;1.124463E-09;1;ОС-1:;состояние1_k-8.sig;1 дополнительное:;состояние2_k-31.sig;0.2542452;-0.0006560667;6.967231;38;0.08798606;610;4.437623;7.054678;788;6.879245
62;62003;59004;57006;1.124463E-09;1;ОС-1:;состояние1_k-8.sig;1 дополнительное:;состояние2_k-32.sig;0.2542452;-0.001572611;6.967231;38;0.1348051;86;4.438077;7.097847;38;6.832426
62;62003;59004;57006;1.124463E-09;1;ОС-1:;состояние1_k-8.sig;1 дополнительное:;состояние2_k-33.sig;0.2542452;-0.001618765;6.967231;38;0.1610312;291;4.437652;7.126753;351;6.8062
62;62003;59004;57006;1.124463E-09;1;ОС-1:;состояние1_k-8.sig;1 дополнительное:;состояние2_k-34.sig;0.2542452;-0.0007573612;6.967231;38;0.1638735;425;4.438352;7.130052;101;6.803357
62;62003;59004;57006;1.124463E-09;1;ОС-1:;состояние1_k-8.sig;1 дополнительное:;состояние2_k-35.sig;0.2542452;0;6.967231;38;0.1435824;37;4.439054;7.110301;351;6.823648
62;62003;59004;57006;1.124463E-09;1;ОС-1:;состояние1_k-8.sig;1 дополнительное:;состояние2_k-36.sig;0.2542452;7.490735E-06;6.967231;38;0.1030359;87;4.438953;7.070035;226;6.864195
62;62003;59004;57006;1.124463E-09;1;ОС-1:;состояние1_k-8.sig;1 дополнительное:;состояние2_k-37.sig;0.2542452;-0.0002739421;6.967231;38;0.04888228;647;4.437904;7.015038;38;6.918348
62;62003;59004;57006;1.124463E-09;1;ОС-1:;состояние1_k-8.sig;1 дополнительное:;состояние2_k-38.sig;0.2542452;-0.0001333395;6.967231;38;0.03528069;434;4.436773;7.000866;288;6.93195
62;62003;59004;57006;1.124463E-09;1;ОС-1:;состояние1_k-8.sig;1 дополнительное:;состояние2_k-39.sig;0.2542452;0.0002508431;6.967231;38;0.100873;417;4.435725;7.066242;788;6.866358
62;62003;59004;57006;1.124463E-09;1;ОС-1:;состояние1_k-8.sig;1 дополнительное:;состояние2_k-40.sig;0.2542452;2.164394E-08;6.967231;38;0.1682958;2;4.458166;7.126834;39;6.798935
62;62003;59004;57006;1.124463E-09;1;ОС-1:;состояние1_k-9.sig;1 дополнительное:;состояние2_k-21.sig;0.1701512;0.008325155;7.056909;684;0.7885823;778;4.535965;7.660494;131;6.268327
62;62003;59004;57006;1.124463E-09;1;ОС-1:;состояние1_k-9.sig;1 дополнительное:;состояние2_k-22.sig;0.1701512;0.005564554;7.056909;684;0.443858;144;4.536961;7.486649;350;6.613051
62;62003;59004;57006;1.124463E-09;1;ОС-1:;состояние1_k-9.sig;1 дополнительное:;состояние2_k-23.sig;0.1701512;0.0005810939;7.056909;684;0.2010365;129;4.53725;7.250281;239;6.855873
62;62003;59004;57006;1.124463E-09;1;ОС-1:;состояние1_k-9.sig;1 дополнительное:;состояние2_k-24.sig;0.1701512;-0.000952324;7.056909;684;0.1042181;27;4.536809;7.154196;462;6.952691
62;62003;59004;57006;1.124463E-09;1;ОС-1:;состояние1_k-9.sig;1 дополнительное:;состояние2_k-25.sig;0.1701512;0;7.056909;684;0.1442606;15;4.539951;7.200925;295;6.912649
62;62003;59004;57006;1.124463E-09;1;ОС-1:;состояние1_k-9.sig;1 дополнительное:;состояние2_k-26.sig;0.1701512;0.0004235334;7.056909;684;0.1688304;7;4.545093;7.225021;795;6.888079
62;62003;59004;57006;1.124463E-09;1;ОС-1:;состояние1_k-9.sig;1 дополнительное:;состояние2_k-27.sig;0.1701512;-0.0002689104;7.056909;684;0.1530426;408;4.508101;7.204321;351;6.903866
62;62003;59004;57006;1.124463E-09;1;ОС-1:;состояние1_k-9.sig;1 дополнительное:;состояние2_k-28.sig;0.1701512;-0.0006865565;7.056909;684;0.1065453;102;4.544357;7.14552;796;6.950364
62;62003;59004;57006;1.124463E-09;1;ОС-1:;состояние1_k-9.sig;1 дополнительное:;состояние2_k-29.sig;0.1701512;-0.000268394;7.056909;684;0.04271619;748;4.539799;7.098509;351;7.014193
62;62003;59004;57006;1.124463E-09;1;ОС-1:;состояние1_k-9.sig;1 дополнительное:;состояние2_k-30.sig;0.1701512;0;7.056909;684;0.02624465;36;4.537559;7.081341;684;7.030664
62;62003;59004;57006;1.124463E-09;1;ОС-1:;состояние1_k-9.sig;1 дополнительное:;состояние2_k-31.sig;0.1701512;-0.0006560667;7.056909;684;0.08798606;610;4.538648;7.141565;240;6.968923
62;62003;59004;57006;1.124463E-09;1;ОС-1:;состояние1_k-9.sig;1 дополнительное:;состояние2_k-32.sig;0.1701512;-0.001572611;7.056909;684;0.1348051;86;4.540034;7.189291;351;6.922104
62;62003;59004;57006;1.124463E-09;1;ОС-1:;состояние1_k-9.sig;1 дополнительное:;состояние2_k-33.sig;0.1701512;-0.001618765;7.056909;684;0.1610312;291;4.539524;7.17349;461;6.895878
62;62003;59004;57006;1.124463E-09;1;ОС-1:;состояние1_k-9.sig;1 дополнительное:;состояние2_k-34.sig;0.1701512;-0.0007573612;7.056909;684;0.1638735;425;4.537968;7.219019;351;6.893035
62;62003;59004;57006;1.124463E-09;1;ОС-1:;состояние1_k-9.sig;1 дополнительное:;состояние2_k-35.sig;0.1701512;0;7.056909;684;0.1435824;37;4.537175;7.197707;295;6.913327
62;62003;59004;57006;1.124463E-09;1;ОС-1:;состояние1_k-9.sig;1 дополнительное:;состояние2_k-36.sig;0.1701512;7.490735E-06;7.056909;684;0.1030359;87;4.538342;7.159849;573;6.953873
62;62003;59004;57006;1.124463E-09;1;ОС-1:;состояние1_k-9.sig;1 дополнительное:;состояние2_k-37.sig;0.1701512;-0.0002739421;7.056909;684;0.04888228;647;4.538458;7.104971;295;7.008027
62;62003;59004;57006;1.124463E-09;1;ОС-1:;состояние1_k-9.sig;1 дополнительное:;состояние2_k-38.sig;0.1701512;-0.0001333395;7.056909;684;0.03528069;434;4.53779;7.09219;684;7.021628
62;62003;59004;57006;1.124463E-09;1;ОС-1:;состояние1_k-9.sig;1 дополнительное:;состояние2_k-39.sig;0.1701512;0.0002508431;7.056909;684;0.100873;417;4.537052;7.146242;351;6.956036
62;62003;59004;57006;1.124463E-09;1;ОС-1:;состояние1_k-9.sig;1 дополнительное:;состояние2_k-40.sig;0.1701512;2.164394E-08;7.056909;684;0.1682958;2;4.537779;7.224578;240;6.888613
62;62003;59004;57006;1.124463E-09;1;ОС-1:;состояние1_k-10.sig;1 дополнительное:;состояние2_k-21.sig;0;0.008325155;6.955211;1;0.7885823;778;4.425205;7.736198;350;6.166628
62;62003;59004;57006;1.124463E-09;1;ОС-1:;состояние1_k-10.sig;1 дополнительное:;состояние2_k-22.sig;0;0.005564554;6.955211;1;0.443858;144;4.423449;7.379992;51;6.511353
62;62003;59004;57006;1.124463E-09;1;ОС-1:;состояние1_k-10.sig;1 дополнительное:;состояние2_k-23.sig;0;0.0005810939;6.955211;1;0.2010365;129;4.428944;7.156085;651;6.754174
62;62003;59004;57006;1.124463E-09;1;ОС-1:;состояние1_k-10.sig;1 дополнительное:;состояние2_k-24.sig;0;-0.000952324;6.955211;1;0.1042181;27;4.431266;7.058546;151;6.850993
62;62003;59004;57006;1.124463E-09;1;ОС-1:;состояние1_k-10.sig;1 дополнительное:;состояние2_k-25.sig;0;0;6.955211;1;0.1442606;15;4.429142;7.075376;51;6.81095
62;62003;59004;57006;1.124463E-09;1;ОС-1:;состояние1_k-10.sig;1 дополнительное:;состояние2_k-26.sig;0;0.0004235334;6.955211;1;0.1688304;7;4.428682;7.113722;101;6.78638
62;62003;59004;57006;1.124463E-09;1;ОС-1:;состояние1_k-10.sig;1 дополнительное:;состояние2_k-27.sig;0;-0.0002689104;6.955211;1;0.1530426;408;4.430816;7.107922;501;6.802168
62;62003;59004;57006;1.124463E-09;1;ОС-1:;состояние1_k-10.sig;1 дополнительное:;состояние2_k-28.sig;0;-0.0006865565;6.955211;1;0.1065453;102;4.432676;7.059993;351;6.848665
62;62003;59004;57006;1.124463E-09;1;ОС-1:;состояние1_k-10.sig;1 дополнительное:;состояние2_k-29.sig;0;-0.000268394;6.955211;1;0.04271619;748;4.431291;6.991928;751;6.912495
62;62003;59004;57006;1.124463E-09;1;ОС-1:;состояние1_k-10.sig;1 дополнительное:;состояние2_k-30.sig;0;0;6.955211;1;0.02624465;36;4.43421;6.930225;1;6.928966
62;62003;59004;57006;1.124463E-09;1;ОС-1:;состояние1_k-10.sig;1 дополнительное:;состояние2_k-31.sig;0;-0.0006560667;6.955211;1;0.08798606;610;4.425492;7.04246;401;6.867225
62;62003;59004;57006;1.124463E-09;1;ОС-1:;состояние1_k-10.sig;1 дополнительное:;состояние2_k-32.sig;0;-0.001572611;6.955211;1;0.1348051;86;4.425851;7.088531;101;6.820405
62;62003;59004;57006;1.124463E-09;1;ОС-1:;состояние1_k-10.sig;1 дополнительное:;состояние2_k-33.sig;0;-0.001618765;6.955211;1;0.1610312;291;4.427769;7.114961;351;6.794179
62;62003;59004;57006;1.124463E-09;1;ОС-1:;состояние1_k-10.sig;1 дополнительное:;состояние2_k-34.sig;0;-0.0007573612;6.955211;1;0.1638735;425;4.429026;7.105862;0;6.791337
62;62003;59004;57006;1.124463E-09;1;ОС-1:;состояние1_k-10.sig;1 дополнительное:;состояние2_k-35.sig;0;0;6.955211;1;0.1435824;37;4.429084;7.098509;151;6.811628
62;62003;59004;57006;1.124463E-09;1;ОС-1:;состояние1_k-10.sig;1 дополнительное:;состояние2_k-36.sig;0;7.490735E-06;6.955211;1;0.1030359;87;4.4289;7.058243;101;6.852175
62;62003;59004;57006;1.124463E-09;1;ОС-1:;состояние1_k-10.sig;1 дополнительное:;состояние2_k-37.sig;0;-0.0002739421;6.955211;1;0.04888228;647;4.42895;7.004087;201;6.906328
62;62003;59004;57006;1.124463E-09;1;ОС-1:;состояние1_k-10.sig;1 дополнительное:;состояние2_k-38.sig;0;-0.0001333395;6.955211;1;0.03528069;434;4.429163;6.989079;1;6.91993
62;62003;59004;57006;1.124463E-09;1;ОС-1:;состояние1_k-10.sig;1 дополнительное:;состояние2_k-39.sig;0;0.0002508431;6.955211;1;0.100873;417;4.429215;7.054975;301;6.854338
62;62003;59004;57006;1.124463E-09;1;ОС-1:;состояние1_k-10.sig;1 дополнительное:;состояние2_k-40.sig;0;2.164394E-08;6.955211;1;0.1682958;2;4.429528;7.113235;51;6.786915
62;62003;59004;57006;1.124463E-09;1;ОС-1:;состояние1_k-11.sig;1 дополнительное:;состояние2_k-21.sig;-0.1382794;0.008325155;6.683999;78;0.7885823;778;4.225796;7.465171;396;5.895416
62;62003;59004;57006;1.124463E-09;1;ОС-1:;состояние1_k-11.sig;1 дополнительное:;состояние2_k-22.sig;-0.1382794;0.005564554;6.683999;78;0.443858;144;4.216968;7.113408;623;6.24014
62;62003;59004;57006;1.124463E-09;1;ОС-1:;состояние1_k-11.sig;1 дополнительное:;состояние2_k-23.sig;-0.1382794;0.0005810939;6.683999;78;0.2010365;129;4.212649;6.875799;214;6.482962
62;62003;59004;57006;1.124463E-09;1;ОС-1:;состояние1_k-11.sig;1 дополнительное:;состояние2_k-24.sig;-0.1382794;-0.000952324;6.683999;78;0.1042181;27;4.216028;6.786669;714;6.579781
62;62003;59004;57006;1.124463E-09;1;ОС-1:;состояние1_k-11.sig;1 дополнительное:;состояние2_k-25.sig;-0.1382794;0;6.683999;78;0.1442606;15;4.216693;6.826002;214;6.539738
62;62003;59004;57006;1.124463E-09;1;ОС-1:;состояние1_k-11.sig;1 дополнительное:;состояние2_k-26.sig;-0.1382794;0.0004235334;6.683999;78;0.1688304;7;4.21574;6.849561;123;6.515168
62;62003;59004;57006;1.124463E-09;1;ОС-1:;состояние1_k-11.sig;1 дополнительное:;состояние2_k-27.sig;-0.1382794;-0.0002689104;6.683999;78;0.1530426;408;4.214948;6.830628;351;6.530956
62;62003;59004;57006;1.124463E-09;1;ОС-1:;состояние1_k-11.sig;1 дополнительное:;состояние2_k-28.sig;-0.1382794;-0.0006865565;6.683999;78;0.1065453;102;4.214284;6.786968;442;6.577453
62;62003;59004;57006;1.124463E-09;1;ОС-1:;состояние1_k-11.sig;1 дополнительное:;состояние2_k-29.sig;-0.1382794;-0.000268394;6.683999;78;0.04271619;748;4.214142;6.724817;351;6.641283
62;62003;59004;57006;1.124463E-09;1;ОС-1:;состояние1_k-11.sig;1 дополнительное:;состояние2_k-30.sig;-0.1382794;0;6.683999;78;0.02624465;36;4.213419;6.709885;669;6.657754
62;62003;59004;57006;1.124463E-09;1;ОС-1:;состояние1_k-11.sig;1 дополнительное:;состояние2_k-31.sig;-0.1382794;-0.0006560667;6.683999;78;0.08798606;610;4.211906;6.771884;78;6.596013
62;62003;59004;57006;1.124463E-09;1;ОС-1:;состояние1_k-11.sig;1 дополнительное:;состояние2_k-32.sig;-0.1382794;-0.001572611;6.683999;78;0.1348051;86;4.210065;6.818148;305;6.549193
62;62003;59004;57006;1.124463E-09;1;ОС-1:;состояние1_k-11.sig;1 дополнительное:;состояние2_k-33.sig;-0.1382794;-0.001618765;6.683999;78;0.1610312;291;4.249627;6.526904;214;6.522967
62;62003;59004;57006;1.124463E-09;1;ОС-1:;состояние1_k-11.sig;1 дополнительное:;состояние2_k-34.sig;-0.1382794;-0.0007573612;6.683999;78;0.1638735;425;4.207963;6.847064;396;6.520125
62;62003;59004;57006;1.124463E-09;1;ОС-1:;состояние1_k-11.sig;1 дополнительное:;состояние2_k-35.sig;-0.1382794;0;6.683999;78;0.1435824;37;4.209369;6.82489;123;6.540416
62;62003;59004;57006;1.124463E-09;1;ОС-1:;состояние1_k-11.sig;1 дополнительное:;состояние2_k-36.sig;-0.1382794;7.490735E-06;6.683999;78;0.1030359;87;4.212062;6.785311;351;6.580963
62;62003;59004;57006;1.124463E-09;1;ОС-1:;состояние1_k-11.sig;1 дополнительное:;состояние2_k-37.sig;-0.1382794;-0.0002739421;6.683999;78;0.04888228;647;4.213781;6.731037;214;6.635116
62;62003;59004;57006;1.124463E-09;1;ОС-1:;состояние1_k-11.sig;1 дополнительное:;состояние2_k-38.sig;-0.1382794;-0.0001333395;6.683999;78;0.03528069;434;4.21399;6.719203;487;6.648718
62;62003;59004;57006;1.124463E-09;1;ОС-1:;состояние1_k-11.sig;1 дополнительное:;состояние2_k-39.sig;-0.1382794;0.0002508431;6.683999;78;0.100873;417;4.213727;6.780762;32;6.583126
62;62003;59004;57006;1.124463E-09;1;ОС-1:;состояние1_k-11.sig;1 дополнительное:;состояние2_k-40.sig;-0.1382794;2.164394E-08;6.683999;78;0.1682958;2;4.214312;6.851991;578;6.515703
62;62003;59004;57006;1.124463E-09;1;ОС-1:;состояние1_k-12.sig;1 дополнительное:;состояние2_k-21.sig;-0.1691935;0.008325155;6.263383;59;0.7885823;778;4.003361;7.044466;17;5.474801
62;62003;59004;57006;1.124463E-09;1;ОС-1:;состояние1_k-12.sig;1 дополнительное:;состояние2_k-22.sig;-0.1691935;0.005564554;6.263383;59;0.443858;144;3.98496;6.694099;393;5.819525
62;62003;59004;57006;1.124463E-09;1;ОС-1:;состояние1_k-12.sig;1 дополнительное:;состояние2_k-23.sig;-0.1691935;0.0005810939;6.263383;59;0.2010365;129;3.979465;6.463478;434;6.062347
62;62003;59004;57006;1.124463E-09;1;ОС-1:;состояние1_k-12.sig;1 дополнительное:;состояние2_k-24.sig;-0.1691935;-0.000952324;6.263383;59;0.1042181;27;3.980281;6.279984;101;6.159165
62;62003;59004;57006;1.124463E-09;1;ОС-1:;состояние1_k-12.sig;1 дополнительное:;состояние2_k-25.sig;-0.1691935;0;6.263383;59;0.1442606;15;3.981425;6.40263;476;6.119123
62;62003;59004;57006;1.124463E-09;1;ОС-1:;состояние1_k-12.sig;1 дополнительное:;состояние2_k-26.sig;-0.1691935;0.0004235334;6.263383;59;0.1688304;7;3.981329;6.430237;142;6.094553
62;62003;59004;57006;1.124463E-09;1;ОС-1:;состояние1_k-12.sig;1 дополнительное:;состояние2_k-27.sig;-0.1691935;-0.0002689104;6.263383;59;0.1530426;408;3.981093;6.40937;184;6.110341
62;62003;59004;57006;1.124463E-09;1;ОС-1:;состояние1_k-12.sig;1 дополнительное:;состояние2_k-28.sig;-0.1691935;-0.0006865565;6.263383;59;0.1065453;102;3.979887;6.365847;101;6.156838
62;62003;59004;57006;1.124463E-09;1;ОС-1:;состояние1_k-12.sig;1 дополнительное:;состояние2_k-29.sig;-0.1691935;-0.000268394;6.263383;59;0.04271619;748;3.979553;6.305847;559;6.220667
62;62003;59004;57006;1.124463E-09;1;ОС-1:;состояние1_k-12.sig;1 дополнительное:;состояние2_k-30.sig;-0.1691935;0;6.263383;59;0.02624465;36;3.978908;6.287815;434;6.237139
62;62003;59004;57006;1.124463E-09;1;ОС-1:;состояние1_k-12.sig;1 дополнительное:;состояние2_k-31.sig;-0.1691935;-0.0006560667;6.263383;59;0.08798606;610;3.979021;6.349609;142;6.175397
62;62003;59004;57006;1.124463E-09;1;ОС-1:;состояние1_k-12.sig;1 дополнительное:;состояние2_k-32.sig;-0.1691935;-0.001572611;6.263383;59;0.1348051;86;3.979885;6.394385;226;6.128578
62;62003;59004;57006;1.124463E-09;1;ОС-1:;состояние1_k-12.sig;1 дополнительное:;состояние2_k-33.sig;-0.1691935;-0.001618765;6.263383;59;0.1610312;291;3.979028;6.421351;684;6.102352
62;62003;59004;57006;1.124463E-09;1;ОС-1:;состояние1_k-12.sig;1 дополнительное:;состояние2_k-34.sig;-0.1691935;-0.0007573612;6.263383;59;0.1638735;425;3.976771;6.424113;101;6.09951
62;62003;59004;57006;1.124463E-09;1;ОС-1:;состояние1_k-12.sig;1 дополнительное:;состояние2_k-35.sig;-0.1691935;0;6.263383;59;0.1435824;37;3.974548;6.405836;309;6.119801
62;62003;59004;57006;1.124463E-09;1;ОС-1:;состояние1_k-12.sig;1 дополнительное:;состояние2_k-36.sig;-0.1691935;7.490735E-06;6.263383;59;0.1030359;87;4.001601;6.160535;59;6.160347
62;62003;59004;57006;1.124463E-09;1;ОС-1:;состояние1_k-12.sig;1 дополнительное:;состояние2_k-37.sig;-0.1691935;-0.0002739421;6.263383;59;0.04888228;647;3.977191;6.312226;309;6.214501
62;62003;59004;57006;1.124463E-09;1;ОС-1:;состояние1_k-12.sig;1 дополнительное:;состояние2_k-38.sig;-0.1691935;-0.0001333395;6.263383;59;0.03528069;434;3.980494;6.298664;434;6.228103
62;62003;59004;57006;1.124463E-09;1;ОС-1:;состояние1_k-12.sig;1 дополнительное:;состояние2_k-39.sig;-0.1691935;0.0002508431;6.263383;59;0.100873;417;3.981928;6.361339;559;6.16251
62;62003;59004;57006;1.124463E-09;1;ОС-1:;состояние1_k-12.sig;1 дополнительное:;состояние2_k-40.sig;-0.1691935;2.164394E-08;6.263383;59;0.1682958;2;3.982;6.41909;101;6.095088
62;62003;59004;57006;1.124463E-09;1;ОС-1:;состояние1_k-13.sig;1 дополнительное:;состояние2_k-21.sig;-0.1096948;0.008325155;5.723131;43;0.7885823;778;3.676809;6.504228;158;4.934549
62;62003;59004;57006;1.124463E-09;1;ОС-1:;состояние1_k-13.sig;1 дополнительное:;состояние2_k-22.sig;-0.1096948;0.005564554;5.723131;43;0.443858;144;3.651169;6.166212;235;5.279273
62;62003;59004;57006;1.124463E-09;1;ОС-1:;состояние1_k-13.sig;1 дополнительное:;состояние2_k-23.sig;-0.1096948;0.0005810939;5.723131;43;0.2010365;129;3.638291;5.922714;389;5.522095
62;62003;59004;57006;1.124463E-09;1;ОС-1:;состояние1_k-13.sig;1 дополнительное:;состояние2_k-24.sig;-0.1096948;-0.000952324;5.723131;43;0.1042181;27;3.638309;5.826547;235;5.618913
62;62003;59004;57006;1.124463E-09;1;ОС-1:;состояние1_k-13.sig;1 дополнительное:;состояние2_k-25.sig;-0.1096948;0;5.723131;43;0.1442606;15;3.641805;5.864742;274;5.578871
62;62003;59004;57006;1.124463E-09;1;ОС-1:;состояние1_k-13.sig;1 дополнительное:;состояние2_k-26.sig;-0.1096948;0.0004235334;5.723131;43;0.1688304;7;3.642019;5.879161;697;5.554301
62;62003;59004;57006;1.124463E-09;1;ОС-1:;состояние1_k-13.sig;1 дополнительное:;состояние2_k-27.sig;-0.1096948;-0.0002689104;5.723131;43;0.1530426;408;3.639471;5.870545;427;5.570088
62;62003;59004;57006;1.124463E-09;1;ОС-1:;состояние1_k-13.sig;1 дополнительное:;состояние2_k-28.sig;-0.1096948;-0.0006865565;5.723131;43;0.1065453;102;3.637299;5.829288;120;5.616586
62;62003;59004;57006;1.124463E-09;1;ОС-1:;состояние1_k-13.sig;1 дополнительное:;состояние2_k-29.sig;-0.1096948;-0.000268394;5.723131;43;0.04271619;748;3.63767;5.763469;43;5.680415
62;62003;59004;57006;1.124463E-09;1;ОС-1:;состояние1_k-13.sig;1 дополнительное:;состояние2_k-30.sig;-0.1096948;0;5.723131;43;0.02624465;36;3.637749;5.748786;120;5.696887
62;62003;59004;57006;1.124463E-09;1;ОС-1:;состояние1_k-13.sig;1 дополнительное:;состояние2_k-31.sig;-0.1096948;-0.0006560667;5.723131;43;0.08798606;610;3.636789;5.809323;158;5.635145
62;62003;59004;57006;1.124463E-09;1;ОС-1:;состояние1_k-13.sig;1 дополнительное:;состояние2_k-32.sig;-0.1096948;-0.001572611;5.723131;43;0.1348051;86;3.636253;5.855801;774;5.588326
62;62003;59004;57006;1.124463E-09;1;ОС-1:;состояние1_k-13.sig;1 дополнительное:;состояние2_k-33.sig;-0.1096948;-0.001618765;5.723131;43;0.1610312;291;3.638377;5.878656;428;5.5621
62;62003;59004;57006;1.124463E-09;1;ОС-1:;состояние1_k-13.sig;1 дополнительное:;состояние2_k-34.sig;-0.1096948;-0.0007573612;5.723131;43;0.1638735;425;3.639917;5.886538;543;5.559258
62;62003;59004;57006;1.124463E-09;1;ОС-1:;состояние1_k-13.sig;1 дополнительное:;состояние2_k-35.sig;-0.1096948;0;5.723131;43;0.1435824;37;3.639885;5.866222;466;5.579549
62;62003;59004;57006;1.124463E-09;1;ОС-1:;состояние1_k-13.sig;1 дополнительное:;состояние2_k-36.sig;-0.1096948;7.490735E-06;5.723131;43;0.1030359;87;3.637883;5.823319;351;5.620095
62;62003;59004;57006;1.124463E-09;1;ОС-1:;состояние1_k-13.sig;1 дополнительное:;состояние2_k-37.sig;-0.1096948;-0.0002739421;5.723131;43;0.04888228;647;3.636295;5.771641;120;5.674249
62;62003;59004;57006;1.124463E-09;1;ОС-1:;состояние1_k-13.sig;1 дополнительное:;состояние2_k-38.sig;-0.1096948;-0.0001333395;5.723131;43;0.03528069;434;3.63812;5.757409;697;5.68785
62;62003;59004;57006;1.124463E-09;1;ОС-1:;состояние1_k-13.sig;1 дополнительное:;состояние2_k-39.sig;-0.1096948;0.0002508431;5.723131;43;0.100873;417;3.620429;5.810744;274;5.622258
62;62003;59004;57006;1.124463E-09;1;ОС-1:;состояние1_k-13.sig;1 дополнительное:;состояние2_k-40.sig;-0.1096948;2.164394E-08;5.723131;43;0.1682958;2;3.647857;5.876542;4;5.554835
62;62003;59004;57006;1.124463E-09;1;ОС-1:;состояние1_k-14.sig;1 дополнительное:;состояние2_k-21.sig;-0.03375393;0.008325155;5.095528;172;0.7885823;778;3.259581;5.87733;636;4.306945
62;62003;59004;57006;1.124463E-09;1;ОС-1:;состояние1_k-14.sig;1 дополнительное:;состояние2_k-22.sig;-0.03375393;0.005564554;5.095528;172;0.443858;144;3.240982;5.530734;29;4.65167
62;62003;59004;57006;1.124463E-09;1;ОС-1:;состояние1_k-14.sig;1 дополнительное:;состояние2_k-23.sig;-0.03375393;0.0005810939;5.095528;172;0.2010365;129;3.227103;5.296121;672;4.894491
62;62003;59004;57006;1.124463E-09;1;ОС-1:;состояние1_k-14.sig;1 дополнительное:;состояние2_k-24.sig;-0.03375393;-0.000952324;5.095528;172;0.1042181;27;3.223057;5.199174;172;4.99131
62;62003;59004;57006;1.124463E-09;1;ОС-1:;состояние1_k-14.sig;1 дополнительное:;состояние2_k-25.sig;-0.03375393;0;5.095528;172;0.1442606;15;3.225316;5.239333;315;4.951267
62;62003;59004;57006;1.124463E-09;1;ОС-1:;состояние1_k-14.sig;1 дополнительное:;состояние2_k-26.sig;-0.03375393;0.0004235334;5.095528;172;0.1688304;7;3.227424;5.250265;101;4.926697
62;62003;59004;57006;1.124463E-09;1;ОС-1:;состояние1_k-14.sig;1 дополнительное:;состояние2_k-27.sig;-0.03375393;-0.0002689104;5.095528;172;0.1530426;408;3.22578;5.247715;315;4.942485
62;62003;59004;57006;1.124463E-09;1;ОС-1:;состояние1_k-14.sig;1 дополнительное:;состояние2_k-28.sig;-0.03375393;-0.0006865565;5.095528;172;0.1065453;102;3.22388;5.198752;65;4.988982
62;62003;59004;57006;1.124463E-09;1;ОС-1:;состояние1_k-14.sig;1 дополнительное:;состояние2_k-29.sig;-0.03375393;-0.000268394;5.095528;172;0.04271619;748;3.22282;5.136739;386;5.052812
62;62003;59004;57006;1.124463E-09;1;ОС-1:;состояние1_k-14.sig;1 дополнительное:;состояние2_k-30.sig;-0.03375393;0;5.095528;172;0.02624465;36;3.223308;5.120265;136;5.069283
62;62003;59004;57006;1.124463E-09;1;ОС-1:;состояние1_k-14.sig;1 дополнительное:;состояние2_k-31.sig;-0.03375393;-0.0006560667;5.095528;172;0.08798606;610;3.223497;5.182937;529;5.007542
62;62003;59004;57006;1.124463E-09;1;ОС-1:;состояние1_k-14.sig;1 дополнительное:;состояние2_k-32.sig;-0.03375393;-0.001572611;5.095528;172;0.1348051;86;3.221938;5.225843;493;4.960722
62;62003;59004;57006;1.124463E-09;1;ОС-1:;состояние1_k-14.sig;1 дополнительное:;состояние2_k-33.sig;-0.03375393;-0.001618765;5.095528;172;0.1610312;291;3.222115;5.254468;458;4.934496
62;62003;59004;57006;1.124463E-09;1;ОС-1:;состояние1_k-14.sig;1 дополнительное:;состояние2_k-34.sig;-0.03375393;-0.0007573612;5.095528;172;0.1638735;425;3.223593;5.25487;29;4.931654
62;62003;59004;57006;1.124463E-09;1;ОС-1:;состояние1_k-14.sig;1 дополнительное:;состояние2_k-35.sig;-0.03375393;0;5.095528;172;0.1435824;37;3.223879;5.237521;65;4.951945
62;62003;59004;57006;1.124463E-09;1;ОС-1:;состояние1_k-14.sig;1 дополнительное:;состояние2_k-36.sig;-0.03375393;7.490735E-06;5.095528;172;0.1030359;87;3.224254;5.194785;101;4.992492
62;62003;59004;57006;1.124463E-09;1;ОС-1:;состояние1_k-14.sig;1 дополнительное:;состояние2_k-37.sig;-0.03375393;-0.0002739421;5.095528;172;0.04888228;647;3.223307;5.142815;565;5.046645
62;62003;59004;57006;1.124463E-09;1;ОС-1:;состояние1_k-14.sig;1 дополнительное:;состояние2_k-38.sig;-0.03375393;-0.0001333395;5.095528;172;0.03528069;434;3.222718;5.129992;65;5.060247
62;62003;59004;57006;1.124463E-09;1;ОС-1:;состояние1_k-14.sig;1 дополнительное:;состояние2_k-39.sig;-0.03375393;0.0002508431;5.095528;172;0.100873;417;3.224219;5.191504;136;4.994655
62;62003;59004;57006;1.124463E-09;1;ОС-1:;состояние1_k-14.sig;1 дополнительное:;состояние2_k-40.sig;-0.03375393;2.164394E-08;5.095528;172;0.1682958;2;3.227899;5.264553;315;4.927232
62;62003;59004;57006;1.124463E-09;1;ОС-1:;состояние1_k-15.sig;1 дополнительное:;состояние2_k-21.sig;0;0.008325155;4.412803;84;0.7885823;778;2.837341;5.133976;418;3.624221
62;62003;59004;57006;1.124463E-09;1;ОС-1:;состояние1_k-15.sig;1 дополнительное:;состояние2_k-22.sig;0;0.005564554;4.412803;84;0.443858;144;2.823983;4.852868;484;3.968945
62;62003;59004;57006;1.124463E-09;1;ОС-1:;состояние1_k-15.sig;1 дополнительное:;состояние2_k-23.sig;0;0.0005810939;4.412803;84;0.2010365;129;2.814579;4.609456;151;4.211767
62;62003;59004;57006;1.124463E-09;1;ОС-1:;состояние1_k-15.sig;1 дополнительное:;состояние2_k-24.sig;0;-0.000952324;4.412803;84;0.1042181;27;2.810129;4.514112;317;4.308585
62;62003;59004;57006;1.124463E-09;1;ОС-1:;состояние1_k-15.sig;1 дополнительное:;состояние2_k-25.sig;0;0;4.412803;84;0.1442606;15;2.809932;4.528747;51;4.268543
62;62003;59004;57006;1.124463E-09;1;ОС-1:;состояние1_k-15.sig;1 дополнительное:;состояние2_k-26.sig;0;0.0004235334;4.412803;84;0.1688304;7;2.811538;4.58162;584;4.243973
62;62003;59004;57006;1.124463E-09;1;ОС-1:;состояние1_k-15.sig;1 дополнительное:;состояние2_k-27.sig;0;-0.0002689104;4.412803;84;0.1530426;408;2.811571;4.55879;184;4.25976
62;62003;59004;57006;1.124463E-09;1;ОС-1:;состояние1_k-15.sig;1 дополнительное:;состояние2_k-28.sig;0;-0.0006865565;4.412803;84;0.1065453;102;2.810508;4.519298;84;4.306258
62;62003;59004;57006;1.124463E-09;1;ОС-1:;состояние1_k-15.sig;1 дополнительное:;состояние2_k-29.sig;0;-0.000268394;4.412803;84;0.04271619;748;2.809771;4.454016;284;4.370087
62;62003;59004;57006;1.124463E-09;1;ОС-1:;состояние1_k-15.sig;1 дополнительное:;состояние2_k-30.sig;0;0;4.412803;84;0.02624465;36;2.809698;4.437235;84;4.386559
62;62003;59004;57006;1.124463E-09;1;ОС-1:;состояние1_k-15.sig;1 дополнительное:;состояние2_k-31.sig;0;-0.0006560667;4.412803;84;0.08798606;610;2.809772;4.500719;384;4.324817
62;62003;59004;57006;1.124463E-09;1;ОС-1:;состояние1_k-15.sig;1 дополнительное:;состояние2_k-32.sig;0;-0.001572611;4.412803;84;0.1348051;86;2.810285;4.547137;117;4.277998
62;62003;59004;57006;1.124463E-09;1;ОС-1:;состояние1_k-15.sig;1 дополнительное:;состояние2_k-33.sig;0;-0.001618765;4.412803;84;0.1610312;291;2.810657;4.563161;217;4.251772
62;62003;59004;57006;1.124463E-09;1;ОС-1:;состояние1_k-15.sig;1 дополнительное:;состояние2_k-34.sig;0;-0.0007573612;4.412803;84;0.1638735;425;2.810631;4.574012;617;4.24893
62;62003;59004;57006;1.124463E-09;1;ОС-1:;состояние1_k-15.sig;1 дополнительное:;состояние2_k-35.sig;0;0;4.412803;84;0.1435824;37;2.811299;4.509992;83;4.269221
62;62003;59004;57006;1.124463E-09;1;ОС-1:;состояние1_k-15.sig;1 дополнительное:;состояние2_k-36.sig;0;7.490735E-06;4.412803;84;0.1030359;87;2.809423;4.515651;684;4.309767
62;62003;59004;57006;1.124463E-09;1;ОС-1:;состояние1_k-15.sig;1 дополнительное:;состояние2_k-37.sig;0;-0.0002739421;4.412803;84;0.04888228;647;2.809412;4.461449;417;4.363921
62;62003;59004;57006;1.124463E-09;1;ОС-1:;состояние1_k-15.sig;1 дополнительное:;состояние2_k-38.sig;0;-0.0001333395;4.412803;84;0.03528069;434;2.810048;4.448084;684;4.377522
62;62003;59004;57006;1.124463E-09;1;ОС-1:;состояние1_k-15.sig;1 дополнительное:;состояние2_k-39.sig;0;0.0002508431;4.412803;84;0.100873;417;2.810492;4.4991;184;4.31193
62;62003;59004;57006;1.124463E-09;1;ОС-1:;состояние1_k-15.sig;1 дополнительное:;состояние2_k-40.sig;0;2.164394E-08;4.412803;84;0.1682958;2;2.810442;4.566607;51;4.244507
62;62003;59004;57006;1.124463E-09;1;ОС-1:;состояние1_k-16.sig;1 дополнительное:;состояние2_k-21.sig;-0.01179898;0.008325155;3.708516;69;0.7885823;778;2.400763;4.491713;350;2.919934
62;62003;59004;57006;1.124463E-09;1;ОС-1:;состояние1_k-16.sig;1 дополнительное:;состояние2_k-22.sig;-0.01179898;0.005564554;3.708516;69;0.443858;144;2.390345;4.149398;257;3.264658
62;62003;59004;57006;1.124463E-09;1;ОС-1:;состояние1_k-16.sig;1 дополнительное:;состояние2_k-23.sig;-0.01179898;0.0005810939;3.708516;69;0.2010365;129;2.386418;3.90947;194;3.50748
62;62003;59004;57006;1.124463E-09;1;ОС-1:;состояние1_k-16.sig;1 дополнительное:;состояние2_k-24.sig;-0.01179898;-0.000952324;3.708516;69;0.1042181;27;2.380583;3.810608;7;3.604298
62;62003;59004;57006;1.124463E-09;1;ОС-1:;состояние1_k-16.sig;1 дополнительное:;состояние2_k-25.sig;-0.01179898;0;3.708516;69;0.1442606;15;2.378244;3.851921;194;3.564255
62;62003;59004;57006;1.124463E-09;1;ОС-1:;состояние1_k-16.sig;1 дополнительное:;состояние2_k-26.sig;-0.01179898;0.0004235334;3.708516;69;0.1688304;7;2.379511;3.876292;257;3.539686
62;62003;59004;57006;1.124463E-09;1;ОС-1:;состояние1_k-16.sig;1 дополнительное:;состояние2_k-27.sig;-0.01179898;-0.0002689104;3.708516;69;0.1530426;408;2.381633;3.861931;38;3.555474
62;62003;59004;57006;1.124463E-09;1;ОС-1:;состояние1_k-16.sig;1 дополнительное:;состояние2_k-28.sig;-0.01179898;-0.0006865565;3.708516;69;0.1065453;102;2.381555;3.808203;101;3.601971
62;62003;59004;57006;1.124463E-09;1;ОС-1:;состояние1_k-16.sig;1 дополнительное:;состояние2_k-29.sig;-0.01179898;-0.000268394;3.708516;69;0.04271619;748;2.379519;3.750942;163;3.6658
62;62003;59004;57006;1.124463E-09;1;ОС-1:;состояние1_k-16.sig;1 дополнительное:;состояние2_k-30.sig;-0.01179898;0;3.708516;69;0.02624465;36;2.378784;3.734714;319;3.682271
62;62003;59004;57006;1.124463E-09;1;ОС-1:;состояние1_k-16.sig;1 дополнительное:;состояние2_k-31.sig;-0.01179898;-0.0006560667;3.708516;69;0.08798606;610;2.379471;3.796607;288;3.62053
62;62003;59004;57006;1.124463E-09;1;ОС-1:;состояние1_k-16.sig;1 дополнительное:;состояние2_k-32.sig;-0.01179898;-0.001572611;3.708516;69;0.1348051;86;2.380535;3.839596;7;3.573711
62;62003;59004;57006;1.124463E-09;1;ОС-1:;состояние1_k-16.sig;1 дополнительное:;состояние2_k-33.sig;-0.01179898;-0.001618765;3.708516;69;0.1610312;291;2.379328;3.868062;413;3.547485
62;62003;59004;57006;1.124463E-09;1;ОС-1:;состояние1_k-16.sig;1 дополнительное:;состояние2_k-34.sig;-0.01179898;-0.0007573612;3.708516;69;0.1638735;425;2.378611;3.866682;382;3.544643
62;62003;59004;57006;1.124463E-09;1;ОС-1:;состояние1_k-16.sig;1 дополнительное:;состояние2_k-35.sig;-0.01179898;0;3.708516;69;0.1435824;37;2.37875;3.852027;194;3.564934
62;62003;59004;57006;1.124463E-09;1;ОС-1:;состояние1_k-16.sig;1 дополнительное:;состояние2_k-36.sig;-0.01179898;7.490735E-06;3.708516;69;0.1030359;87;2.379767;3.806453;226;3.60548
62;62003;59004;57006;1.124463E-09;1;ОС-1:;состояние1_k-16.sig;1 дополнительное:;состояние2_k-37.sig;-0.01179898;-0.0002739421;3.708516;69;0.04888228;647;2.379421;3.757272;444;3.659634
62;62003;59004;57006;1.124463E-09;1;ОС-1:;состояние1_k-16.sig;1 дополнительное:;состояние2_k-38.sig;-0.01179898;-0.0001333395;3.708516;69;0.03528069;434;2.378666;3.742795;38;3.673235
62;62003;59004;57006;1.124463E-09;1;ОС-1:;состояние1_k-16.sig;1 дополнительное:;состояние2_k-39.sig;-0.01179898;0.0002508431;3.708516;69;0.100873;417;2.378731;3.808171;288;3.607643
62;62003;59004;57006;1.124463E-09;1;ОС-1:;состояние1_k-16.sig;1 дополнительное:;состояние2_k-40.sig;-0.01179898;2.164394E-08;3.708516;69;0.1682958;2;2.379927;3.861445;101;3.54022
62;62003;59004;57006;1.124463E-09;1;ОС-1:;состояние1_k-17.sig;1 дополнительное:;состояние2_k-21.sig;-0.03432219;0.008325155;3.013907;468;0.7885823;778;1.959934;3.801063;468;2.225324
62;62003;59004;57006;1.124463E-09;1;ОС-1:;состояние1_k-17.sig;1 дополнительное:;состояние2_k-22.sig;-0.03432219;0.005564554;3.013907;468;0.443858;144;1.931684;3.45389;144;2.570049
62;62003;59004;57006;1.124463E-09;1;ОС-1:;состояние1_k-17.sig;1 дополнительное:;состояние2_k-23.sig;-0.03432219;0.0005810939;3.013907;468;0.2010365;129;1.929214;3.212337;86;2.81287
62;62003;59004;57006;1.124463E-09;1;ОС-1:;состояние1_k-17.sig;1 дополнительное:;состояние2_k-24.sig;-0.03432219;-0.000952324;3.013907;468;0.1042181;27;1.927251;3.117616;27;2.909689
62;62003;59004;57006;1.124463E-09;1;ОС-1:;состояние1_k-17.sig;1 дополнительное:;состояние2_k-25.sig;-0.03432219;0;3.013907;468;0.1442606;15;1.92321;3.158101;115;2.869646
62;62003;59004;57006;1.124463E-09;1;ОС-1:;состояние1_k-17.sig;1 дополнительное:;состояние2_k-26.sig;-0.03432219;0.0004235334;3.013907;468;0.1688304;7;1.922253;3.180888;527;2.845076
62;62003;59004;57006;1.124463E-09;1;ОС-1:;состояние1_k-17.sig;1 дополнительное:;состояние2_k-27.sig;-0.03432219;-0.0002689104;3.013907;468;0.1530426;408;1.924372;3.165903;56;2.860864
62;62003;59004;57006;1.124463E-09;1;ОС-1:;состояние1_k-17.sig;1 дополнительное:;состояние2_k-28.sig;-0.03432219;-0.0006865565;3.013907;468;0.1065453;102;1.925637;3.119761;674;2.907361
62;62003;59004;57006;1.124463E-09;1;ОС-1:;состояние1_k-17.sig;1 дополнительное:;состояние2_k-29.sig;-0.03432219;-0.000268394;3.013907;468;0.04271619;748;1.924461;3.052838;350;2.97119
62;62003;59004;57006;1.124463E-09;1;ОС-1:;состояние1_k-17.sig;1 дополнительное:;состояние2_k-30.sig;-0.03432219;0;3.013907;468;0.02624465;36;1.922796;3.038565;203;2.987662
62;62003;59004;57006;1.124463E-09;1;ОС-1:;состояние1_k-17.sig;1 дополнительное:;состояние2_k-31.sig;-0.03432219;-0.0006560667;3.013907;468;0.08798606;610;1.923677;3.101206;174;2.925921
62;62003;59004;57006;1.124463E-09;1;ОС-1:;состояние1_k-17.sig;1 дополнительное:;состояние2_k-32.sig;-0.03432219;-0.001572611;3.013907;468;0.1348051;86;1.924698;3.146622;86;2.879102
62;62003;59004;57006;1.124463E-09;1;ОС-1:;состояние1_k-17.sig;1 дополнительное:;состояние2_k-33.sig;-0.03432219;-0.001618765;3.013907;468;0.1610312;291;1.924583;3.174564;321;2.852875
62;62003;59004;57006;1.124463E-09;1;ОС-1:;состояние1_k-17.sig;1 дополнительное:;состояние2_k-34.sig;-0.03432219;-0.0007573612;3.013907;468;0.1638735;425;1.925309;3.173974;527;2.850033
62;62003;59004;57006;1.124463E-09;1;ОС-1:;состояние1_k-17.sig;1 дополнительное:;состояние2_k-35.sig;-0.03432219;0;3.013907;468;0.1435824;37;1.922717;3.156502;380;2.870324
62;62003;59004;57006;1.124463E-09;1;ОС-1:;состояние1_k-17.sig;1 дополнительное:;состояние2_k-36.sig;-0.03432219;7.490735E-06;3.013907;468;0.1030359;87;1.922738;3.116804;615;2.910871
62;62003;59004;57006;1.124463E-09;1;ОС-1:;состояние1_k-17.sig;1 дополнительное:;состояние2_k-37.sig;-0.03432219;-0.0002739421;3.013907;468;0.04888228;647;1.923763;3.062565;174;2.965024
62;62003;59004;57006;1.124463E-09;1;ОС-1:;состояние1_k-17.sig;1 дополнительное:;состояние2_k-38.sig;-0.03432219;-0.0001333395;3.013907;468;0.03528069;434;1.923231;3.047995;762;2.978626
62;62003;59004;57006;1.124463E-09;1;ОС-1:;состояние1_k-17.sig;1 дополнительное:;состояние2_k-39.sig;-0.03432219;0.0002508431;3.013907;468;0.100873;417;1.922308;3.113473;174;2.913034
62;62003;59004;57006;1.124463E-09;1;ОС-1:;состояние1_k-17.sig;1 дополнительное:;состояние2_k-40.sig;-0.03432219;2.164394E-08;3.013907;468;0.1682958;2;1.922357;3.183321;115;2.845611
62;62003;59004;57006;1.124463E-09;1;ОС-1:;состояние1_k-18.sig;1 дополнительное:;состояние2_k-21.sig;-0.03749002;0.008325155;2.354407;378;0.7885823;778;1.572123;3.139727;350;1.565825
62;62003;59004;57006;1.124463E-09;1;ОС-1:;состояние1_k-18.sig;1 дополнительное:;состояние2_k-22.sig;-0.03749002;0.005564554;2.354407;378;0.443858;144;1.51491;2.791742;212;1.910549
62;62003;59004;57006;1.124463E-09;1;ОС-1:;состояние1_k-18.sig;1 дополнительное:;состояние2_k-23.sig;-0.03749002;0.0005810939;2.354407;378;0.2010365;129;1.502349;2.553424;128;2.15337
62;62003;59004;57006;1.124463E-09;1;ОС-1:;состояние1_k-18.sig;1 дополнительное:;состояние2_k-24.sig;-0.03749002;-0.000952324;2.354407;378;0.1042181;27;1.501685;2.448593;45;2.250189
62;62003;59004;57006;1.124463E-09;1;ОС-1:;состояние1_k-18.sig;1 дополнительное:;состояние2_k-25.sig;-0.03749002;0;2.354407;378;0.1442606;15;1.500103;2.497177;295;2.210146
62;62003;59004;57006;1.124463E-09;1;ОС-1:;состояние1_k-18.sig;1 дополнительное:;состояние2_k-26.sig;-0.03749002;0.0004235334;2.354407;378;0.1688304;7;1.498416;2.519575;239;2.185576
62;62003;59004;57006;1.124463E-09;1;ОС-1:;состояние1_k-18.sig;1 дополнительное:;состояние2_k-27.sig;-0.03749002;-0.0002689104;2.354407;378;0.1530426;408;1.49898;2.498012;295;2.201364
62;62003;59004;57006;1.124463E-09;1;ОС-1:;состояние1_k-18.sig;1 дополнительное:;состояние2_k-28.sig;-0.03749002;-0.0006865565;2.354407;378;0.1065453;102;1.499692;2.460079;156;2.247861
62;62003;59004;57006;1.124463E-09;1;ОС-1:;состояние1_k-18.sig;1 дополнительное:;состояние2_k-29.sig;-0.03749002;-0.000268394;2.354407;378;0.04271619;748;1.499465;2.396841;128;2.311691
62;62003;59004;57006;1.124463E-09;1;ОС-1:;состояние1_k-18.sig;1 дополнительное:;состояние2_k-30.sig;-0.03749002;0;2.354407;378;0.02624465;36;1.498275;2.376275;239;2.328162
62;62003;59004;57006;1.124463E-09;1;ОС-1:;состояние1_k-18.sig;1 дополнительное:;состояние2_k-31.sig;-0.03749002;-0.0006560667;2.354407;378;0.08798606;610;1.497972;2.442143;739;2.266421
62;62003;59004;57006;1.124463E-09;1;ОС-1:;состояние1_k-18.sig;1 дополнительное:;состояние2_k-32.sig;-0.03749002;-0.001572611;2.354407;378;0.1348051;86;1.498459;2.487357;461;2.219602
62;62003;59004;57006;1.124463E-09;1;ОС-1:;состояние1_k-18.sig;1 дополнительное:;состояние2_k-33.sig;-0.03749002;-0.001618765;2.354407;378;0.1610312;291;1.499627;2.51155;489;2.193376
62;62003;59004;57006;1.124463E-09;1;ОС-1:;состояние1_k-18.sig;1 дополнительное:;состояние2_k-34.sig;-0.03749002;-0.0007573612;2.354407;378;0.1638735;425;1.499984;2.515052;72;2.190533
62;62003;59004;57006;1.124463E-09;1;ОС-1:;состояние1_k-18.sig;1 дополнительное:;состояние2_k-35.sig;-0.03749002;0;2.354407;378;0.1435824;37;1.499132;2.493959;295;2.210824
62;62003;59004;57006;1.124463E-09;1;ОС-1:;состояние1_k-18.sig;1 дополнительное:;состояние2_k-36.sig;-0.03749002;7.490735E-06;2.354407;378;0.1030359;87;1.499504;2.456362;267;2.251371
62;62003;59004;57006;1.124463E-09;1;ОС-1:;состояние1_k-18.sig;1 дополнительное:;состояние2_k-37.sig;-0.03749002;-0.0002739421;2.354407;378;0.04888228;647;1.498574;2.402317;350;2.305525
62;62003;59004;57006;1.124463E-09;1;ОС-1:;состояние1_k-18.sig;1 дополнительное:;состояние2_k-38.sig;-0.03749002;-0.0001333395;2.354407;378;0.03528069;434;1.498581;2.387392;211;2.319126
62;62003;59004;57006;1.124463E-09;1;ОС-1:;состояние1_k-18.sig;1 дополнительное:;состояние2_k-39.sig;-0.03749002;0.0002508431;2.354407;378;0.100873;417;1.498561;2.454434;378;2.253534
62;62003;59004;57006;1.124463E-09;1;ОС-1:;состояние1_k-18.sig;1 дополнительное:;состояние2_k-40.sig;-0.03749002;2.164394E-08;2.354407;378;0.1682958;2;1.499148;2.522399;128;2.186111
62;62003;59004;57006;1.124463E-09;1;ОС-1:;состояние1_k-19.sig;1 дополнительное:;состояние2_k-21.sig;-0.02002975;0.008325155;1.753174;508;0.7885823;778;1.24921;2.539942;87;0.9645922
62;62003;59004;57006;1.124463E-09;1;ОС-1:;состояние1_k-19.sig;1 дополнительное:;состояние2_k-22.sig;-0.02002975;0.005564554;1.753174;508;0.443858;144;1.15596;2.196589;8;1.309316
62;62003;59004;57006;1.124463E-09;1;ОС-1:;состояние1_k-19.sig;1 дополнительное:;состояние2_k-23.sig;-0.02002975;0.0005810939;1.753174;508;0.2010365;129;1.124479;1.952783;455;1.552138
62;62003;59004;57006;1.124463E-09;1;ОС-1:;состояние1_k-19.sig;1 дополнительное:;состояние2_k-24.sig;-0.02002975;-0.000952324;1.753174;508;0.1042181;27;1.122152;1.854373;297;1.648956
62;62003;59004;57006;1.124463E-09;1;ОС-1:;состояние1_k-19.sig;1 дополнительное:;состояние2_k-25.sig;-0.02002975;0;1.753174;508;0.1442606;15;1.124525;1.895569;34;1.608914
62;62003;59004;57006;1.124463E-09;1;ОС-1:;состояние1_k-19.sig;1 дополнительное:;состояние2_k-26.sig;-0.02002975;0.0004235334;1.753174;508;0.1688304;7;1.123316;1.919745;8;1.584344
62;62003;59004;57006;1.124463E-09;1;ОС-1:;состояние1_k-19.sig;1 дополнительное:;состояние2_k-27.sig;-0.02002975;-0.0002689104;1.753174;508;0.1530426;408;1.121447;1.904716;482;1.600132
62;62003;59004;57006;1.124463E-09;1;ОС-1:;состояние1_k-19.sig;1 дополнительное:;состояние2_k-28.sig;-0.02002975;-0.0006865565;1.753174;508;0.1065453;102;1.121163;1.859273;745;1.646629
62;62003;59004;57006;1.124463E-09;1;ОС-1:;состояние1_k-19.sig;1 дополнительное:;состояние2_k-29.sig;-0.02002975;-0.000268394;1.753174;508;0.04271619;748;1.121602;1.794472;455;1.710458
62;62003;59004;57006;1.124463E-09;1;ОС-1:;состояние1_k-19.sig;1 дополнительное:;состояние2_k-30.sig;-0.02002975;0;1.753174;508;0.02624465;36;1.121088;1.778864;87;1.72693
62;62003;59004;57006;1.124463E-09;1;ОС-1:;состояние1_k-19.sig;1 дополнительное:;состояние2_k-31.sig;-0.02002975;-0.0006560667;1.753174;508;0.08798606;610;1.120541;1.838538;61;1.665188
62;62003;59004;57006;1.124463E-09;1;ОС-1:;состояние1_k-19.sig;1 дополнительное:;состояние2_k-32.sig;-0.02002975;-0.001572611;1.753174;508;0.1348051;86;1.12076;1.888022;508;1.618369
62;62003;59004;57006;1.124463E-09;1;ОС-1:;состояние1_k-19.sig;1 дополнительное:;состояние2_k-33.sig;-0.02002975;-0.001618765;1.753174;508;0.1610312;291;1.122144;1.912736;245;1.592143
62;62003;59004;57006;1.124463E-09;1;ОС-1:;состояние1_k-19.sig;1 дополнительное:;состояние2_k-34.sig;-0.02002975;-0.0007573612;1.753174;508;0.1638735;425;1.122996;1.916765;87;1.589301
62;62003;59004;57006;1.124463E-09;1;ОС-1:;состояние1_k-19.sig;1 дополнительное:;состояние2_k-35.sig;-0.02002975;0;1.753174;508;0.1435824;37;1.122516;1.896118;8;1.609592
62;62003;59004;57006;1.124463E-09;1;ОС-1:;состояние1_k-19.sig;1 дополнительное:;состояние2_k-36.sig;-0.02002975;7.490735E-06;1.753174;508;0.1030359;87;1.121768;1.856135;587;1.650139
62;62003;59004;57006;1.124463E-09;1;ОС-1:;состояние1_k-19.sig;1 дополнительное:;состояние2_k-37.sig;-0.02002975;-0.0002739421;1.753174;508;0.04888228;647;1.121039;1.799432;376;1.704292
62;62003;59004;57006;1.124463E-09;1;ОС-1:;состояние1_k-19.sig;1 дополнительное:;состояние2_k-38.sig;-0.02002975;-0.0001333395;1.753174;508;0.03528069;434;1.12135;1.767353;482;1.717894
62;62003;59004;57006;1.124463E-09;1;ОС-1:;состояние1_k-19.sig;1 дополнительное:;состояние2_k-39.sig;-0.02002975;0.0002508431;1.753174;508;0.100873;417;1.121924;1.85201;455;1.652301
62;62003;59004;57006;1.124463E-09;1;ОС-1:;состояние1_k-19.sig;1 дополнительное:;состояние2_k-40.sig;-0.02002975;2.164394E-08;1.753174;508;0.1682958;2;1.122232;1.920126;140;1.584879
62;62003;59004;57006;1.124463E-09;1;ОС-1:;состояние1_k-20.sig;1 дополнительное:;состояние2_k-21.sig;0;0.008325155;1.227068;25;0.7885823;778;0.9821666;2.013252;350;0.4384856
62;62003;59004;57006;1.124463E-09;1;ОС-1:;состояние1_k-20.sig;1 дополнительное:;состояние2_k-22.sig;0;0.005564554;1.227068;25;0.443858;144;0.8461273;1.667827;75;0.7832099
62;62003;59004;57006;1.124463E-09;1;ОС-1:;состояние1_k-20.sig;1 дополнительное:;состояние2_k-23.sig;0;0.0005810939;1.227068;25;0.2010365;129;0.7892057;1.427824;325;1.026031
62;62003;59004;57006;1.124463E-09;1;ОС-1:;состояние1_k-20.sig;1 дополнительное:;состояние2_k-24.sig;0;-0.000952324;1.227068;25;0.1042181;27;0.7785112;1.327175;150;1.12285
62;62003;59004;57006;1.124463E-09;1;ОС-1:;состояние1_k-20.sig;1 дополнительное:;состояние2_k-25.sig;0;0;1.227068;25;0.1442606;15;0.7840229;1.371328;75;1.082807
62;62003;59004;57006;1.124463E-09;1;ОС-1:;состояние1_k-20.sig;1 дополнительное:;состояние2_k-26.sig;0;0.0004235334;1.227068;25;0.1688304;7;0.7862127;1.394812;200;1.058237
62;62003;59004;57006;1.124463E-09;1;ОС-1:;состояние1_k-20.sig;1 дополнительное:;состояние2_k-27.sig;0;-0.0002689104;1.227068;25;0.1530426;408;0.7833957;1.379894;575;1.074025
62;62003;59004;57006;1.124463E-09;1;ОС-1:;состояние1_k-20.sig;1 дополнительное:;состояние2_k-28.sig;0;-0.0006865565;1.227068;25;0.1065453;102;0.7806196;1.326852;100;1.120522
62;62003;59004;57006;1.124463E-09;1;ОС-1:;состояние1_k-20.sig;1 дополнительное:;состояние2_k-29.sig;0;-0.000268394;1.227068;25;0.04271619;748;0.7809796;1.269752;300;1.184352
62;62003;59004;57006;1.124463E-09;1;ОС-1:;состояние1_k-20.sig;1 дополнительное:;состояние2_k-30.sig;0;0;1.227068;25;0.02624465;36;0.7816899;1.250106;0;1.200823
62;62003;59004;57006;1.124463E-09;1;ОС-1:;состояние1_k-20.sig;1 дополнительное:;состояние2_k-31.sig;0;-0.0006560667;1.227068;25;0.08798606;610;0.7807993;1.314683;175;1.139082
62;62003;59004;57006;1.124463E-09;1;ОС-1:;состояние1_k-20.sig;1 дополнительное:;состояние2_k-32.sig;0;-0.001572611;1.227068;25;0.1348051;86;0.780331;1.356789;150;1.092263
62;62003;59004;57006;1.124463E-09;1;ОС-1:;состояние1_k-20.sig;1 дополнительное:;состояние2_k-33.sig;0;-0.001618765;1.227068;25;0.1610312;291;0.7813581;1.388069;200;1.066037
62;62003;59004;57006;1.124463E-09;1;ОС-1:;состояние1_k-20.sig;1 дополнительное:;состояние2_k-34.sig;0;-0.0007573612;1.227068;25;0.1638735;425;0.7833173;1.390941;175;1.063194
62;62003;59004;57006;1.124463E-09;1;ОС-1:;состояние1_k-20.sig;1 дополнительное:;состояние2_k-35.sig;0;0;1.227068;25;0.1435824;37;0.7841855;1.364945;150;1.083485
62;62003;59004;57006;1.124463E-09;1;ОС-1:;состояние1_k-20.sig;1 дополнительное:;состояние2_k-36.sig;0;7.490735E-06;1.227068;25;0.1030359;87;0.7824177;1.32195;74;1.124032
62;62003;59004;57006;1.124463E-09;1;ОС-1:;состояние1_k-20.sig;1 дополнительное:;состояние2_k-37.sig;0;-0.0002739421;1.227068;25;0.04888228;647;0.7810861;1.275842;350;1.178186
62;62003;59004;57006;1.124463E-09;1;ОС-1:;состояние1_k-20.sig;1 дополнительное:;состояние2_k-38.sig;0;-0.0001333395;1.227068;25;0.03528069;434;0.7814618;1.262313;250;1.191787
62;62003;59004;57006;1.124463E-09;1;ОС-1:;состояние1_k-20.sig;1 дополнительное:;состояние2_k-39.sig;0;0.0002508431;1.227068;25;0.100873;417;0.7832518;1.327636;225;1.126195
62;62003;59004;57006;1.124463E-09;1;ОС-1:;состояние1_k-20.sig;1 дополнительное:;состояние2_k-40.sig;0;2.164394E-08;1.227068;25;0.1682958;2;0.786465;1.37205;1;1.058772
62;62004;60008;57006;-1.564913E-09;1;ОС-1:;состояние1_k-1.sig;1 дополнительное:;состояние2_k-21.sig;0.2823206;0.00831822;1.266019;351;0.7877716;778;0.8331054;2.041131;373;0.4782473
62;62004;60008;57006;-1.564913E-09;1;ОС-1:;состояние1_k-1.sig;1 дополнительное:;состояние2_k-22.sig;0.2823206;0.005552164;1.266019;351;0.4426955;144;0.7618352;1.70792;349;0.8233235
62;62004;60008;57006;-1.564913E-09;1;ОС-1:;состояние1_k-1.sig;1 дополнительное:;состояние2_k-23.sig;0.2823206;0.000569661;1.266019;351;0.1996548;42;0.7323236;1.458249;368;1.066364
62;62004;60008;57006;-1.564913E-09;1;ОС-1:;состояние1_k-1.sig;1 дополнительное:;состояние2_k-24.sig;0.2823206;-0.0009570151;1.266019;351;0.104106;110;0.7256054;1.366594;340;1.161913
62;62004;60008;57006;-1.564913E-09;1;ОС-1:;состояние1_k-1.sig;1 дополнительное:;состояние2_k-25.sig;0.2823206;0;1.266019;351;0.1455958;15;0.7295658;1.41117;355;1.120423
62;62004;60008;57006;-1.564913E-09;1;ОС-1:;состояние1_k-1.sig;1 дополнительное:;состояние2_k-26.sig;0.2823206;0.0004188652;1.266019;351;0.1707288;430;0.7299697;1.429692;334;1.09529
62;62004;60008;57006;-1.564913E-09;1;ОС-1:;состояние1_k-1.sig;1 дополнительное:;состояние2_k-27.sig;0.2823206;-0.0002852832;1.266019;351;0.1551986;408;0.7282302;1.42077;352;1.11082
62;62004;60008;57006;-1.564913E-09;1;ОС-1:;состояние1_k-1.sig;1 дополнительное:;состояние2_k-28.sig;0.2823206;-0.0007104725;1.266019;351;0.1088485;102;0.7263961;1.367809;334;1.157171
62;62004;60008;57006;-1.564913E-09;1;ОС-1:;состояние1_k-1.sig;1 дополнительное:;состояние2_k-29.sig;0.2823206;-0.0002862015;1.266019;351;0.04510775;679;0.7260904;1.310984;351;1.220911
62;62004;60008;57006;-1.564913E-09;1;ОС-1:;состояние1_k-1.sig;1 дополнительное:;состояние2_k-30.sig;0.2823206;0;1.266019;351;0.02407993;3;0.7252947;1.289976;353;1.241939
62;62004;60008;57006;-1.564913E-09;1;ОС-1:;состояние1_k-1.sig;1 дополнительное:;состояние2_k-31.sig;0.2823206;-0.0006385071;1.266019;351;0.08576095;352;0.7266935;1.346298;336;1.180258
62;62004;60008;57006;-1.564913E-09;1;ОС-1:;состояние1_k-1.sig;1 дополнительное:;состояние2_k-32.sig;0.2823206;-0.001548914;1.266019;351;0.1326667;55;0.7262166;1.39854;352;1.133352
62;62004;60008;57006;-1.564913E-09;1;ОС-1:;состояние1_k-1.sig;1 дополнительное:;состояние2_k-33.sig;0.2823206;-0.001601563;1.266019;351;0.1589705;291;0.7277464;1.419316;337;1.107048
62;62004;60008;57006;-1.564913E-09;1;ОС-1:;состояние1_k-1.sig;1 дополнительное:;состояние2_k-34.sig;0.2823206;-0.0007511771;1.266019;351;0.1619065;425;0.7285545;1.427052;351;1.104113
62;62004;60008;57006;-1.564913E-09;1;ОС-1:;состояние1_k-1.sig;1 дополнительное:;состояние2_k-35.sig;0.2823206;0;1.266019;351;0.1416874;37;0.7283621;1.402967;337;1.124332
62;62004;60008;57006;-1.564913E-09;1;ОС-1:;состояние1_k-1.sig;1 дополнительное:;состояние2_k-36.sig;0.2823206;9.398406E-06;1.266019;351;0.1011769;226;0.7266772;1.367196;351;1.164842
62;62004;60008;57006;-1.564913E-09;1;ОС-1:;состояние1_k-1.sig;1 дополнительное:;состояние2_k-37.sig;0.2823206;-0.0002658047;1.266019;351;0.04705043;647;0.7242425;1.309284;363;1.218969
62;62004;60008;57006;-1.564913E-09;1;ОС-1:;состояние1_k-1.sig;1 дополнительное:;состояние2_k-38.sig;0.2823206;-0.000121206;1.266019;351;0.0361464;197;0.7252081;1.300164;342;1.229873
62;62004;60008;57006;-1.564913E-09;1;ОС-1:;состояние1_k-1.sig;1 дополнительное:;состояние2_k-39.sig;0.2823206;0.0002602389;1.266019;351;0.1024783;699;0.7267946;1.368304;353;1.163541
62;62004;60008;57006;-1.564913E-09;1;ОС-1:;состояние1_k-1.sig;1 дополнительное:;состояние2_k-40.sig;0.2823206;4.954636E-09;1.266019;351;0.1701617;2;0.7298055;1.434381;340;1.095857
62;62004;60008;57006;-1.564913E-09;1;ОС-1:;состояние1_k-2.sig;1 дополнительное:;состояние2_k-21.sig;0.3853145;0.00831822;2.488565;101;0.7877716;778;1.605237;3.274561;349;1.700793
62;62004;60008;57006;-1.564913E-09;1;ОС-1:;состояние1_k-2.sig;1 дополнительное:;состояние2_k-22.sig;0.3853145;0.005552164;2.488565;101;0.4426955;144;1.595162;2.851721;120;2.045869
62;62004;60008;57006;-1.564913E-09;1;ОС-1:;состояние1_k-2.sig;1 дополнительное:;состояние2_k-23.sig;0.3853145;0.000569661;2.488565;101;0.1996548;42;1.575372;2.684572;347;2.28891
62;62004;60008;57006;-1.564913E-09;1;ОС-1:;состояние1_k-2.sig;1 дополнительное:;состояние2_k-24.sig;0.3853145;-0.0009570151;2.488565;101;0.104106;110;1.575409;2.577988;359;2.384459
62;62004;60008;57006;-1.564913E-09;1;ОС-1:;состояние1_k-2.sig;1 дополнительное:;состояние2_k-25.sig;0.3853145;0;2.488565;101;0.1455958;15;1.572097;2.627623;595;2.342969
62;62004;60008;57006;-1.564913E-09;1;ОС-1:;состояние1_k-2.sig;1 дополнительное:;состояние2_k-26.sig;0.3853145;0.0004188652;2.488565;101;0.1707288;430;1.57868;2.658305;103;2.317836
62;62004;60008;57006;-1.564913E-09;1;ОС-1:;состояние1_k-2.sig;1 дополнительное:;состояние2_k-27.sig;0.3853145;-0.0002852832;2.488565;101;0.1551986;408;1.57241;2.633228;94;2.333366
62;62004;60008;57006;-1.564913E-09;1;ОС-1:;состояние1_k-2.sig;1 дополнительное:;состояние2_k-28.sig;0.3853145;-0.0007104725;2.488565;101;0.1088485;102;1.574548;2.597129;352;2.379716
62;62004;60008;57006;-1.564913E-09;1;ОС-1:;состояние1_k-2.sig;1 дополнительное:;состояние2_k-29.sig;0.3853145;-0.0002862015;2.488565;101;0.04510775;679;1.573984;2.523627;594;2.443457
62;62004;60008;57006;-1.564913E-09;1;ОС-1:;состояние1_k-2.sig;1 дополнительное:;состояние2_k-30.sig;0.3853145;0;2.488565;101;0.02407993;3;1.573877;2.484767;91;2.464485
62;62004;60008;57006;-1.564913E-09;1;ОС-1:;состояние1_k-2.sig;1 дополнительное:;состояние2_k-31.sig;0.3853145;-0.0006385071;2.488565;101;0.08576095;352;1.572656;2.574041;352;2.402804
62;62004;60008;57006;-1.564913E-09;1;ОС-1:;состояние1_k-2.sig;1 дополнительное:;состояние2_k-32.sig;0.3853145;-0.001548914;2.488565;101;0.1326667;55;1.574758;2.620838;102;2.355898
62;62004;60008;57006;-1.564913E-09;1;ОС-1:;состояние1_k-2.sig;1 дополнительное:;состояние2_k-33.sig;0.3853145;-0.001601563;2.488565;101;0.1589705;291;1.575301;2.64678;352;2.329594
62;62004;60008;57006;-1.564913E-09;1;ОС-1:;состояние1_k-2.sig;1 дополнительное:;состояние2_k-34.sig;0.3853145;-0.0007511771;2.488565;101;0.1619065;425;1.567166;2.613118;87;2.326658
62;62004;60008;57006;-1.564913E-09;1;ОС-1:;состояние1_k-2.sig;1 дополнительное:;состояние2_k-35.sig;0.3853145;0;2.488565;101;0.1416874;37;1.574142;2.629942;351;2.346878
62;62004;60008;57006;-1.564913E-09;1;ОС-1:;состояние1_k-2.sig;1 дополнительное:;состояние2_k-36.sig;0.3853145;9.398406E-06;2.488565;101;0.1011769;226;1.573391;2.589742;101;2.387388
62;62004;60008;57006;-1.564913E-09;1;ОС-1:;состояние1_k-2.sig;1 дополнительное:;состояние2_k-37.sig;0.3853145;-0.0002658047;2.488565;101;0.04705043;647;1.572792;2.535387;350;2.441514
62;62004;60008;57006;-1.564913E-09;1;ОС-1:;состояние1_k-2.sig;1 дополнительное:;состояние2_k-38.sig;0.3853145;-0.000121206;2.488565;101;0.0361464;197;1.57258;2.521878;104;2.452419
62;62004;60008;57006;-1.564913E-09;1;ОС-1:;состояние1_k-2.sig;1 дополнительное:;состояние2_k-39.sig;0.3853145;0.0002602389;2.488565;101;0.1024783;699;1.574121;2.587286;97;2.386087
62;62004;60008;57006;-1.564913E-09;1;ОС-1:;состояние1_k-2.sig;1 дополнительное:;состояние2_k-40.sig;0.3853145;4.954636E-09;2.488565;101;0.1701617;2;1.574816;2.658442;352;2.318403
62;62004;60008;57006;-1.564913E-09;1;ОС-1:;состояние1_k-3.sig;1 дополнительное:;состояние2_k-21.sig;0.277649;0.00831822;3.626291;684;0.7877716;778;2.356925;4.120718;38;2.838519
62;62004;60008;57006;-1.564913E-09;1;ОС-1:;состояние1_k-3.sig;1 дополнительное:;состояние2_k-22.sig;0.277649;0.005552164;3.626291;684;0.4426955;144;2.289066;4.066257;349;3.183595
62;62004;60008;57006;-1.564913E-09;1;ОС-1:;состояние1_k-3.sig;1 дополнительное:;состояние2_k-23.sig;0.277649;0.000569661;3.626291;684;0.1996548;42;2.289731;3.82157;20;3.426636
62;62004;60008;57006;-1.564913E-09;1;ОС-1:;состояние1_k-3.sig;1 дополнительное:;состояние2_k-24.sig;0.277649;-0.0009570151;3.626291;684;0.104106;110;2.288844;3.694426;190;3.522185
62;62004;60008;57006;-1.564913E-09;1;ОС-1:;состояние1_k-3.sig;1 дополнительное:;состояние2_k-25.sig;0.277649;0;3.626291;684;0.1455958;15;2.286094;3.764533;354;3.480695
62;62004;60008;57006;-1.564913E-09;1;ОС-1:;состояние1_k-3.sig;1 дополнительное:;состояние2_k-26.sig;0.277649;0.0004188652;3.626291;684;0.1707288;430;2.28433;3.788709;681;3.455562
62;62004;60008;57006;-1.564913E-09;1;ОС-1:;состояние1_k-3.sig;1 дополнительное:;состояние2_k-27.sig;0.277649;-0.0002852832;3.626291;684;0.1551986;408;2.297052;3.780111;352;3.471092
62;62004;60008;57006;-1.564913E-09;1;ОС-1:;состояние1_k-3.sig;1 дополнительное:;состояние2_k-28.sig;0.277649;-0.0007104725;3.626291;684;0.1088485;102;2.286243;3.724749;14;3.517442
62;62004;60008;57006;-1.564913E-09;1;ОС-1:;состояние1_k-3.sig;1 дополнительное:;состояние2_k-29.sig;0.277649;-0.0002862015;3.626291;684;0.04510775;679;2.286658;3.671229;351;3.581183
62;62004;60008;57006;-1.564913E-09;1;ОС-1:;состояние1_k-3.sig;1 дополнительное:;состояние2_k-30.sig;0.277649;0;3.626291;684;0.02407993;3;2.286624;3.649236;685;3.602211
62;62004;60008;57006;-1.564913E-09;1;ОС-1:;состояние1_k-3.sig;1 дополнительное:;состояние2_k-31.sig;0.277649;-0.0006385071;3.626291;684;0.08576095;352;2.286461;3.703619;14;3.54053
62;62004;60008;57006;-1.564913E-09;1;ОС-1:;состояние1_k-3.sig;1 дополнительное:;состояние2_k-32.sig;0.277649;-0.001548914;3.626291;684;0.1326667;55;2.286349;3.757881;352;3.493624
62;62004;60008;57006;-1.564913E-09;1;ОС-1:;состояние1_k-3.sig;1 дополнительное:;состояние2_k-33.sig;0.277649;-0.001601563;3.626291;684;0.1589705;291;2.295834;3.675185;172;3.46732
62;62004;60008;57006;-1.564913E-09;1;ОС-1:;состояние1_k-3.sig;1 дополнительное:;состояние2_k-34.sig;0.277649;-0.0007511771;3.626291;684;0.1619065;425;2.285155;3.787297;351;3.464384
62;62004;60008;57006;-1.564913E-09;1;ОС-1:;состояние1_k-3.sig;1 дополнительное:;состояние2_k-35.sig;0.277649;0;3.626291;684;0.1416874;37;2.284874;3.757453;181;3.484603
62;62004;60008;57006;-1.564913E-09;1;ОС-1:;состояние1_k-3.sig;1 дополнительное:;состояние2_k-36.sig;0.277649;9.398406E-06;3.626291;684;0.1011769;226;2.2866;3.727441;351;3.525114
62;62004;60008;57006;-1.564913E-09;1;ОС-1:;состояние1_k-3.sig;1 дополнительное:;состояние2_k-37.sig;0.277649;-0.0002658047;3.626291;684;0.04705043;647;2.286988;3.668089;186;3.57924
62;62004;60008;57006;-1.564913E-09;1;ОС-1:;состояние1_k-3.sig;1 дополнительное:;состояние2_k-38.sig;0.277649;-0.000121206;3.626291;684;0.0361464;197;2.286575;3.662407;684;3.590144
62;62004;60008;57006;-1.564913E-09;1;ОС-1:;состояние1_k-3.sig;1 дополнительное:;состояние2_k-39.sig;0.277649;0.0002602389;3.626291;684;0.1024783;699;2.290601;3.726387;19;3.523813
62;62004;60008;57006;-1.564913E-09;1;ОС-1:;состояние1_k-3.sig;1 дополнительное:;состояние2_k-40.sig;0.277649;4.954636E-09;3.626291;684;0.1701617;2;2.285357;3.793734;15;3.456129
62;62004;60008;57006;-1.564913E-09;1;ОС-1:;состояние1_k-4.sig;1 дополнительное:;состояние2_k-21.sig;0.09203475;0.00831822;4.641809;226;0.7877716;778;2.911875;5.426443;350;3.854038
62;62004;60008;57006;-1.564913E-09;1;ОС-1:;состояние1_k-4.sig;1 дополнительное:;состояние2_k-22.sig;0.09203475;0.005552164;4.641809;226;0.4426955;144;2.889494;5.079303;99;4.199114
62;62004;60008;57006;-1.564913E-09;1;ОС-1:;состояние1_k-4.sig;1 дополнительное:;состояние2_k-23.sig;0.09203475;0.000569661;4.641809;226;0.1996548;42;2.882208;4.82474;348;4.442154
62;62004;60008;57006;-1.564913E-09;1;ОС-1:;состояние1_k-4.sig;1 дополнительное:;состояние2_k-24.sig;0.09203475;-0.0009570151;4.641809;226;0.104106;110;2.879535;4.690482;105;4.537704
62;62004;60008;57006;-1.564913E-09;1;ОС-1:;состояние1_k-4.sig;1 дополнительное:;состояние2_k-25.sig;0.09203475;0;4.641809;226;0.1455958;15;2.87933;4.786627;475;4.496213
62;62004;60008;57006;-1.564913E-09;1;ОС-1:;состояние1_k-4.sig;1 дополнительное:;состояние2_k-26.sig;0.09203475;0.0004188652;4.641809;226;0.1707288;430;2.880668;4.807577;352;4.471081
62;62004;60008;57006;-1.564913E-09;1;ОС-1:;состояние1_k-4.sig;1 дополнительное:;состояние2_k-27.sig;0.09203475;-0.0002852832;4.641809;226;0.1551986;408;2.882723;4.789316;724;4.486611
62;62004;60008;57006;-1.564913E-09;1;ОС-1:;состояние1_k-4.sig;1 дополнительное:;состояние2_k-28.sig;0.09203475;-0.0007104725;4.641809;226;0.1088485;102;2.870505;4.748991;101;4.532961
62;62004;60008;57006;-1.564913E-09;1;ОС-1:;состояние1_k-4.sig;1 дополнительное:;состояние2_k-29.sig;0.09203475;-0.0002862015;4.641809;226;0.04510775;679;2.881711;4.674653;727;4.596702
62;62004;60008;57006;-1.564913E-09;1;ОС-1:;состояние1_k-4.sig;1 дополнительное:;состояние2_k-30.sig;0.09203475;0;4.641809;226;0.02407993;3;2.880279;4.664394;101;4.61773
62;62004;60008;57006;-1.564913E-09;1;ОС-1:;состояние1_k-4.sig;1 дополнительное:;состояние2_k-31.sig;0.09203475;-0.0006385071;4.641809;226;0.08576095;352;2.880192;4.725968;351;4.556048
62;62004;60008;57006;-1.564913E-09;1;ОС-1:;состояние1_k-4.sig;1 дополнительное:;состояние2_k-32.sig;0.09203475;-0.001548914;4.641809;226;0.1326667;55;2.881789;4.772895;226;4.509143
62;62004;60008;57006;-1.564913E-09;1;ОС-1:;состояние1_k-4.sig;1 дополнительное:;состояние2_k-33.sig;0.09203475;-0.001601563;4.641809;226;0.1589705;291;2.88168;4.799436;351;4.482839
62;62004;60008;57006;-1.564913E-09;1;ОС-1:;состояние1_k-4.sig;1 дополнительное:;состояние2_k-34.sig;0.09203475;-0.0007511771;4.641809;226;0.1619065;425;2.881666;4.802843;101;4.479903
62;62004;60008;57006;-1.564913E-09;1;ОС-1:;состояние1_k-4.sig;1 дополнительное:;состояние2_k-35.sig;0.09203475;0;4.641809;226;0.1416874;37;2.881433;4.783186;351;4.500122
62;62004;60008;57006;-1.564913E-09;1;ОС-1:;состояние1_k-4.sig;1 дополнительное:;состояние2_k-36.sig;0.09203475;9.398406E-06;4.641809;226;0.1011769;226;2.87201;4.576629;93;4.540633
62;62004;60008;57006;-1.564913E-09;1;ОС-1:;состояние1_k-4.sig;1 дополнительное:;состояние2_k-37.sig;0.09203475;-0.0002658047;4.641809;226;0.04705043;647;2.881078;4.687961;350;4.594759
62;62004;60008;57006;-1.564913E-09;1;ОС-1:;состояние1_k-4.sig;1 дополнительное:;состояние2_k-38.sig;0.09203475;-0.000121206;4.641809;226;0.0361464;197;2.880294;4.674252;475;4.605663
62;62004;60008;57006;-1.564913E-09;1;ОС-1:;состояние1_k-4.sig;1 дополнительное:;состояние2_k-39.sig;0.09203475;0.0002602389;4.641809;226;0.1024783;699;2.879557;4.743118;225;4.539331
62;62004;60008;57006;-1.564913E-09;1;ОС-1:;состояние1_k-4.sig;1 дополнительное:;состояние2_k-40.sig;0.09203475;4.954636E-09;4.641809;226;0.1701617;2;2.880703;4.809817;102;4.471648
62;62004;60008;57006;-1.564913E-09;1;ОС-1:;состояние1_k-5.sig;1 дополнительное:;состояние2_k-21.sig;0;0.00831822;5.503712;151;0.7877716;778;3.518025;6.268555;253;4.71594
62;62004;60008;57006;-1.564913E-09;1;ОС-1:;состояние1_k-5.sig;1 дополнительное:;состояние2_k-22.sig;0;0.005552164;5.503712;151;0.4426955;144;3.512333;5.937452;349;5.061016
62;62004;60008;57006;-1.564913E-09;1;ОС-1:;состояние1_k-5.sig;1 дополнительное:;состояние2_k-23.sig;0;0.000569661;5.503712;151;0.1996548;42;3.508991;5.703186;151;5.304057
62;62004;60008;57006;-1.564913E-09;1;ОС-1:;состояние1_k-5.sig;1 дополнительное:;состояние2_k-24.sig;0;-0.0009570151;5.503712;151;0.104106;110;3.504543;5.607141;651;5.399606
62;62004;60008;57006;-1.564913E-09;1;ОС-1:;состояние1_k-5.sig;1 дополнительное:;состояние2_k-25.sig;0;0;5.503712;151;0.1455958;15;3.519377;5.632744;52;5.358116
62;62004;60008;57006;-1.564913E-09;1;ОС-1:;состояние1_k-5.sig;1 дополнительное:;состояние2_k-26.sig;0;0.0004188652;5.503712;151;0.1707288;430;3.499832;5.639005;48;5.332983
62;62004;60008;57006;-1.564913E-09;1;ОС-1:;состояние1_k-5.sig;1 дополнительное:;состояние2_k-27.sig;0;-0.0002852832;5.503712;151;0.1551986;408;3.501436;5.65447;352;5.348513
62;62004;60008;57006;-1.564913E-09;1;ОС-1:;состояние1_k-5.sig;1 дополнительное:;состояние2_k-28.sig;0;-0.0007104725;5.503712;151;0.1088485;102;3.503124;5.607002;550;5.394863
62;62004;60008;57006;-1.564913E-09;1;ОС-1:;состояние1_k-5.sig;1 дополнительное:;состояние2_k-29.sig;0;-0.0002862015;5.503712;151;0.04510775;679;3.503815;5.548677;351;5.458604
62;62004;60008;57006;-1.564913E-09;1;ОС-1:;состояние1_k-5.sig;1 дополнительное:;состояние2_k-30.sig;0;0;5.503712;151;0.02407993;3;3.503901;5.526296;151;5.479632
62;62004;60008;57006;-1.564913E-09;1;ОС-1:;состояние1_k-5.sig;1 дополнительное:;состояние2_k-31.sig;0;-0.0006385071;5.503712;151;0.08576095;352;3.503995;5.58561;450;5.417951
62;62004;60008;57006;-1.564913E-09;1;ОС-1:;состояние1_k-5.sig;1 дополнительное:;состояние2_k-32.sig;0;-0.001548914;5.503712;151;0.1326667;55;3.50397;5.634797;351;5.371045
62;62004;60008;57006;-1.564913E-09;1;ОС-1:;состояние1_k-5.sig;1 дополнительное:;состояние2_k-33.sig;0;-0.001601563;5.503712;151;0.1589705;291;3.503297;5.654606;50;5.344741
62;62004;60008;57006;-1.564913E-09;1;ОС-1:;состояние1_k-5.sig;1 дополнительное:;состояние2_k-34.sig;0;-0.0007511771;5.503712;151;0.1619065;425;3.501976;5.664745;351;5.341805
62;62004;60008;57006;-1.564913E-09;1;ОС-1:;состояние1_k-5.sig;1 дополнительное:;состояние2_k-35.sig;0;0;5.503712;151;0.1416874;37;3.516613;5.387992;45;5.362024
62;62004;60008;57006;-1.564913E-09;1;ОС-1:;состояние1_k-5.sig;1 дополнительное:;состояние2_k-36.sig;0;9.398406E-06;5.503712;151;0.1011769;226;3.50212;5.604888;351;5.402535
62;62004;60008;57006;-1.564913E-09;1;ОС-1:;состояние1_k-5.sig;1 дополнительное:;состояние2_k-37.sig;0;-0.0002658047;5.503712;151;0.04705043;647;3.503387;5.548311;51;5.456661
62;62004;60008;57006;-1.564913E-09;1;ОС-1:;состояние1_k-5.sig;1 дополнительное:;состояние2_k-38.sig;0;-0.000121206;5.503712;151;0.0361464;197;3.504245;5.538303;250;5.467566
62;62004;60008;57006;-1.564913E-09;1;ОС-1:;состояние1_k-5.sig;1 дополнительное:;состояние2_k-39.sig;0;0.0002602389;5.503712;151;0.1024783;699;3.504507;5.599953;352;5.401234
62;62004;60008;57006;-1.564913E-09;1;ОС-1:;состояние1_k-5.sig;1 дополнительное:;состояние2_k-40.sig;0;4.954636E-09;5.503712;151;0.1701617;2;3.505169;5.669844;52;5.33355
62;62004;60008;57006;-1.564913E-09;1;ОС-1:;состояние1_k-6.sig;1 дополнительное:;состояние2_k-21.sig;0.06365275;0.00831822;6.187945;434;0.7877716;778;4.02539;6.970914;350;5.400174
62;62004;60008;57006;-1.564913E-09;1;ОС-1:;состояние1_k-6.sig;1 дополнительное:;состояние2_k-22.sig;0.06365275;0.005552164;6.187945;434;0.4426955;144;4.019515;6.567218;187;5.74525
62;62004;60008;57006;-1.564913E-09;1;ОС-1:;состояние1_k-6.sig;1 дополнительное:;состояние2_k-23.sig;0.06365275;0.000569661;6.187945;434;0.1996548;42;4.012236;6.375483;518;5.98829
62;62004;60008;57006;-1.564913E-09;1;ОС-1:;состояние1_k-6.sig;1 дополнительное:;состояние2_k-24.sig;0.06365275;-0.0009570151;6.187945;434;0.104106;110;4.01125;6.217511;19;6.083839
62;62004;60008;57006;-1.564913E-09;1;ОС-1:;состояние1_k-6.sig;1 дополнительное:;состояние2_k-25.sig;0.06365275;0;6.187945;434;0.1455958;15;4.014936;6.332898;434;6.042349
62;62004;60008;57006;-1.564913E-09;1;ОС-1:;состояние1_k-6.sig;1 дополнительное:;состояние2_k-26.sig;0.06365275;0.0004188652;6.187945;434;0.1707288;430;4.016193;6.349023;102;6.017217
62;62004;60008;57006;-1.564913E-09;1;ОС-1:;состояние1_k-6.sig;1 дополнительное:;состояние2_k-27.sig;0.06365275;-0.0002852832;6.187945;434;0.1551986;408;4.013707;6.339002;518;6.032747
62;62004;60008;57006;-1.564913E-09;1;ОС-1:;состояние1_k-6.sig;1 дополнительное:;состояние2_k-28.sig;0.06365275;-0.0007104725;6.187945;434;0.1088485;102;4.010954;6.294879;351;6.079097
62;62004;60008;57006;-1.564913E-09;1;ОС-1:;состояние1_k-6.sig;1 дополнительное:;состояние2_k-29.sig;0.06365275;-0.0002862015;6.187945;434;0.04510775;679;4.011628;6.229994;767;6.142838
62;62004;60008;57006;-1.564913E-09;1;ОС-1:;состояние1_k-6.sig;1 дополнительное:;состояние2_k-30.sig;0.06365275;0;6.187945;434;0.02407993;3;4.010942;6.165931;184;6.163866
62;62004;60008;57006;-1.564913E-09;1;ОС-1:;состояние1_k-6.sig;1 дополнительное:;состояние2_k-31.sig;0.06365275;-0.0006385071;6.187945;434;0.08576095;352;4.016814;6.271857;351;6.102184
62;62004;60008;57006;-1.564913E-09;1;ОС-1:;состояние1_k-6.sig;1 дополнительное:;состояние2_k-32.sig;0.06365275;-0.001548914;6.187945;434;0.1326667;55;4.016987;6.318783;101;6.055279
62;62004;60008;57006;-1.564913E-09;1;ОС-1:;состояние1_k-6.sig;1 дополнительное:;состояние2_k-33.sig;0.06365275;-0.001601563;6.187945;434;0.1589705;291;4.015848;6.345324;351;6.028975
62;62004;60008;57006;-1.564913E-09;1;ОС-1:;состояние1_k-6.sig;1 дополнительное:;состояние2_k-34.sig;0.06365275;-0.0007511771;6.187945;434;0.1619065;425;4.015116;6.313941;16;6.026039
62;62004;60008;57006;-1.564913E-09;1;ОС-1:;состояние1_k-6.sig;1 дополнительное:;состояние2_k-35.sig;0.06365275;0;6.187945;434;0.1416874;37;4.014807;6.329075;351;6.046258
62;62004;60008;57006;-1.564913E-09;1;ОС-1:;состояние1_k-6.sig;1 дополнительное:;состояние2_k-36.sig;0.06365275;9.398406E-06;6.187945;434;0.1011769;226;4.014725;6.288918;434;6.086769
62;62004;60008;57006;-1.564913E-09;1;ОС-1:;состояние1_k-6.sig;1 дополнительное:;состояние2_k-37.sig;0.06365275;-0.0002658047;6.187945;434;0.04705043;647;4.013751;6.233054;768;6.140895
62;62004;60008;57006;-1.564913E-09;1;ОС-1:;состояние1_k-6.sig;1 дополнительное:;состояние2_k-38.sig;0.06365275;-0.000121206;6.187945;434;0.0361464;197;4.01346;6.209396;101;6.151799
62;62004;60008;57006;-1.564913E-09;1;ОС-1:;состояние1_k-6.sig;1 дополнительное:;состояние2_k-39.sig;0.06365275;0.0002602389;6.187945;434;0.1024783;699;4.014747;6.282489;185;6.085467
62;62004;60008;57006;-1.564913E-09;1;ОС-1:;состояние1_k-6.sig;1 дополнительное:;состояние2_k-40.sig;0.06365275;4.954636E-09;6.187945;434;0.1701617;2;4.017096;6.351264;352;6.017784
62;62004;60008;57006;-1.564913E-09;1;ОС-1:;состояние1_k-7.sig;1 дополнительное:;состояние2_k-21.sig;0.1959943;0.00831822;6.678167;65;0.7877716;778;4.440227;6.006825;144;5.890395
62;62004;60008;57006;-1.564913E-09;1;ОС-1:;состояние1_k-7.sig;1 дополнительное:;состояние2_k-22.sig;0.1959943;0.005552164;6.678167;65;0.4426955;144;4.261293;7.117108;280;6.235471
62;62004;60008;57006;-1.564913E-09;1;ОС-1:;состояние1_k-7.sig;1 дополнительное:;состояние2_k-23.sig;0.1959943;0.000569661;6.678167;65;0.1996548;42;4.270005;6.874566;65;6.478512
62;62004;60008;57006;-1.564913E-09;1;ОС-1:;состояние1_k-7.sig;1 дополнительное:;состояние2_k-24.sig;0.1959943;-0.0009570151;6.678167;65;0.104106;110;4.275807;6.7758;279;6.574061
62;62004;60008;57006;-1.564913E-09;1;ОС-1:;состояние1_k-7.sig;1 дополнительное:;состояние2_k-25.sig;0.1959943;0;6.678167;65;0.1455958;15;4.277445;6.819499;136;6.532571
62;62004;60008;57006;-1.564913E-09;1;ОС-1:;состояние1_k-7.sig;1 дополнительное:;состояние2_k-26.sig;0.1959943;0.0004188652;6.678167;65;0.1707288;430;4.276242;6.84862;65;6.507438
62;62004;60008;57006;-1.564913E-09;1;ОС-1:;состояние1_k-7.sig;1 дополнительное:;состояние2_k-27.sig;0.1959943;-0.0002852832;6.678167;65;0.1551986;408;4.274313;6.82839;351;6.522968
62;62004;60008;57006;-1.564913E-09;1;ОС-1:;состояние1_k-7.sig;1 дополнительное:;состояние2_k-28.sig;0.1959943;-0.0007104725;6.678167;65;0.1088485;102;4.273787;6.784752;708;6.569318
62;62004;60008;57006;-1.564913E-09;1;ОС-1:;состояние1_k-7.sig;1 дополнительное:;состояние2_k-29.sig;0.1959943;-0.0002862015;6.678167;65;0.04510775;679;4.273908;6.722696;351;6.633059
62;62004;60008;57006;-1.564913E-09;1;ОС-1:;состояние1_k-7.sig;1 дополнительное:;состояние2_k-30.sig;0.1959943;0;6.678167;65;0.02407993;3;4.274306;6.700911;136;6.654087
62;62004;60008;57006;-1.564913E-09;1;ОС-1:;состояние1_k-7.sig;1 дополнительное:;состояние2_k-31.sig;0.1959943;-0.0006385071;6.678167;65;0.08576095;352;4.27466;6.761635;208;6.592406
62;62004;60008;57006;-1.564913E-09;1;ОС-1:;состояние1_k-7.sig;1 дополнительное:;состояние2_k-32.sig;0.1959943;-0.001548914;6.678167;65;0.1326667;55;4.275834;6.808816;351;6.5455
62;62004;60008;57006;-1.564913E-09;1;ОС-1:;состояние1_k-7.sig;1 дополнительное:;состояние2_k-33.sig;0.1959943;-0.001601563;6.678167;65;0.1589705;291;4.278267;6.831823;65;6.519197
62;62004;60008;57006;-1.564913E-09;1;ОС-1:;состояние1_k-7.sig;1 дополнительное:;состояние2_k-34.sig;0.1959943;-0.0007511771;6.678167;65;0.1619065;425;4.280824;6.838764;351;6.51626
62;62004;60008;57006;-1.564913E-09;1;ОС-1:;состояние1_k-7.sig;1 дополнительное:;состояние2_k-35.sig;0.1959943;0;6.678167;65;0.1416874;37;4.258008;6.538764;493;6.536479
62;62004;60008;57006;-1.564913E-09;1;ОС-1:;состояние1_k-7.sig;1 дополнительное:;состояние2_k-36.sig;0.1959943;9.398406E-06;6.678167;65;0.1011769;226;4.278351;6.778907;351;6.57699
62;62004;60008;57006;-1.564913E-09;1;ОС-1:;состояние1_k-7.sig;1 дополнительное:;состояние2_k-37.sig;0.1959943;-0.0002658047;6.678167;65;0.04705043;647;4.275083;6.724173;65;6.631116
62;62004;60008;57006;-1.564913E-09;1;ОС-1:;состояние1_k-7.sig;1 дополнительное:;состояние2_k-38.sig;0.1959943;-0.000121206;6.678167;65;0.0361464;197;4.273689;6.714141;565;6.64202
62;62004;60008;57006;-1.564913E-09;1;ОС-1:;состояние1_k-7.sig;1 дополнительное:;состояние2_k-39.sig;0.1959943;0.0002602389;6.678167;65;0.1024783;699;4.274613;6.775621;136;6.575688
62;62004;60008;57006;-1.564913E-09;1;ОС-1:;состояние1_k-7.sig;1 дополнительное:;состояние2_k-40.sig;0.1959943;4.954636E-09;6.678167;65;0.1701617;2;4.276135;6.849429;65;6.508005
62;62004;60008;57006;-1.564913E-09;1;ОС-1:;состояние1_k-8.sig;1 дополнительное:;состояние2_k-21.sig;0.2542135;0.00831822;6.966747;38;0.7877716;778;4.430933;7.747974;350;6.178975
62;62004;60008;57006;-1.564913E-09;1;ОС-1:;состояние1_k-8.sig;1 дополнительное:;состояние2_k-22.sig;0.2542135;0.005552164;6.966747;38;0.4426955;144;4.424136;7.396842;100;6.524051
62;62004;60008;57006;-1.564913E-09;1;ОС-1:;состояние1_k-8.sig;1 дополнительное:;состояние2_k-23.sig;0.2542135;0.000569661;6.966747;38;0.1996548;42;4.427649;7.164882;476;6.767092
62;62004;60008;57006;-1.564913E-09;1;ОС-1:;состояние1_k-8.sig;1 дополнительное:;состояние2_k-24.sig;0.2542135;-0.0009570151;6.966747;38;0.104106;110;4.433203;6.990143;39;6.862641
62;62004;60008;57006;-1.564913E-09;1;ОС-1:;состояние1_k-8.sig;1 дополнительное:;состояние2_k-25.sig;0.2542135;0;6.966747;38;0.1455958;15;4.444794;7.093138;38;6.821151
62;62004;60008;57006;-1.564913E-09;1;ОС-1:;состояние1_k-8.sig;1 дополнительное:;состояние2_k-26.sig;0.2542135;0.0004188652;6.966747;38;0.1707288;430;4.44553;7.127203;351;6.796018
62;62004;60008;57006;-1.564913E-09;1;ОС-1:;состояние1_k-8.sig;1 дополнительное:;состояние2_k-27.sig;0.2542135;-0.0002852832;6.966747;38;0.1551986;408;4.441814;7.121614;538;6.811548
62;62004;60008;57006;-1.564913E-09;1;ОС-1:;состояние1_k-8.sig;1 дополнительное:;состояние2_k-28.sig;0.2542135;-0.0007104725;6.966747;38;0.1088485;102;4.437706;7.073715;101;6.857898
62;62004;60008;57006;-1.564913E-09;1;ОС-1:;состояние1_k-8.sig;1 дополнительное:;состояние2_k-29.sig;0.2542135;-0.0002862015;6.966747;38;0.04510775;679;4.436346;7.010747;663;6.921639
62;62004;60008;57006;-1.564913E-09;1;ОС-1:;состояние1_k-8.sig;1 дополнительное:;состояние2_k-30.sig;0.2542135;0;6.966747;38;0.02407993;3;4.436726;6.989484;288;6.942667
62;62004;60008;57006;-1.564913E-09;1;ОС-1:;состояние1_k-8.sig;1 дополнительное:;состояние2_k-31.sig;0.2542135;-0.0006385071;6.966747;38;0.08576095;352;4.437305;7.052064;788;6.880986
62;62004;60008;57006;-1.564913E-09;1;ОС-1:;состояние1_k-8.sig;1 дополнительное:;состояние2_k-32.sig;0.2542135;-0.001548914;6.966747;38;0.1326667;55;4.437752;7.095103;38;6.83408
62;62004;60008;57006;-1.564913E-09;1;ОС-1:;состояние1_k-8.sig;1 дополнительное:;состояние2_k-33.sig;0.2542135;-0.001601563;6.966747;38;0.1589705;291;4.437335;7.12416;351;6.807776
62;62004;60008;57006;-1.564913E-09;1;ОС-1:;состояние1_k-8.sig;1 дополнительное:;состояние2_k-34.sig;0.2542135;-0.0007511771;6.966747;38;0.1619065;425;4.43802;7.127567;101;6.80484
62;62004;60008;57006;-1.564913E-09;1;ОС-1:;состояние1_k-8.sig;1 дополнительное:;состояние2_k-35.sig;0.2542135;0;6.966747;38;0.1416874;37;4.438711;7.107911;351;6.825059
62;62004;60008;57006;-1.564913E-09;1;ОС-1:;состояние1_k-8.sig;1 дополнительное:;состояние2_k-36.sig;0.2542135;9.398406E-06;6.966747;38;0.1011769;226;4.438602;7.06771;226;6.86557
62;62004;60008;57006;-1.564913E-09;1;ОС-1:;состояние1_k-8.sig;1 дополнительное:;состояние2_k-37.sig;0.2542135;-0.0002658047;6.966747;38;0.04705043;647;4.437549;7.012814;38;6.919696
62;62004;60008;57006;-1.564913E-09;1;ОС-1:;состояние1_k-8.sig;1 дополнительное:;состояние2_k-38.sig;0.2542135;-0.000121206;6.966747;38;0.0361464;197;4.436424;7.00167;288;6.9306
62;62004;60008;57006;-1.564913E-09;1;ОС-1:;состояние1_k-8.sig;1 дополнительное:;состояние2_k-39.sig;0.2542135;0.0002602389;6.966747;38;0.1024783;699;4.435379;7.067518;788;6.864268
62;62004;60008;57006;-1.564913E-09;1;ОС-1:;состояние1_k-8.sig;1 дополнительное:;состояние2_k-40.sig;0.2542135;4.954636E-09;6.966747;38;0.1701617;2;4.45812;7.128297;39;6.796585
62;62004;60008;57006;-1.564913E-09;1;ОС-1:;состояние1_k-9.sig;1 дополнительное:;состояние2_k-21.sig;0.170138;0.00831822;7.056591;684;0.7877716;778;4.535739;7.659331;131;6.268819
62;62004;60008;57006;-1.564913E-09;1;ОС-1:;состояние1_k-9.sig;1 дополнительное:;состояние2_k-22.sig;0.170138;0.005552164;7.056591;684;0.4426955;144;4.53674;7.485209;350;6.613895
62;62004;60008;57006;-1.564913E-09;1;ОС-1:;состояние1_k-9.sig;1 дополнительное:;состояние2_k-23.sig;0.170138;0.000569661;7.056591;684;0.1996548;42;4.537046;7.248501;239;6.856936
62;62004;60008;57006;-1.564913E-09;1;ОС-1:;состояние1_k-9.sig;1 дополнительное:;состояние2_k-24.sig;0.170138;-0.0009570151;7.056591;684;0.104106;110;4.536642;7.154364;462;6.952485
62;62004;60008;57006;-1.564913E-09;1;ОС-1:;состояние1_k-9.sig;1 дополнительное:;состояние2_k-25.sig;0.170138;0;7.056591;684;0.1455958;15;4.539829;7.201939;295;6.910995
62;62004;60008;57006;-1.564913E-09;1;ОС-1:;состояние1_k-9.sig;1 дополнительное:;состояние2_k-26.sig;0.170138;0.0004188652;7.056591;684;0.1707288;430;4.545031;7.226674;795;6.885862
62;62004;60008;57006;-1.564913E-09;1;ОС-1:;состояние1_k-9.sig;1 дополнительное:;состояние2_k-27.sig;0.170138;-0.0002852832;7.056591;684;0.1551986;408;4.507427;7.20632;351;6.901392
62;62004;60008;57006;-1.564913E-09;1;ОС-1:;состояние1_k-9.sig;1 дополнительное:;состояние2_k-28.sig;0.170138;-0.0007104725;7.056591;684;0.1088485;102;4.544304;7.147636;796;6.947742
62;62004;60008;57006;-1.564913E-09;1;ОС-1:;состояние1_k-9.sig;1 дополнительное:;состояние2_k-29.sig;0.170138;-0.0002862015;7.056591;684;0.04510775;679;4.539682;7.100626;351;7.011483
62;62004;60008;57006;-1.564913E-09;1;ОС-1:;состояние1_k-9.sig;1 дополнительное:;состояние2_k-30.sig;0.170138;0;7.056591;684;0.02407993;3;4.537369;7.078605;684;7.032511
62;62004;60008;57006;-1.564913E-09;1;ОС-1:;состояние1_k-9.sig;1 дополнительное:;состояние2_k-31.sig;0.170138;-0.0006385071;7.056591;684;0.08576095;352;4.538414;7.139214;240;6.970829
62;62004;60008;57006;-1.564913E-09;1;ОС-1:;состояние1_k-9.sig;1 дополнительное:;состояние2_k-32.sig;0.170138;-0.001548914;7.056591;684;0.1326667;55;4.539793;7.186746;351;6.923924
62;62004;60008;57006;-1.564913E-09;1;ОС-1:;состояние1_k-9.sig;1 дополнительное:;состояние2_k-33.sig;0.170138;-0.001601563;7.056591;684;0.1589705;291;4.539297;7.171959;461;6.89762
62;62004;60008;57006;-1.564913E-09;1;ОС-1:;состояние1_k-9.sig;1 дополнительное:;состояние2_k-34.sig;0.170138;-0.0007511771;7.056591;684;0.1619065;425;4.537759;7.216694;351;6.894684
62;62004;60008;57006;-1.564913E-09;1;ОС-1:;состояние1_k-9.sig;1 дополнительное:;состояние2_k-35.sig;0.170138;0;7.056591;684;0.1416874;37;4.536975;7.195614;295;6.914903
62;62004;60008;57006;-1.564913E-09;1;ОС-1:;состояние1_k-9.sig;1 дополнительное:;состояние2_k-36.sig;0.170138;9.398406E-06;7.056591;684;0.1011769;226;4.538116;7.157663;573;6.955414
62;62004;60008;57006;-1.564913E-09;1;ОС-1:;состояние1_k-9.sig;1 дополнительное:;состояние2_k-37.sig;0.170138;-0.0002658047;7.056591;684;0.04705043;647;4.538229;7.102877;295;7.00954
62;62004;60008;57006;-1.564913E-09;1;ОС-1:;состояние1_k-9.sig;1 дополнительное:;состояние2_k-38.sig;0.170138;-0.000121206;7.056591;684;0.0361464;197;4.537553;7.092707;684;7.020444
62;62004;60008;57006;-1.564913E-09;1;ОС-1:;состояние1_k-9.sig;1 дополнительное:;состояние2_k-39.sig;0.170138;0.0002602389;7.056591;684;0.1024783;699;4.536833;7.147805;351;6.954112
62;62004;60008;57006;-1.564913E-09;1;ОС-1:;состояние1_k-9.sig;1 дополнительное:;состояние2_k-40.sig;0.170138;4.954636E-09;7.056591;684;0.1701617;2;4.537588;7.226056;240;6.886429
62;62004;60008;57006;-1.564913E-09;1;ОС-1:;состояние1_k-10.sig;1 дополнительное:;состояние2_k-21.sig;0;0.00831822;6.955085;1;0.7877716;778;4.425103;7.735262;350;6.167313
62;62004;60008;57006;-1.564913E-09;1;ОС-1:;состояние1_k-10.sig;1 дополнительное:;состояние2_k-22.sig;0;0.005552164;6.955085;1;0.4426955;144;4.423361;7.378702;51;6.512389
62;62004;60008;57006;-1.564913E-09;1;ОС-1:;состояние1_k-10.sig;1 дополнительное:;состояние2_k-23.sig;0;0.000569661;6.955085;1;0.1996548;42;4.428864;7.154559;651;6.75543
62;62004;60008;57006;-1.564913E-09;1;ОС-1:;состояние1_k-10.sig;1 дополнительное:;состояние2_k-24.sig;0;-0.0009570151;6.955085;1;0.104106;110;4.431181;7.058514;151;6.850979
62;62004;60008;57006;-1.564913E-09;1;ОС-1:;состояние1_k-10.sig;1 дополнительное:;состояние2_k-25.sig;0;0;6.955085;1;0.1455958;15;4.429067;7.077193;51;6.809489
62;62004;60008;57006;-1.564913E-09;1;ОС-1:;состояние1_k-10.sig;1 дополнительное:;состояние2_k-26.sig;0;0.0004188652;6.955085;1;0.1707288;430;4.428634;7.115754;101;6.784356
62;62004;60008;57006;-1.564913E-09;1;ОС-1:;состояние1_k-10.sig;1 дополнительное:;состояние2_k-27.sig;0;-0.0002852832;6.955085;1;0.1551986;408;4.430808;7.109885;501;6.799886
62;62004;60008;57006;-1.564913E-09;1;ОС-1:;состояние1_k-10.sig;1 дополнительное:;состояние2_k-28.sig;0;-0.0007104725;6.955085;1;0.1088485;102;4.432697;7.062266;351;6.846236
62;62004;60008;57006;-1.564913E-09;1;ОС-1:;состояние1_k-10.sig;1 дополнительное:;состояние2_k-29.sig;0;-0.0002862015;6.955085;1;0.04510775;679;4.431338;6.993569;751;6.909977
62;62004;60008;57006;-1.564913E-09;1;ОС-1:;состояние1_k-10.sig;1 дополнительное:;состояние2_k-30.sig;0;0;6.955085;1;0.02407993;3;4.433603;6.9325;1;6.931005
62;62004;60008;57006;-1.564913E-09;1;ОС-1:;состояние1_k-10.sig;1 дополнительное:;состояние2_k-31.sig;0;-0.0006385071;6.955085;1;0.08576095;352;4.425489;7.040224;401;6.869324
62;62004;60008;57006;-1.564913E-09;1;ОС-1:;состояние1_k-10.sig;1 дополнительное:;состояние2_k-32.sig;0;-0.001548914;6.955085;1;0.1326667;55;4.425802;7.08617;101;6.822418
62;62004;60008;57006;-1.564913E-09;1;ОС-1:;состояние1_k-10.sig;1 дополнительное:;состояние2_k-33.sig;0;-0.001601563;6.955085;1;0.1589705;291;4.427678;7.112711;351;6.796114
62;62004;60008;57006;-1.564913E-09;1;ОС-1:;состояние1_k-10.sig;1 дополнительное:;состояние2_k-34.sig;0;-0.0007511771;6.955085;1;0.1619065;425;4.428919;7.104003;0;6.793178
62;62004;60008;57006;-1.564913E-09;1;ОС-1:;состояние1_k-10.sig;1 дополнительное:;состояние2_k-35.sig;0;0;6.955085;1;0.1416874;37;4.428992;7.096462;151;6.813397
62;62004;60008;57006;-1.564913E-09;1;ОС-1:;состояние1_k-10.sig;1 дополнительное:;состояние2_k-36.sig;0;9.398406E-06;6.955085;1;0.1011769;226;4.428811;7.056262;101;6.853908
62;62004;60008;57006;-1.564913E-09;1;ОС-1:;состояние1_k-10.sig;1 дополнительное:;состояние2_k-37.sig;0;-0.0002658047;6.955085;1;0.04705043;647;4.428864;7.002133;201;6.908034
62;62004;60008;57006;-1.564913E-09;1;ОС-1:;состояние1_k-10.sig;1 дополнительное:;состояние2_k-38.sig;0;-0.000121206;6.955085;1;0.0361464;197;4.429074;6.989284;1;6.918939
62;62004;60008;57006;-1.564913E-09;1;ОС-1:;состояние1_k-10.sig;1 дополнительное:;состояние2_k-39.sig;0;0.0002602389;6.955085;1;0.1024783;699;4.429124;7.056578;301;6.852607
62;62004;60008;57006;-1.564913E-09;1;ОС-1:;состояние1_k-10.sig;1 дополнительное:;состояние2_k-40.sig;0;4.954636E-09;6.955085;1;0.1701617;2;4.429488;7.115056;51;6.784923
62;62004;60008;57006;-1.564913E-09;1;ОС-1:;состояние1_k-11.sig;1 дополнительное:;состояние2_k-21.sig;-0.1382839;0.00831822;6.68405;78;0.7877716;778;4.225795;7.464349;396;5.896278
62;62004;60008;57006;-1.564913E-09;1;ОС-1:;состояние1_k-11.sig;1 дополнительное:;состояние2_k-22.sig;-0.1382839;0.005552164;6.68405;78;0.4426955;144;4.216965;7.112348;623;6.241354
62;62004;60008;57006;-1.564913E-09;1;ОС-1:;состояние1_k-11.sig;1 дополнительное:;состояние2_k-23.sig;-0.1382839;0.000569661;6.68405;78;0.1996548;42;4.212684;6.874631;214;6.484395
62;62004;60008;57006;-1.564913E-09;1;ОС-1:;состояние1_k-11.sig;1 дополнительное:;состояние2_k-24.sig;-0.1382839;-0.0009570151;6.68405;78;0.104106;110;4.216082;6.786667;714;6.579944
62;62004;60008;57006;-1.564913E-09;1;ОС-1:;состояние1_k-11.sig;1 дополнительное:;состояние2_k-25.sig;-0.1382839;0;6.68405;78;0.1455958;15;4.216745;6.827584;214;6.538454
62;62004;60008;57006;-1.564913E-09;1;ОС-1:;состояние1_k-11.sig;1 дополнительное:;состояние2_k-26.sig;-0.1382839;0.0004188652;6.68405;78;0.1707288;430;4.215798;6.851366;123;6.513321
62;62004;60008;57006;-1.564913E-09;1;ОС-1:;состояние1_k-11.sig;1 дополнительное:;состояние2_k-27.sig;-0.1382839;-0.0002852832;6.68405;78;0.1551986;408;4.21501;6.833001;351;6.528851
62;62004;60008;57006;-1.564913E-09;1;ОС-1:;состояние1_k-11.sig;1 дополнительное:;состояние2_k-28.sig;-0.1382839;-0.0007104725;6.68405;78;0.1088485;102;4.214348;6.789227;442;6.575201
62;62004;60008;57006;-1.564913E-09;1;ОС-1:;состояние1_k-11.sig;1 дополнительное:;состояние2_k-29.sig;-0.1382839;-0.0002862015;6.68405;78;0.04510775;679;4.21421;6.727307;351;6.638942
62;62004;60008;57006;-1.564913E-09;1;ОС-1:;состояние1_k-11.sig;1 дополнительное:;состояние2_k-30.sig;-0.1382839;0;6.68405;78;0.02407993;3;4.213496;6.707702;669;6.65997
62;62004;60008;57006;-1.564913E-09;1;ОС-1:;состояние1_k-11.sig;1 дополнительное:;состояние2_k-31.sig;-0.1382839;-0.0006385071;6.68405;78;0.08576095;352;4.211983;6.769746;78;6.598289
62;62004;60008;57006;-1.564913E-09;1;ОС-1:;состояние1_k-11.sig;1 дополнительное:;состояние2_k-32.sig;-0.1382839;-0.001548914;6.68405;78;0.1326667;55;4.210153;6.81605;305;6.551383
62;62004;60008;57006;-1.564913E-09;1;ОС-1:;состояние1_k-11.sig;1 дополнительное:;состояние2_k-33.sig;-0.1382839;-0.001601563;6.68405;78;0.1589705;291;4.249176;6.529093;305;6.525079
62;62004;60008;57006;-1.564913E-09;1;ОС-1:;состояние1_k-11.sig;1 дополнительное:;состояние2_k-34.sig;-0.1382839;-0.0007511771;6.68405;78;0.1619065;425;4.208044;6.845197;396;6.522143
62;62004;60008;57006;-1.564913E-09;1;ОС-1:;состояние1_k-11.sig;1 дополнительное:;состояние2_k-35.sig;-0.1382839;0;6.68405;78;0.1416874;37;4.209444;6.823056;123;6.542362
62;62004;60008;57006;-1.564913E-09;1;ОС-1:;состояние1_k-11.sig;1 дополнительное:;состояние2_k-36.sig;-0.1382839;9.398406E-06;6.68405;78;0.1011769;226;4.212103;6.783519;351;6.582873
62;62004;60008;57006;-1.564913E-09;1;ОС-1:;состояние1_k-11.sig;1 дополнительное:;состояние2_k-37.sig;-0.1382839;-0.0002658047;6.68405;78;0.04705043;647;4.213811;6.729289;214;6.636999
62;62004;60008;57006;-1.564913E-09;1;ОС-1:;состояние1_k-11.sig;1 дополнительное:;состояние2_k-38.sig;-0.1382839;-0.000121206;6.68405;78;0.0361464;197;4.214011;6.719937;487;6.647903
62;62004;60008;57006;-1.564913E-09;1;ОС-1:;состояние1_k-11.sig;1 дополнительное:;состояние2_k-39.sig;-0.1382839;0.0002602389;6.68405;78;0.1024783;699;4.213761;6.78247;32;6.581572
62;62004;60008;57006;-1.564913E-09;1;ОС-1:;состояние1_k-11.sig;1 дополнительное:;состояние2_k-40.sig;-0.1382839;4.954636E-09;6.68405;78;0.1701617;2;4.214361;6.85371;578;6.513888
62;62004;60008;57006;-1.564913E-09;1;ОС-1:;состояние1_k-12.sig;1 дополнительное:;состояние2_k-21.sig;-0.1692121;0.00831822;6.263603;59;0.7877716;778;4.003442;7.043916;17;5.475831
62;62004;60008;57006;-1.564913E-09;1;ОС-1:;состояние1_k-12.sig;1 дополнительное:;состояние2_k-22.sig;-0.1692121;0.005552164;6.263603;59;0.4426955;144;3.98506;6.69318;393;5.820907
62;62004;60008;57006;-1.564913E-09;1;ОС-1:;состояние1_k-12.sig;1 дополнительное:;состояние2_k-23.sig;-0.1692121;0.000569661;6.263603;59;0.1996548;42;3.979595;6.462277;434;6.063948
62;62004;60008;57006;-1.564913E-09;1;ОС-1:;состояние1_k-12.sig;1 дополнительное:;состояние2_k-24.sig;-0.1692121;-0.0009570151;6.263603;59;0.104106;110;3.980429;6.2819;101;6.159497
62;62004;60008;57006;-1.564913E-09;1;ОС-1:;состояние1_k-12.sig;1 дополнительное:;состояние2_k-25.sig;-0.1692121;0;6.263603;59;0.1455958;15;3.981587;6.40396;476;6.118007
62;62004;60008;57006;-1.564913E-09;1;ОС-1:;состояние1_k-12.sig;1 дополнительное:;состояние2_k-26.sig;-0.1692121;0.0004188652;6.263603;59;0.1707288;430;3.981498;6.432262;142;6.092874
62;62004;60008;57006;-1.564913E-09;1;ОС-1:;состояние1_k-12.sig;1 дополнительное:;состояние2_k-27.sig;-0.1692121;-0.0002852832;6.263603;59;0.1551986;408;3.981268;6.411915;184;6.108404
62;62004;60008;57006;-1.564913E-09;1;ОС-1:;состояние1_k-12.sig;1 дополнительное:;состояние2_k-28.sig;-0.1692121;-0.0007104725;6.263603;59;0.1088485;102;3.980035;6.368487;101;6.154754
62;62004;60008;57006;-1.564913E-09;1;ОС-1:;состояние1_k-12.sig;1 дополнительное:;состояние2_k-29.sig;-0.1692121;-0.0002862015;6.263603;59;0.04510775;679;3.979717;6.308378;559;6.218495
62;62004;60008;57006;-1.564913E-09;1;ОС-1:;состояние1_k-12.sig;1 дополнительное:;состояние2_k-30.sig;-0.1692121;0;6.263603;59;0.02407993;3;3.979062;6.285617;434;6.239523
62;62004;60008;57006;-1.564913E-09;1;ОС-1:;состояние1_k-12.sig;1 дополнительное:;состояние2_k-31.sig;-0.1692121;-0.0006385071;6.263603;59;0.08576095;352;3.979149;6.347542;142;6.177842
62;62004;60008;57006;-1.564913E-09;1;ОС-1:;состояние1_k-12.sig;1 дополнительное:;состояние2_k-32.sig;-0.1692121;-0.001548914;6.263603;59;0.1326667;55;3.979996;6.392391;226;6.130936
62;62004;60008;57006;-1.564913E-09;1;ОС-1:;состояние1_k-12.sig;1 дополнительное:;состояние2_k-33.sig;-0.1692121;-0.001601563;6.263603;59;0.1589705;291;3.979166;6.419427;684;6.104632
62;62004;60008;57006;-1.564913E-09;1;ОС-1:;состояние1_k-12.sig;1 дополнительное:;состояние2_k-34.sig;-0.1692121;-0.0007511771;6.263603;59;0.1619065;425;3.976932;6.422339;101;6.101696
62;62004;60008;57006;-1.564913E-09;1;ОС-1:;состояние1_k-12.sig;1 дополнительное:;состояние2_k-35.sig;-0.1692121;0;6.263603;59;0.1416874;37;3.974737;6.404235;309;6.121915
62;62004;60008;57006;-1.564913E-09;1;ОС-1:;состояние1_k-12.sig;1 дополнительное:;состояние2_k-36.sig;-0.1692121;9.398406E-06;6.263603;59;0.1011769;226;4.001323;6.16263;59;6.162426
62;62004;60008;57006;-1.564913E-09;1;ОС-1:;состояние1_k-12.sig;1 дополнительное:;состояние2_k-37.sig;-0.1692121;-0.0002658047;6.263603;59;0.04705043;647;3.977401;6.310625;309;6.216552
62;62004;60008;57006;-1.564913E-09;1;ОС-1:;состояние1_k-12.sig;1 дополнительное:;состояние2_k-38.sig;-0.1692121;-0.000121206;6.263603;59;0.0361464;197;3.980679;6.299719;434;6.227456
62;62004;60008;57006;-1.564913E-09;1;ОС-1:;состояние1_k-12.sig;1 дополнительное:;состояние2_k-39.sig;-0.1692121;0.0002602389;6.263603;59;0.1024783;699;3.982089;6.362876;559;6.161124
62;62004;60008;57006;-1.564913E-09;1;ОС-1:;состояние1_k-12.sig;1 дополнительное:;состояние2_k-40.sig;-0.1692121;4.954636E-09;6.263603;59;0.1701617;2;3.982163;6.421277;101;6.093441
62;62004;60008;57006;-1.564913E-09;1;ОС-1:;состояние1_k-13.sig;1 дополнительное:;состояние2_k-21.sig;-0.1097197;0.00831822;5.72349;43;0.7877716;778;3.676977;6.503697;158;4.935719
62;62004;60008;57006;-1.564913E-09;1;ОС-1:;состояние1_k-13.sig;1 дополнительное:;состояние2_k-22.sig;-0.1097197;0.005552164;5.72349;43;0.4426955;144;3.65135;6.16539;235;5.280795
62;62004;60008;57006;-1.564913E-09;1;ОС-1:;состояние1_k-13.sig;1 дополнительное:;состояние2_k-23.sig;-0.1097197;0.000569661;5.72349;43;0.1996548;42;3.638511;5.921749;389;5.523835
62;62004;60008;57006;-1.564913E-09;1;ОС-1:;состояние1_k-13.sig;1 дополнительное:;состояние2_k-24.sig;-0.1097197;-0.0009570151;5.72349;43;0.104106;110;3.63856;5.826804;235;5.619384
62;62004;60008;57006;-1.564913E-09;1;ОС-1:;состояние1_k-13.sig;1 дополнительное:;состояние2_k-25.sig;-0.1097197;0;5.72349;43;0.1455958;15;3.642082;5.866664;274;5.577894
62;62004;60008;57006;-1.564913E-09;1;ОС-1:;состояние1_k-13.sig;1 дополнительное:;состояние2_k-26.sig;-0.1097197;0.0004188652;5.72349;43;0.1707288;430;3.642314;5.881698;697;5.552762
62;62004;60008;57006;-1.564913E-09;1;ОС-1:;состояние1_k-13.sig;1 дополнительное:;состояние2_k-27.sig;-0.1097197;-0.0002852832;5.72349;43;0.1551986;408;3.63971;5.872938;427;5.568292
62;62004;60008;57006;-1.564913E-09;1;ОС-1:;состояние1_k-13.sig;1 дополнительное:;состояние2_k-28.sig;-0.1097197;-0.0007104725;5.72349;43;0.1088485;102;3.637531;5.831936;120;5.614642
62;62004;60008;57006;-1.564913E-09;1;ОС-1:;состояние1_k-13.sig;1 дополнительное:;состояние2_k-29.sig;-0.1097197;-0.0002862015;5.72349;43;0.04510775;679;3.637906;5.765899;43;5.678382
62;62004;60008;57006;-1.564913E-09;1;ОС-1:;состояние1_k-13.sig;1 дополнительное:;состояние2_k-30.sig;-0.1097197;0;5.72349;43;0.02407993;3;3.637996;5.747123;120;5.69941
62;62004;60008;57006;-1.564913E-09;1;ОС-1:;состояние1_k-13.sig;1 дополнительное:;состояние2_k-31.sig;-0.1097197;-0.0006385071;5.72349;43;0.08576095;352;3.637034;5.807373;158;5.637729
62;62004;60008;57006;-1.564913E-09;1;ОС-1:;состояние1_k-13.sig;1 дополнительное:;состояние2_k-32.sig;-0.1097197;-0.001548914;5.72349;43;0.1326667;55;3.636505;5.854077;774;5.590824
62;62004;60008;57006;-1.564913E-09;1;ОС-1:;состояние1_k-13.sig;1 дополнительное:;состояние2_k-33.sig;-0.1097197;-0.001601563;5.72349;43;0.1589705;291;3.638584;5.87708;428;5.56452
62;62004;60008;57006;-1.564913E-09;1;ОС-1:;состояние1_k-13.sig;1 дополнительное:;состояние2_k-34.sig;-0.1097197;-0.0007511771;5.72349;43;0.1619065;425;3.640109;5.884978;543;5.561584
62;62004;60008;57006;-1.564913E-09;1;ОС-1:;состояние1_k-13.sig;1 дополнительное:;состояние2_k-35.sig;-0.1097197;0;5.72349;43;0.1416874;37;3.640084;5.864737;466;5.581803
62;62004;60008;57006;-1.564913E-09;1;ОС-1:;состояние1_k-13.sig;1 дополнительное:;состояние2_k-36.sig;-0.1097197;9.398406E-06;5.72349;43;0.1011769;226;3.638111;5.821844;351;5.622313
62;62004;60008;57006;-1.564913E-09;1;ОС-1:;состояние1_k-13.sig;1 дополнительное:;состояние2_k-37.sig;-0.1097197;-0.0002658047;5.72349;43;0.04705043;647;3.636574;5.770173;120;5.67644
62;62004;60008;57006;-1.564913E-09;1;ОС-1:;состояние1_k-13.sig;1 дополнительное:;состояние2_k-38.sig;-0.1097197;-0.000121206;5.72349;43;0.0361464;197;3.638439;5.758677;697;5.687344
62;62004;60008;57006;-1.564913E-09;1;ОС-1:;состояние1_k-13.sig;1 дополнительное:;состояние2_k-39.sig;-0.1097197;0.0002602389;5.72349;43;0.1024783;699;3.620259;5.812994;274;5.621012
62;62004;60008;57006;-1.564913E-09;1;ОС-1:;состояние1_k-13.sig;1 дополнительное:;состояние2_k-40.sig;-0.1097197;4.954636E-09;5.72349;43;0.1701617;2;3.648193;5.878231;4;5.553329
62;62004;60008;57006;-1.564913E-09;1;ОС-1:;состояние1_k-14.sig;1 дополнительное:;состояние2_k-21.sig;-0.03377002;0.00831822;5.095967;172;0.7877716;778;3.259798;5.876994;636;4.308196
62;62004;60008;57006;-1.564913E-09;1;ОС-1:;состояние1_k-14.sig;1 дополнительное:;состояние2_k-22.sig;-0.03377002;0.005552164;5.095967;172;0.4426955;144;3.241203;5.529987;29;4.653272
62;62004;60008;57006;-1.564913E-09;1;ОС-1:;состояние1_k-14.sig;1 дополнительное:;состояние2_k-23.sig;-0.03377002;0.000569661;5.095967;172;0.1996548;42;3.227346;5.295211;672;4.896312
62;62004;60008;57006;-1.564913E-09;1;ОС-1:;состояние1_k-14.sig;1 дополнительное:;состояние2_k-24.sig;-0.03377002;-0.0009570151;5.095967;172;0.104106;110;3.223349;5.199664;172;4.991861
62;62004;60008;57006;-1.564913E-09;1;ОС-1:;состояние1_k-14.sig;1 дополнительное:;состояние2_k-25.sig;-0.03377002;0;5.095967;172;0.1455958;15;3.225646;5.24112;315;4.950371
62;62004;60008;57006;-1.564913E-09;1;ОС-1:;состояние1_k-14.sig;1 дополнительное:;состояние2_k-26.sig;-0.03377002;0.0004188652;5.095967;172;0.1707288;430;3.227775;5.252892;101;4.925239
62;62004;60008;57006;-1.564913E-09;1;ОС-1:;состояние1_k-14.sig;1 дополнительное:;состояние2_k-27.sig;-0.03377002;-0.0002852832;5.095967;172;0.1551986;408;3.226103;5.25038;315;4.940769
62;62004;60008;57006;-1.564913E-09;1;ОС-1:;состояние1_k-14.sig;1 дополнительное:;состояние2_k-28.sig;-0.03377002;-0.0007104725;5.095967;172;0.1088485;102;3.224191;5.201616;65;4.987119
62;62004;60008;57006;-1.564913E-09;1;ОС-1:;состояние1_k-14.sig;1 дополнительное:;состояние2_k-29.sig;-0.03377002;-0.0002862015;5.095967;172;0.04510775;679;3.223089;5.139542;386;5.050859
62;62004;60008;57006;-1.564913E-09;1;ОС-1:;состояние1_k-14.sig;1 дополнительное:;состояние2_k-30.sig;-0.03377002;0;5.095967;172;0.02407993;3;3.223579;5.118505;136;5.071887
62;62004;60008;57006;-1.564913E-09;1;ОС-1:;состояние1_k-14.sig;1 дополнительное:;состояние2_k-31.sig;-0.03377002;-0.0006385071;5.095967;172;0.08576095;352;3.22378;5.181088;529;5.010206
62;62004;60008;57006;-1.564913E-09;1;ОС-1:;состояние1_k-14.sig;1 дополнительное:;состояние2_k-32.sig;-0.03377002;-0.001548914;5.095967;172;0.1326667;55;3.222243;5.224198;493;4.963301
62;62004;60008;57006;-1.564913E-09;1;ОС-1:;состояние1_k-14.sig;1 дополнительное:;состояние2_k-33.sig;-0.03377002;-0.001601563;5.095967;172;0.1589705;291;3.222405;5.252916;458;4.936997
62;62004;60008;57006;-1.564913E-09;1;ОС-1:;состояние1_k-14.sig;1 дополнительное:;состояние2_k-34.sig;-0.03377002;-0.0007511771;5.095967;172;0.1619065;425;3.223863;5.25351;29;4.934061
62;62004;60008;57006;-1.564913E-09;1;ОС-1:;состояние1_k-14.sig;1 дополнительное:;состояние2_k-35.sig;-0.03377002;0;5.095967;172;0.1416874;37;3.22414;5.236032;65;4.95428
62;62004;60008;57006;-1.564913E-09;1;ОС-1:;состояние1_k-14.sig;1 дополнительное:;состояние2_k-36.sig;-0.03377002;9.398406E-06;5.095967;172;0.1011769;226;3.224508;5.1934;101;4.994791
62;62004;60008;57006;-1.564913E-09;1;ОС-1:;состояние1_k-14.sig;1 дополнительное:;состояние2_k-37.sig;-0.03377002;-0.0002658047;5.095967;172;0.04705043;647;3.223584;5.14153;565;5.048917
62;62004;60008;57006;-1.564913E-09;1;ОС-1:;состояние1_k-14.sig;1 дополнительное:;состояние2_k-38.sig;-0.03377002;-0.000121206;5.095967;172;0.0361464;197;3.223031;5.131498;65;5.059821
62;62004;60008;57006;-1.564913E-09;1;ОС-1:;состояние1_k-14.sig;1 дополнительное:;состояние2_k-39.sig;-0.03377002;0.0002602389;5.095967;172;0.1024783;699;3.224557;5.193214;136;4.993489
62;62004;60008;57006;-1.564913E-09;1;ОС-1:;состояние1_k-14.sig;1 дополнительное:;состояние2_k-40.sig;-0.03377002;4.954636E-09;5.095967;172;0.1701617;2;3.228269;5.266786;315;4.925806
62;62004;60008;57006;-1.564913E-09;1;ОС-1:;состояние1_k-15.sig;1 дополнительное:;состояние2_k-21.sig;0;0.00831822;4.413278;84;0.7877716;778;2.837578;5.133584;418;3.625506
62;62004;60008;57006;-1.564913E-09;1;ОС-1:;состояние1_k-15.sig;1 дополнительное:;состояние2_k-22.sig;0;0.005552164;4.413278;84;0.4426955;144;2.824216;4.852168;484;3.970582
62;62004;60008;57006;-1.564913E-09;1;ОС-1:;состояние1_k-15.sig;1 дополнительное:;состояние2_k-23.sig;0;0.000569661;4.413278;84;0.1996548;42;2.81483;4.608555;151;4.213623
62;62004;60008;57006;-1.564913E-09;1;ОС-1:;состояние1_k-15.sig;1 дополнительное:;состояние2_k-24.sig;0;-0.0009570151;4.413278;84;0.104106;110;2.810409;4.514826;317;4.309172
62;62004;60008;57006;-1.564913E-09;1;ОС-1:;состояние1_k-15.sig;1 дополнительное:;состояние2_k-25.sig;0;0;4.413278;84;0.1455958;15;2.810251;4.531189;51;4.267682
62;62004;60008;57006;-1.564913E-09;1;ОС-1:;состояние1_k-15.sig;1 дополнительное:;состояние2_k-26.sig;0;0.0004188652;4.413278;84;0.1707288;430;2.811855;4.583977;584;4.242549
62;62004;60008;57006;-1.564913E-09;1;ОС-1:;состояние1_k-15.sig;1 дополнительное:;состояние2_k-27.sig;0;-0.0002852832;4.413278;84;0.1551986;408;2.811894;4.56159;184;4.25808
62;62004;60008;57006;-1.564913E-09;1;ОС-1:;состояние1_k-15.sig;1 дополнительное:;состояние2_k-28.sig;0;-0.0007104725;4.413278;84;0.1088485;102;2.810828;4.522094;84;4.30443
62;62004;60008;57006;-1.564913E-09;1;ОС-1:;состояние1_k-15.sig;1 дополнительное:;состояние2_k-29.sig;0;-0.0002862015;4.413278;84;0.04510775;679;2.810067;4.456647;284;4.36817
62;62004;60008;57006;-1.564913E-09;1;ОС-1:;состояние1_k-15.sig;1 дополнительное:;состояние2_k-30.sig;0;0;4.413278;84;0.02407993;3;2.809991;4.435292;84;4.389198
62;62004;60008;57006;-1.564913E-09;1;ОС-1:;состояние1_k-15.sig;1 дополнительное:;состояние2_k-31.sig;0;-0.0006385071;4.413278;84;0.08576095;352;2.810057;4.498936;384;4.327517
62;62004;60008;57006;-1.564913E-09;1;ОС-1:;состояние1_k-15.sig;1 дополнительное:;состояние2_k-32.sig;0;-0.001548914;4.413278;84;0.1326667;55;2.810551;4.545383;117;4.280612
62;62004;60008;57006;-1.564913E-09;1;ОС-1:;состояние1_k-15.sig;1 дополнительное:;состояние2_k-33.sig;0;-0.001601563;4.413278;84;0.1589705;291;2.810918;4.561907;217;4.254308
62;62004;60008;57006;-1.564913E-09;1;ОС-1:;состояние1_k-15.sig;1 дополнительное:;состояние2_k-34.sig;0;-0.0007511771;4.413278;84;0.1619065;425;2.810896;4.572623;617;4.251371
62;62004;60008;57006;-1.564913E-09;1;ОС-1:;состояние1_k-15.sig;1 дополнительное:;состояние2_k-35.sig;0;0;4.413278;84;0.1416874;37;2.81157;4.509228;83;4.271591
62;62004;60008;57006;-1.564913E-09;1;ОС-1:;состояние1_k-15.sig;1 дополнительное:;состояние2_k-36.sig;0;9.398406E-06;4.413278;84;0.1011769;226;2.809705;4.514251;684;4.312101
62;62004;60008;57006;-1.564913E-09;1;ОС-1:;состояние1_k-15.sig;1 дополнительное:;состояние2_k-37.sig;0;-0.0002658047;4.413278;84;0.04705043;647;2.809717;4.460084;417;4.366228
62;62004;60008;57006;-1.564913E-09;1;ОС-1:;состояние1_k-15.sig;1 дополнительное:;состояние2_k-38.sig;0;-0.000121206;4.413278;84;0.0361464;197;2.810351;4.449395;684;4.377131
62;62004;60008;57006;-1.564913E-09;1;ОС-1:;состояние1_k-15.sig;1 дополнительное:;состояние2_k-39.sig;0;0.0002602389;4.413278;84;0.1024783;699;2.810803;4.501456;184;4.3108
62;62004;60008;57006;-1.564913E-09;1;ОС-1:;состояние1_k-15.sig;1 дополнительное:;состояние2_k-40.sig;0;4.954636E-09;4.413278;84;0.1701617;2;2.810739;4.569052;51;4.243116
62;62004;60008;57006;-1.564913E-09;1;ОС-1:;состояние1_k-16.sig;1 дополнительное:;состояние2_k-21.sig;-0.01178796;0.00831822;3.708911;69;0.7877716;778;2.400997;4.491314;350;2.921139
62;62004;60008;57006;-1.564913E-09;1;ОС-1:;состояние1_k-16.sig;1 дополнительное:;состояние2_k-22.sig;-0.01178796;0.005552164;3.708911;69;0.4426955;144;2.390565;4.148663;257;3.266215
62;62004;60008;57006;-1.564913E-09;1;ОС-1:;состояние1_k-16.sig;1 дополнительное:;состояние2_k-23.sig;-0.01178796;0.000569661;3.708911;69;0.1996548;42;2.386628;3.908495;194;3.509256
62;62004;60008;57006;-1.564913E-09;1;ОС-1:;состояние1_k-16.sig;1 дополнительное:;состояние2_k-24.sig;-0.01178796;-0.0009570151;3.708911;69;0.104106;110;2.380818;3.810663;7;3.604805
62;62004;60008;57006;-1.564913E-09;1;ОС-1:;состояние1_k-16.sig;1 дополнительное:;состояние2_k-25.sig;-0.01178796;0;3.708911;69;0.1455958;15;2.378493;3.853863;194;3.563315
62;62004;60008;57006;-1.564913E-09;1;ОС-1:;состояние1_k-16.sig;1 дополнительное:;состояние2_k-26.sig;-0.01178796;0.0004188652;3.708911;69;0.1707288;430;2.379806;3.878628;257;3.538182
62;62004;60008;57006;-1.564913E-09;1;ОС-1:;состояние1_k-16.sig;1 дополнительное:;состояние2_k-27.sig;-0.01178796;-0.0002852832;3.708911;69;0.1551986;408;2.381954;3.864445;38;3.553712
62;62004;60008;57006;-1.564913E-09;1;ОС-1:;состояние1_k-16.sig;1 дополнительное:;состояние2_k-28.sig;-0.01178796;-0.0007104725;3.708911;69;0.1088485;102;2.381898;3.811063;101;3.600062
62;62004;60008;57006;-1.564913E-09;1;ОС-1:;состояние1_k-16.sig;1 дополнительное:;состояние2_k-29.sig;-0.01178796;-0.0002862015;3.708911;69;0.04510775;679;2.379818;3.753578;163;3.663803
62;62004;60008;57006;-1.564913E-09;1;ОС-1:;состояние1_k-16.sig;1 дополнительное:;состояние2_k-30.sig;-0.01178796;0;3.708911;69;0.02407993;3;2.37906;3.732867;319;3.684831
62;62004;60008;57006;-1.564913E-09;1;ОС-1:;состояние1_k-16.sig;1 дополнительное:;состояние2_k-31.sig;-0.01178796;-0.0006385071;3.708911;69;0.08576095;352;2.37971;3.794895;288;3.62315
62;62004;60008;57006;-1.564913E-09;1;ОС-1:;состояние1_k-16.sig;1 дополнительное:;состояние2_k-32.sig;-0.01178796;-0.001548914;3.708911;69;0.1326667;55;2.380733;3.837785;7;3.576244
62;62004;60008;57006;-1.564913E-09;1;ОС-1:;состояние1_k-16.sig;1 дополнительное:;состояние2_k-33.sig;-0.01178796;-0.001601563;3.708911;69;0.1589705;291;2.379592;3.866549;413;3.54994
62;62004;60008;57006;-1.564913E-09;1;ОС-1:;состояние1_k-16.sig;1 дополнительное:;состояние2_k-34.sig;-0.01178796;-0.0007511771;3.708911;69;0.1619065;425;2.378878;3.865344;382;3.547004
62;62004;60008;57006;-1.564913E-09;1;ОС-1:;состояние1_k-16.sig;1 дополнительное:;состояние2_k-35.sig;-0.01178796;0;3.708911;69;0.1416874;37;2.379012;3.850513;194;3.567223
62;62004;60008;57006;-1.564913E-09;1;ОС-1:;состояние1_k-16.sig;1 дополнительное:;состояние2_k-36.sig;-0.01178796;9.398406E-06;3.708911;69;0.1011769;226;2.38001;3.805059;226;3.607734
62;62004;60008;57006;-1.564913E-09;1;ОС-1:;состояние1_k-16.sig;1 дополнительное:;состояние2_k-37.sig;-0.01178796;-0.0002658047;3.708911;69;0.04705043;647;2.379661;3.755857;444;3.66186
62;62004;60008;57006;-1.564913E-09;1;ОС-1:;состояние1_k-16.sig;1 дополнительное:;состояние2_k-38.sig;-0.01178796;-0.000121206;3.708911;69;0.0361464;197;2.378926;3.7445;38;3.672764
62;62004;60008;57006;-1.564913E-09;1;ОС-1:;состояние1_k-16.sig;1 дополнительное:;состояние2_k-39.sig;-0.01178796;0.0002602389;3.708911;69;0.1024783;699;2.379013;3.810349;288;3.606432
62;62004;60008;57006;-1.564913E-09;1;ОС-1:;состояние1_k-16.sig;1 дополнительное:;состояние2_k-40.sig;-0.01178796;4.954636E-09;3.708911;69;0.1701617;2;2.380197;3.863853;101;3.538749
62;62004;60008;57006;-1.564913E-09;1;ОС-1:;состояние1_k-17.sig;1 дополнительное:;состояние2_k-21.sig;-0.03430948;0.00831822;3.014197;468;0.7877716;778;1.96007;3.800515;468;2.226425
62;62004;60008;57006;-1.564913E-09;1;ОС-1:;состояние1_k-17.sig;1 дополнительное:;состояние2_k-22.sig;-0.03430948;0.005552164;3.014197;468;0.4426955;144;1.931816;3.452974;144;2.571501
62;62004;60008;57006;-1.564913E-09;1;ОС-1:;состояние1_k-17.sig;1 дополнительное:;состояние2_k-23.sig;-0.03430948;0.000569661;3.014197;468;0.1996548;42;1.92936;3.211247;86;2.814542
62;62004;60008;57006;-1.564913E-09;1;ОС-1:;состояние1_k-17.sig;1 дополнительное:;состояние2_k-24.sig;-0.03430948;-0.0009570151;3.014197;468;0.104106;110;1.927385;3.117754;27;2.910091
62;62004;60008;57006;-1.564913E-09;1;ОС-1:;состояние1_k-17.sig;1 дополнительное:;состояние2_k-25.sig;-0.03430948;0;3.014197;468;0.1455958;15;1.923355;3.159719;115;2.868601
62;62004;60008;57006;-1.564913E-09;1;ОС-1:;состояние1_k-17.sig;1 дополнительное:;состояние2_k-26.sig;-0.03430948;0.0004188652;3.014197;468;0.1707288;430;1.922427;3.182939;527;2.843468
62;62004;60008;57006;-1.564913E-09;1;ОС-1:;состояние1_k-17.sig;1 дополнительное:;состояние2_k-27.sig;-0.03430948;-0.0002852832;3.014197;468;0.1551986;408;1.924601;3.16835;56;2.858998
62;62004;60008;57006;-1.564913E-09;1;ОС-1:;состояние1_k-17.sig;1 дополнительное:;состояние2_k-28.sig;-0.03430948;-0.0007104725;3.014197;468;0.1088485;102;1.925886;3.122279;674;2.905348
62;62004;60008;57006;-1.564913E-09;1;ОС-1:;состояние1_k-17.sig;1 дополнительное:;состояние2_k-29.sig;-0.03430948;-0.0002862015;3.014197;468;0.04510775;679;1.924718;3.055543;350;2.969089
62;62004;60008;57006;-1.564913E-09;1;ОС-1:;состояние1_k-17.sig;1 дополнительное:;состояние2_k-30.sig;-0.03430948;0;3.014197;468;0.02407993;3;1.923013;3.036721;203;2.990117
62;62004;60008;57006;-1.564913E-09;1;ОС-1:;состояние1_k-17.sig;1 дополнительное:;состояние2_k-31.sig;-0.03430948;-0.0006385071;3.014197;468;0.08576095;352;1.92385;3.099212;174;2.928436
62;62004;60008;57006;-1.564913E-09;1;ОС-1:;состояние1_k-17.sig;1 дополнительное:;состояние2_k-32.sig;-0.03430948;-0.001548914;3.014197;468;0.1326667;55;1.924837;3.144772;86;2.88153
62;62004;60008;57006;-1.564913E-09;1;ОС-1:;состояние1_k-17.sig;1 дополнительное:;состояние2_k-33.sig;-0.03430948;-0.001601563;3.014197;468;0.1589705;291;1.924744;3.172763;321;2.855226
62;62004;60008;57006;-1.564913E-09;1;ОС-1:;состояние1_k-17.sig;1 дополнительное:;состояние2_k-34.sig;-0.03430948;-0.0007511771;3.014197;468;0.1619065;425;1.925449;3.172238;527;2.85229
62;62004;60008;57006;-1.564913E-09;1;ОС-1:;состояние1_k-17.sig;1 дополнительное:;состояние2_k-35.sig;-0.03430948;0;3.014197;468;0.1416874;37;1.922908;3.154935;380;2.872509
62;62004;60008;57006;-1.564913E-09;1;ОС-1:;состояние1_k-17.sig;1 дополнительное:;состояние2_k-36.sig;-0.03430948;9.398406E-06;3.014197;468;0.1011769;226;1.922931;3.115241;615;2.91302
62;62004;60008;57006;-1.564913E-09;1;ОС-1:;состояние1_k-17.sig;1 дополнительное:;состояние2_k-37.sig;-0.03430948;-0.0002658047;3.014197;468;0.04705043;647;1.923939;3.061038;174;2.967146
62;62004;60008;57006;-1.564913E-09;1;ОС-1:;состояние1_k-17.sig;1 дополнительное:;состояние2_k-38.sig;-0.03430948;-0.000121206;3.014197;468;0.0361464;197;1.923408;3.049458;762;2.97805
62;62004;60008;57006;-1.564913E-09;1;ОС-1:;состояние1_k-17.sig;1 дополнительное:;состояние2_k-39.sig;-0.03430948;0.0002602389;3.014197;468;0.1024783;699;1.922481;3.115213;174;2.911719
62;62004;60008;57006;-1.564913E-09;1;ОС-1:;состояние1_k-17.sig;1 дополнительное:;состояние2_k-40.sig;-0.03430948;4.954636E-09;3.014197;468;0.1701617;2;1.92255;3.185385;115;2.844035
62;62004;60008;57006;-1.564913E-09;1;ОС-1:;состояние1_k-18.sig;1 дополнительное:;состояние2_k-21.sig;-0.03748071;0.00831822;2.354502;378;0.7877716;778;1.572078;3.139029;350;1.56673
62;62004;60008;57006;-1.564913E-09;1;ОС-1:;состояние1_k-18.sig;1 дополнительное:;состояние2_k-22.sig;-0.03748071;0.005552164;2.354502;378;0.4426955;144;1.514893;2.79073;212;1.911806
62;62004;60008;57006;-1.564913E-09;1;ОС-1:;состояние1_k-18.sig;1 дополнительное:;состояние2_k-23.sig;-0.03748071;0.000569661;2.354502;378;0.1996548;42;1.502367;2.552215;128;2.154847
62;62004;60008;57006;-1.564913E-09;1;ОС-1:;состояние1_k-18.sig;1 дополнительное:;состояние2_k-24.sig;-0.03748071;-0.0009570151;2.354502;378;0.104106;110;1.501711;2.449281;45;2.250396
62;62004;60008;57006;-1.564913E-09;1;ОС-1:;состояние1_k-18.sig;1 дополнительное:;состояние2_k-25.sig;-0.03748071;0;2.354502;378;0.1455958;15;1.500139;2.498638;295;2.208906
62;62004;60008;57006;-1.564913E-09;1;ОС-1:;состояние1_k-18.sig;1 дополнительное:;состояние2_k-26.sig;-0.03748071;0.0004188652;2.354502;378;0.1707288;430;1.498449;2.521302;239;2.183773
62;62004;60008;57006;-1.564913E-09;1;ОС-1:;состояние1_k-18.sig;1 дополнительное:;состояние2_k-27.sig;-0.03748071;-0.0002852832;2.354502;378;0.1551986;408;1.499056;2.500466;295;2.199303
62;62004;60008;57006;-1.564913E-09;1;ОС-1:;состояние1_k-18.sig;1 дополнительное:;состояние2_k-28.sig;-0.03748071;-0.0007104725;2.354502;378;0.1088485;102;1.499794;2.462434;156;2.245653
62;62004;60008;57006;-1.564913E-09;1;ОС-1:;состояние1_k-18.sig;1 дополнительное:;состояние2_k-29.sig;-0.03748071;-0.0002862015;2.354502;378;0.04510775;679;1.499568;2.399253;489;2.309394
62;62004;60008;57006;-1.564913E-09;1;ОС-1:;состояние1_k-18.sig;1 дополнительное:;состояние2_k-30.sig;-0.03748071;0;2.354502;378;0.02407993;3;1.498352;2.375092;239;2.330422
62;62004;60008;57006;-1.564913E-09;1;ОС-1:;состояние1_k-18.sig;1 дополнительное:;состояние2_k-31.sig;-0.03748071;-0.0006385071;2.354502;378;0.08576095;352;1.498027;2.439994;739;2.268741
62;62004;60008;57006;-1.564913E-09;1;ОС-1:;состояние1_k-18.sig;1 дополнительное:;состояние2_k-32.sig;-0.03748071;-0.001548914;2.354502;378;0.1326667;55;1.498478;2.48525;461;2.221835
62;62004;60008;57006;-1.564913E-09;1;ОС-1:;состояние1_k-18.sig;1 дополнительное:;состояние2_k-33.sig;-0.03748071;-0.001601563;2.354502;378;0.1589705;291;1.499655;2.509756;489;2.195531
62;62004;60008;57006;-1.564913E-09;1;ОС-1:;состояние1_k-18.sig;1 дополнительное:;состояние2_k-34.sig;-0.03748071;-0.0007511771;2.354502;378;0.1619065;425;1.500017;2.513133;72;2.192595
62;62004;60008;57006;-1.564913E-09;1;ОС-1:;состояние1_k-18.sig;1 дополнительное:;состояние2_k-35.sig;-0.03748071;0;2.354502;378;0.1416874;37;1.499177;2.492313;295;2.212814
62;62004;60008;57006;-1.564913E-09;1;ОС-1:;состояние1_k-18.sig;1 дополнительное:;состояние2_k-36.sig;-0.03748071;9.398406E-06;2.354502;378;0.1011769;226;1.499523;2.454581;267;2.253325
62;62004;60008;57006;-1.564913E-09;1;ОС-1:;состояние1_k-18.sig;1 дополнительное:;состояние2_k-37.sig;-0.03748071;-0.0002658047;2.354502;378;0.04705043;647;1.498626;2.400548;350;2.307451
62;62004;60008;57006;-1.564913E-09;1;ОС-1:;состояние1_k-18.sig;1 дополнительное:;состояние2_k-38.sig;-0.03748071;-0.000121206;2.354502;378;0.0361464;197;1.498646;2.388013;211;2.318355
62;62004;60008;57006;-1.564913E-09;1;ОС-1:;состояние1_k-18.sig;1 дополнительное:;состояние2_k-39.sig;-0.03748071;0.0002602389;2.354502;378;0.1024783;699;1.498618;2.456244;378;2.252023
62;62004;60008;57006;-1.564913E-09;1;ОС-1:;состояние1_k-18.sig;1 дополнительное:;состояние2_k-40.sig;-0.03748071;4.954636E-09;2.354502;378;0.1701617;2;1.499214;2.524163;128;2.18434
62;62004;60008;57006;-1.564913E-09;1;ОС-1:;состояние1_k-19.sig;1 дополнительное:;состояние2_k-21.sig;-0.02002463;0.00831822;1.753016;508;0.7877716;778;1.248927;2.53895;87;0.9652439
62;62004;60008;57006;-1.564913E-09;1;ОС-1:;состояние1_k-19.sig;1 дополнительное:;состояние2_k-22.sig;-0.02002463;0.005552164;1.753016;508;0.4426955;144;1.155716;2.195278;8;1.31032
62;62004;60008;57006;-1.564913E-09;1;ОС-1:;состояние1_k-19.sig;1 дополнительное:;состояние2_k-23.sig;-0.02002463;0.000569661;1.753016;508;0.1996548;42;1.124319;1.951215;455;1.553361
62;62004;60008;57006;-1.564913E-09;1;ОС-1:;состояние1_k-19.sig;1 дополнительное:;состояние2_k-24.sig;-0.02002463;-0.0009570151;1.753016;508;0.104106;110;1.122041;1.854309;692;1.648909
62;62004;60008;57006;-1.564913E-09;1;ОС-1:;состояние1_k-19.sig;1 дополнительное:;состояние2_k-25.sig;-0.02002463;0;1.753016;508;0.1455958;15;1.124421;1.896933;34;1.60742
62;62004;60008;57006;-1.564913E-09;1;ОС-1:;состояние1_k-19.sig;1 дополнительное:;состояние2_k-26.sig;-0.02002463;0.0004188652;1.753016;508;0.1707288;430;1.12321;1.921313;429;1.582287
62;62004;60008;57006;-1.564913E-09;1;ОС-1:;состояние1_k-19.sig;1 дополнительное:;состояние2_k-27.sig;-0.02002463;-0.0002852832;1.753016;508;0.1551986;408;1.121347;1.906753;482;1.597817
62;62004;60008;57006;-1.564913E-09;1;ОС-1:;состояние1_k-19.sig;1 дополнительное:;состояние2_k-28.sig;-0.02002463;-0.0007104725;1.753016;508;0.1088485;102;1.121066;1.861412;745;1.644167
62;62004;60008;57006;-1.564913E-09;1;ОС-1:;состояние1_k-19.sig;1 дополнительное:;состояние2_k-29.sig;-0.02002463;-0.0002862015;1.753016;508;0.04510775;679;1.121515;1.796663;455;1.707908
62;62004;60008;57006;-1.564913E-09;1;ОС-1:;состояние1_k-19.sig;1 дополнительное:;состояние2_k-30.sig;-0.02002463;0;1.753016;508;0.02407993;3;1.121006;1.776771;87;1.728936
62;62004;60008;57006;-1.564913E-09;1;ОС-1:;состояние1_k-19.sig;1 дополнительное:;состояние2_k-31.sig;-0.02002463;-0.0006385071;1.753016;508;0.08576095;352;1.120444;1.836105;61;1.667255
62;62004;60008;57006;-1.564913E-09;1;ОС-1:;состояние1_k-19.sig;1 дополнительное:;состояние2_k-32.sig;-0.02002463;-0.001548914;1.753016;508;0.1326667;55;1.120643;1.885707;508;1.620349
62;62004;60008;57006;-1.564913E-09;1;ОС-1:;состояние1_k-19.sig;1 дополнительное:;состояние2_k-33.sig;-0.02002463;-0.001601563;1.753016;508;0.1589705;291;1.121995;1.910473;245;1.594045
62;62004;60008;57006;-1.564913E-09;1;ОС-1:;состояние1_k-19.sig;1 дополнительное:;состояние2_k-34.sig;-0.02002463;-0.0007511771;1.753016;508;0.1619065;425;1.122845;1.914677;87;1.591109
62;62004;60008;57006;-1.564913E-09;1;ОС-1:;состояние1_k-19.sig;1 дополнительное:;состояние2_k-35.sig;-0.02002463;0;1.753016;508;0.1416874;37;1.122377;1.894028;8;1.611328
62;62004;60008;57006;-1.564913E-09;1;ОС-1:;состояние1_k-19.sig;1 дополнительное:;состояние2_k-36.sig;-0.02002463;9.398406E-06;1.753016;508;0.1011769;226;1.121636;1.85412;587;1.651839
62;62004;60008;57006;-1.564913E-09;1;ОС-1:;состояние1_k-19.sig;1 дополнительное:;состояние2_k-37.sig;-0.02002463;-0.0002658047;1.753016;508;0.04705043;647;1.120938;1.797476;376;1.705965
62;62004;60008;57006;-1.564913E-09;1;ОС-1:;состояние1_k-19.sig;1 дополнительное:;состояние2_k-38.sig;-0.02002463;-0.000121206;1.753016;508;0.0361464;197;1.121268;1.76907;482;1.716869
62;62004;60008;57006;-1.564913E-09;1;ОС-1:;состояние1_k-19.sig;1 дополнительное:;состояние2_k-39.sig;-0.02002463;0.0002602389;1.753016;508;0.1024783;699;1.121837;1.85352;455;1.650537
62;62004;60008;57006;-1.564913E-09;1;ОС-1:;состояние1_k-19.sig;1 дополнительное:;состояние2_k-40.sig;-0.02002463;4.954636E-09;1.753016;508;0.1701617;2;1.122164;1.921785;140;1.582854
62;62004;60008;57006;-1.564913E-09;1;ОС-1:;состояние1_k-20.sig;1 дополнительное:;состояние2_k-21.sig;0;0.00831822;1.226612;25;0.7877716;778;0.9816078;2.012024;350;0.4388408
62;62004;60008;57006;-1.564913E-09;1;ОС-1:;состояние1_k-20.sig;1 дополнительное:;состояние2_k-22.sig;0;0.005552164;1.226612;25;0.4426955;144;0.8455944;1.666196;75;0.783917
62;62004;60008;57006;-1.564913E-09;1;ОС-1:;состояние1_k-20.sig;1 дополнительное:;состояние2_k-23.sig;0;0.000569661;1.226612;25;0.1996548;42;0.7887849;1.425964;325;1.026958
62;62004;60008;57006;-1.564913E-09;1;ОС-1:;состояние1_k-20.sig;1 дополнительное:;состояние2_k-24.sig;0;-0.0009570151;1.226612;25;0.104106;110;0.778181;1.327072;150;1.122506
62;62004;60008;57006;-1.564913E-09;1;ОС-1:;состояние1_k-20.sig;1 дополнительное:;состояние2_k-25.sig;0;0;1.226612;25;0.1455958;15;0.7837817;1.372208;75;1.081017
62;62004;60008;57006;-1.564913E-09;1;ОС-1:;состояние1_k-20.sig;1 дополнительное:;состояние2_k-26.sig;0;0.0004188652;1.226612;25;0.1707288;430;0.7859806;1.396119;200;1.055884
62;62004;60008;57006;-1.564913E-09;1;ОС-1:;состояние1_k-20.sig;1 дополнительное:;состояние2_k-27.sig;0;-0.0002852832;1.226612;25;0.1551986;408;0.7831362;1.381541;575;1.071414
62;62004;60008;57006;-1.564913E-09;1;ОС-1:;состояние1_k-20.sig;1 дополнительное:;состояние2_k-28.sig;0;-0.0007104725;1.226612;25;0.1088485;102;0.7802929;1.328817;100;1.117764
62;62004;60008;57006;-1.564913E-09;1;ОС-1:;состояние1_k-20.sig;1 дополнительное:;состояние2_k-29.sig;0;-0.0002862015;1.226612;25;0.04510775;679;0.7806431;1.271658;300;1.181505
62;62004;60008;57006;-1.564913E-09;1;ОС-1:;состояние1_k-20.sig;1 дополнительное:;состояние2_k-30.sig;0;0;1.226612;25;0.02407993;3;0.7813998;1.247229;0;1.202533
62;62004;60008;57006;-1.564913E-09;1;ОС-1:;состояние1_k-20.sig;1 дополнительное:;состояние2_k-31.sig;0;-0.0006385071;1.226612;25;0.08576095;352;0.7804907;1.312079;175;1.140851
62;62004;60008;57006;-1.564913E-09;1;ОС-1:;состояние1_k-20.sig;1 дополнительное:;состояние2_k-32.sig;0;-0.001548914;1.226612;25;0.1326667;55;0.7799946;1.354449;150;1.093946
62;62004;60008;57006;-1.564913E-09;1;ОС-1:;состояние1_k-20.sig;1 дополнительное:;состояние2_k-33.sig;0;-0.001601563;1.226612;25;0.1589705;291;0.7810088;1.385541;200;1.067642
62;62004;60008;57006;-1.564913E-09;1;ОС-1:;состояние1_k-20.sig;1 дополнительное:;состояние2_k-34.sig;0;-0.0007511771;1.226612;25;0.1619065;425;0.7829478;1.388519;175;1.064706
62;62004;60008;57006;-1.564913E-09;1;ОС-1:;состояние1_k-20.sig;1 дополнительное:;состояние2_k-35.sig;0;0;1.226612;25;0.1416874;37;0.7838088;1.362536;150;1.084925
62;62004;60008;57006;-1.564913E-09;1;ОС-1:;состояние1_k-20.sig;1 дополнительное:;состояние2_k-36.sig;0;9.398406E-06;1.226612;25;0.1011769;226;0.782096;1.319652;74;1.125436
62;62004;60008;57006;-1.564913E-09;1;ОС-1:;состояние1_k-20.sig;1 дополнительное:;состояние2_k-37.sig;0;-0.0002658047;1.226612;25;0.04705043;647;0.7808145;1.273542;350;1.179562
62;62004;60008;57006;-1.564913E-09;1;ОС-1:;состояние1_k-20.sig;1 дополнительное:;состояние2_k-38.sig;0;-0.000121206;1.226612;25;0.0361464;197;0.7811977;1.262609;250;1.190466
62;62004;60008;57006;-1.564913E-09;1;ОС-1:;состояние1_k-20.sig;1 дополнительное:;состояние2_k-39.sig;0;0.0002602389;1.226612;25;0.1024783;699;0.7829983;1.328842;750;1.124134
62;62004;60008;57006;-1.564913E-09;1;ОС-1:;состояние1_k-20.sig;1 дополнительное:;состояние2_k-40.sig;0;4.954636E-09;1.226612;25;0.1701617;2;0.7863283;1.373622;1;1.056451
62;62005;60009;61004;1.344888E-09;1;ОС-1:;состояние1_k-1.sig;1 дополнительное:;состояние2_k-21.sig;0.2606446;0.007779718;1.169149;351;0.72449;207;0.7686519;1.880236;374;0.4446591
62;62005;60009;61004;1.344888E-09;1;ОС-1:;состояние1_k-1.sig;1 дополнительное:;состояние2_k-22.sig;0.2606446;0.005326562;1.169149;351;0.3991138;190;0.7024583;1.568167;349;0.7700353
62;62005;60009;61004;1.344888E-09;1;ОС-1:;состояние1_k-1.sig;1 дополнительное:;состояние2_k-23.sig;0.2606446;0.000632027;1.169149;351;0.168926;738;0.6760049;1.330725;368;1.000223
62;62005;60009;61004;1.344888E-09;1;ОС-1:;состояние1_k-1.sig;1 дополнительное:;состояние2_k-24.sig;0.2606446;-0.0009410661;1.169149;351;0.09877497;26;0.670235;1.264451;339;1.070374
62;62005;60009;61004;1.344888E-09;1;ОС-1:;состояние1_k-1.sig;1 дополнительное:;состояние2_k-25.sig;0.2606446;0;1.169149;351;0.1598792;15;0.6745626;1.328591;355;1.00927
62;62005;60009;61004;1.344888E-09;1;ОС-1:;состояние1_k-1.sig;1 дополнительное:;состояние2_k-26.sig;0.2606446;0.0007134402;1.169149;351;0.1947298;354;0.6769432;1.358093;335;0.9744193
62;62005;60009;61004;1.344888E-09;1;ОС-1:;состояние1_k-1.sig;1 дополнительное:;состояние2_k-27.sig;0.2606446;0.0003474566;1.169149;351;0.1909253;780;0.6767052;1.359843;354;0.9782238
62;62005;60009;61004;1.344888E-09;1;ОС-1:;состояние1_k-1.sig;1 дополнительное:;состояние2_k-28.sig;0.2606446;-0.0001195009;1.169149;351;0.1605338;176;0.6739574;1.325159;337;1.008615
62;62005;60009;61004;1.344888E-09;1;ОС-1:;состояние1_k-1.sig;1 дополнительное:;состояние2_k-29.sig;0.2606446;-7.46366E-05;1.169149;351;0.1210865;787;0.6725968;1.289573;356;1.048063
62;62005;60009;61004;1.344888E-09;1;ОС-1:;состояние1_k-1.sig;1 дополнительное:;состояние2_k-30.sig;0.2606446;0;1.169149;351;0.0973112;92;0.6713455;1.264744;342;1.071838
62;62005;60009;61004;1.344888E-09;1;ОС-1:;состояние1_k-1.sig;1 дополнительное:;состояние2_k-31.sig;0.2606446;-0.000334204;1.169149;351;0.1073033;442;0.6717656;1.273714;361;1.061846
62;62005;60009;61004;1.344888E-09;1;ОС-1:;состояние1_k-1.sig;1 дополнительное:;состояние2_k-32.sig;0.2606446;-0.0006819315;1.169149;351;0.1335791;19;0.6720725;1.30245;347;1.03557
62;62005;60009;61004;1.344888E-09;1;ОС-1:;состояние1_k-1.sig;1 дополнительное:;состояние2_k-33.sig;0.2606446;-0.0005070158;1.169149;351;0.1541499;560;0.6735347;1.319773;363;1.014999
62;62005;60009;61004;1.344888E-09;1;ОС-1:;состояние1_k-1.sig;1 дополнительное:;состояние2_k-34.sig;0.2606446;-4.618339E-05;1.169149;351;0.1595066;10;0.6740717;1.328313;348;1.009642
62;62005;60009;61004;1.344888E-09;1;ОС-1:;состояние1_k-1.sig;1 дополнительное:;состояние2_k-35.sig;0.2606446;0;1.169149;351;0.147375;34;0.673151;1.312501;362;1.021774
62;62005;60009;61004;1.344888E-09;1;ОС-1:;состояние1_k-1.sig;1 дополнительное:;состояние2_k-36.sig;0.2606446;-0.0004862383;1.169149;351;0.1198395;84;0.6716471;1.288811;348;1.049309
62;62005;60009;61004;1.344888E-09;1;ОС-1:;состояние1_k-1.sig;1 дополнительное:;состояние2_k-37.sig;0.2606446;-0.000820554;1.169149;351;0.08422009;536;0.6696987;1.251117;360;1.084929
62;62005;60009;61004;1.344888E-09;1;ОС-1:;состояние1_k-1.sig;1 дополнительное:;состояние2_k-38.sig;0.2606446;-0.0004764336;1.169149;351;0.06265604;436;0.6698397;1.230782;344;1.106493
62;62005;60009;61004;1.344888E-09;1;ОС-1:;состояние1_k-1.sig;1 дополнительное:;состояние2_k-39.sig;0.2606446;0.000104551;1.169149;351;0.08671535;341;0.6707956;1.255507;354;1.082434
62;62005;60009;61004;1.344888E-09;1;ОС-1:;состояние1_k-1.sig;1 дополнительное:;состояние2_k-40.sig;0.2606446;-1.456589E-08;1.169149;351;0.1338494;2;0.6728451;1.301327;340;1.0353
62;62005;60009;61004;1.344888E-09;1;ОС-1:;состояние1_k-2.sig;1 дополнительное:;состояние2_k-21.sig;0.3553957;0.007779718;2.298204;101;0.72449;207;1.483162;3.022463;350;1.573714
62;62005;60009;61004;1.344888E-09;1;ОС-1:;состояние1_k-2.sig;1 дополнительное:;состояние2_k-22.sig;0.3553957;0.005326562;2.298204;101;0.3991138;190;1.473167;2.619867;121;1.89909
62;62005;60009;61004;1.344888E-09;1;ОС-1:;состояние1_k-2.sig;1 дополнительное:;состояние2_k-23.sig;0.3553957;0.000632027;2.298204;101;0.168926;738;1.454726;2.464643;347;2.129278
62;62005;60009;61004;1.344888E-09;1;ОС-1:;состояние1_k-2.sig;1 дополнительное:;состояние2_k-24.sig;0.3553957;-0.0009410661;2.298204;101;0.09877497;26;1.455014;2.385367;358;2.199429
62;62005;60009;61004;1.344888E-09;1;ОС-1:;состояние1_k-2.sig;1 дополнительное:;состояние2_k-25.sig;0.3553957;0;2.298204;101;0.1598792;15;1.452153;2.452355;595;2.138324
62;62005;60009;61004;1.344888E-09;1;ОС-1:;состояние1_k-2.sig;1 дополнительное:;состояние2_k-26.sig;0.3553957;0.0007134402;2.298204;101;0.1947298;354;1.459181;2.490901;104;2.103474
62;62005;60009;61004;1.344888E-09;1;ОС-1:;состояние1_k-2.sig;1 дополнительное:;состояние2_k-27.sig;0.3553957;0.0003474566;2.298204;101;0.1909253;780;1.45237;2.483201;95;2.107278
62;62005;60009;61004;1.344888E-09;1;ОС-1:;состояние1_k-2.sig;1 дополнительное:;состояние2_k-28.sig;0.3553957;-0.0001195009;2.298204;101;0.1605338;176;1.454669;2.455971;354;2.13767
62;62005;60009;61004;1.344888E-09;1;ОС-1:;состояние1_k-2.sig;1 дополнительное:;состояние2_k-29.sig;0.3553957;-7.46366E-05;2.298204;101;0.1210865;787;1.454777;2.417228;598;2.177117
62;62005;60009;61004;1.344888E-09;1;ОС-1:;состояние1_k-2.sig;1 дополнительное:;состояние2_k-30.sig;0.3553957;0;2.298204;101;0.0973112;92;1.455263;2.384937;108;2.200892
62;62005;60009;61004;1.344888E-09;1;ОС-1:;состояние1_k-2.sig;1 дополнительное:;состояние2_k-31.sig;0.3553957;-0.000334204;2.298204;101;0.1073033;442;1.454916;2.404338;103;2.190901
62;62005;60009;61004;1.344888E-09;1;ОС-1:;состояние1_k-2.sig;1 дополнительное:;состояние2_k-32.sig;0.3553957;-0.0006819315;2.298204;101;0.1335791;19;1.455815;2.429437;97;2.164625
62;62005;60009;61004;1.344888E-09;1;ОС-1:;состояние1_k-2.sig;1 дополнительное:;состояние2_k-33.sig;0.3553957;-0.0005070158;2.298204;101;0.1541499;560;1.455913;2.451066;348;2.144054
62;62005;60009;61004;1.344888E-09;1;ОС-1:;состояние1_k-2.sig;1 дополнительное:;состояние2_k-34.sig;0.3553957;-4.618339E-05;2.298204;101;0.1595066;10;1.448934;2.431174;112;2.138697
62;62005;60009;61004;1.344888E-09;1;ОС-1:;состояние1_k-2.sig;1 дополнительное:;состояние2_k-35.sig;0.3553957;0;2.298204;101;0.147375;34;1.452871;2.444115;348;2.150829
62;62005;60009;61004;1.344888E-09;1;ОС-1:;состояние1_k-2.sig;1 дополнительное:;состояние2_k-36.sig;0.3553957;-0.0004862383;2.298204;101;0.1198395;84;1.452856;2.416791;98;2.178364
62;62005;60009;61004;1.344888E-09;1;ОС-1:;состояние1_k-2.sig;1 дополнительное:;состояние2_k-37.sig;0.3553957;-0.000820554;2.298204;101;0.08422009;536;1.452618;2.380714;603;2.213984
62;62005;60009;61004;1.344888E-09;1;ОС-1:;состояние1_k-2.sig;1 дополнительное:;состояние2_k-38.sig;0.3553957;-0.0004764336;2.298204;101;0.06265604;436;1.453357;2.353608;106;2.235548
62;62005;60009;61004;1.344888E-09;1;ОС-1:;состояние1_k-2.sig;1 дополнительное:;состояние2_k-39.sig;0.3553957;0.000104551;2.298204;101;0.08671535;341;1.453814;2.382733;98;2.211488
62;62005;60009;61004;1.344888E-09;1;ОС-1:;состояние1_k-2.sig;1 дополнительное:;состояние2_k-40.sig;0.3553957;-1.456589E-08;2.298204;101;0.1338494;2;1.454211;2.431738;352;2.164354
62;62005;60009;61004;1.344888E-09;1;ОС-1:;состояние1_k-3.sig;1 дополнительное:;состояние2_k-21.sig;0.2555438;0.007779718;3.349087;684;0.72449;207;2.177131;3.789413;205;2.624597
62;62005;60009;61004;1.344888E-09;1;ОС-1:;состояние1_k-3.sig;1 дополнительное:;состояние2_k-22.sig;0.2555438;0.005326562;3.349087;684;0.3991138;190;2.113667;3.74658;349;2.949973
62;62005;60009;61004;1.344888E-09;1;ОС-1:;состояние1_k-3.sig;1 дополнительное:;состояние2_k-23.sig;0.2555438;0.000632027;3.349087;684;0.168926;738;2.11383;3.512926;20;3.180161
62;62005;60009;61004;1.344888E-09;1;ОС-1:;состояние1_k-3.sig;1 дополнительное:;состояние2_k-24.sig;0.2555438;-0.0009410661;3.349087;684;0.09877497;26;2.113556;3.419032;523;3.250312
62;62005;60009;61004;1.344888E-09;1;ОС-1:;состояние1_k-3.sig;1 дополнительное:;состояние2_k-25.sig;0.2555438;0;3.349087;684;0.1598792;15;2.111481;3.500698;354;3.189208
62;62005;60009;61004;1.344888E-09;1;ОС-1:;состояние1_k-3.sig;1 дополнительное:;состояние2_k-26.sig;0.2555438;0.0007134402;3.349087;684;0.1947298;354;2.10979;3.538568;681;3.154357
62;62005;60009;61004;1.344888E-09;1;ОС-1:;состояние1_k-3.sig;1 дополнительное:;состояние2_k-27.sig;0.2555438;0.0003474566;3.349087;684;0.1909253;780;2.123369;3.534586;20;3.158161
62;62005;60009;61004;1.344888E-09;1;ОС-1:;состояние1_k-3.sig;1 дополнительное:;состояние2_k-28.sig;0.2555438;-0.0001195009;3.349087;684;0.1605338;176;2.111594;3.507258;16;3.188553
62;62005;60009;61004;1.344888E-09;1;ОС-1:;состояние1_k-3.sig;1 дополнительное:;состояние2_k-29.sig;0.2555438;-7.46366E-05;3.349087;684;0.1210865;787;2.112317;3.456911;355;3.228
62;62005;60009;61004;1.344888E-09;1;ОС-1:;состояние1_k-3.sig;1 дополнительное:;состояние2_k-30.sig;0.2555438;0;3.349087;684;0.0973112;92;2.111631;3.417941;190;3.251776
62;62005;60009;61004;1.344888E-09;1;ОС-1:;состояние1_k-3.sig;1 дополнительное:;состояние2_k-31.sig;0.2555438;-0.000334204;3.349087;684;0.1073033;442;2.112062;3.456382;184;3.241784
62;62005;60009;61004;1.344888E-09;1;ОС-1:;состояние1_k-3.sig;1 дополнительное:;состояние2_k-32.sig;0.2555438;-0.0006819315;3.349087;684;0.1335791;19;2.111531;3.480944;519;3.215508
62;62005;60009;61004;1.344888E-09;1;ОС-1:;состояние1_k-3.sig;1 дополнительное:;состояние2_k-33.sig;0.2555438;-0.0005070158;3.349087;684;0.1541499;560;2.11938;3.426131;361;3.194937
62;62005;60009;61004;1.344888E-09;1;ОС-1:;состояние1_k-3.sig;1 дополнительное:;состояние2_k-34.sig;0.2555438;-4.618339E-05;3.349087;684;0.1595066;10;2.11039;3.505356;186;3.18958
62;62005;60009;61004;1.344888E-09;1;ОС-1:;состояние1_k-3.sig;1 дополнительное:;состояние2_k-35.sig;0.2555438;0;3.349087;684;0.147375;34;2.110902;3.493072;19;3.201712
62;62005;60009;61004;1.344888E-09;1;ОС-1:;состояние1_k-3.sig;1 дополнительное:;состояние2_k-36.sig;0.2555438;-0.0004862383;3.349087;684;0.1198395;84;2.11248;3.465249;15;3.229247
62;62005;60009;61004;1.344888E-09;1;ОС-1:;состояние1_k-3.sig;1 дополнительное:;состояние2_k-37.sig;0.2555438;-0.000820554;3.349087;684;0.08422009;536;2.112816;3.43238;185;3.264867
62;62005;60009;61004;1.344888E-09;1;ОС-1:;состояние1_k-3.sig;1 дополнительное:;состояние2_k-38.sig;0.2555438;-0.0004764336;3.349087;684;0.06265604;436;2.111976;3.409279;686;3.286431
62;62005;60009;61004;1.344888E-09;1;ОС-1:;состояние1_k-3.sig;1 дополнительное:;состояние2_k-39.sig;0.2555438;0.000104551;3.349087;684;0.08671535;341;2.114368;3.430884;20;3.262371
62;62005;60009;61004;1.344888E-09;1;ОС-1:;состояние1_k-3.sig;1 дополнительное:;состояние2_k-40.sig;0.2555438;-1.456589E-08;3.349087;684;0.1338494;2;2.11045;3.480729;15;3.215237
62;62005;60009;61004;1.344888E-09;1;ОС-1:;состояние1_k-4.sig;1 дополнительное:;состояние2_k-21.sig;0.08420668;0.007779718;4.287155;226;0.72449;207;2.690664;5.011109;350;3.562665
62;62005;60009;61004;1.344888E-09;1;ОС-1:;состояние1_k-4.sig;1 дополнительное:;состояние2_k-22.sig;0.08420668;0.005326562;4.287155;226;0.3991138;190;2.668924;4.682829;100;3.888041
62;62005;60009;61004;1.344888E-09;1;ОС-1:;состояние1_k-4.sig;1 дополнительное:;состояние2_k-23.sig;0.08420668;0.000632027;4.287155;226;0.168926;738;2.661675;4.4441;348;4.118229
62;62005;60009;61004;1.344888E-09;1;ОС-1:;состояние1_k-4.sig;1 дополнительное:;состояние2_k-24.sig;0.08420668;-0.0009410661;4.287155;226;0.09877497;26;2.659063;4.341205;104;4.18838
62;62005;60009;61004;1.344888E-09;1;ОС-1:;состояние1_k-4.sig;1 дополнительное:;состояние2_k-25.sig;0.08420668;0;4.287155;226;0.1598792;15;2.658895;4.446681;475;4.127275
62;62005;60009;61004;1.344888E-09;1;ОС-1:;состояние1_k-4.sig;1 дополнительное:;состояние2_k-26.sig;0.08420668;0.0007134402;4.287155;226;0.1947298;354;2.660121;4.47194;353;4.092425
62;62005;60009;61004;1.344888E-09;1;ОС-1:;состояние1_k-4.sig;1 дополнительное:;состояние2_k-27.sig;0.08420668;0.0003474566;4.287155;226;0.1909253;780;2.662463;4.476563;725;4.09623
62;62005;60009;61004;1.344888E-09;1;ОС-1:;состояние1_k-4.sig;1 дополнительное:;состояние2_k-28.sig;0.08420668;-0.0001195009;4.287155;226;0.1605338;176;2.649615;4.434388;103;4.126621
62;62005;60009;61004;1.344888E-09;1;ОС-1:;состояние1_k-4.sig;1 дополнительное:;состояние2_k-29.sig;0.08420668;-7.46366E-05;4.287155;226;0.1210865;787;2.663632;4.399437;99;4.166068
62;62005;60009;61004;1.344888E-09;1;ОС-1:;состояние1_k-4.sig;1 дополнительное:;состояние2_k-30.sig;0.08420668;0;4.287155;226;0.0973112;92;2.66297;4.383924;475;4.189844
62;62005;60009;61004;1.344888E-09;1;ОС-1:;состояние1_k-4.sig;1 дополнительное:;состояние2_k-31.sig;0.08420668;-0.000334204;4.287155;226;0.1073033;442;2.662586;4.388713;602;4.179852
62;62005;60009;61004;1.344888E-09;1;ОС-1:;состояние1_k-4.sig;1 дополнительное:;состояние2_k-32.sig;0.08420668;-0.0006819315;4.287155;226;0.1335791;19;2.662574;4.409034;223;4.153575
62;62005;60009;61004;1.344888E-09;1;ОС-1:;состояние1_k-4.sig;1 дополнительное:;состояние2_k-33.sig;0.08420668;-0.0005070158;4.287155;226;0.1541499;560;2.66228;4.439872;726;4.133005
62;62005;60009;61004;1.344888E-09;1;ОС-1:;состояние1_k-4.sig;1 дополнительное:;состояние2_k-34.sig;0.08420668;-4.618339E-05;4.287155;226;0.1595066;10;2.661766;4.441072;99;4.127648
62;62005;60009;61004;1.344888E-09;1;ОС-1:;состояние1_k-4.sig;1 дополнительное:;состояние2_k-35.sig;0.08420668;0;4.287155;226;0.147375;34;2.661334;4.432095;476;4.13978
62;62005;60009;61004;1.344888E-09;1;ОС-1:;состояние1_k-4.sig;1 дополнительное:;состояние2_k-36.sig;0.08420668;-0.0004862383;4.287155;226;0.1198395;84;2.652297;4.292182;108;4.167315
62;62005;60009;61004;1.344888E-09;1;ОС-1:;состояние1_k-4.sig;1 дополнительное:;состояние2_k-37.sig;0.08420668;-0.000820554;4.287155;226;0.08422009;536;2.660759;4.370945;225;4.202935
62;62005;60009;61004;1.344888E-09;1;ОС-1:;состояние1_k-4.sig;1 дополнительное:;состояние2_k-38.sig;0.08420668;-0.0004764336;4.287155;226;0.06265604;436;2.659909;4.349358;476;4.224499
62;62005;60009;61004;1.344888E-09;1;ОС-1:;состояние1_k-4.sig;1 дополнительное:;состояние2_k-39.sig;0.08420668;0.000104551;4.287155;226;0.08671535;341;2.659153;4.373453;226;4.200439
62;62005;60009;61004;1.344888E-09;1;ОС-1:;состояние1_k-4.sig;1 дополнительное:;состояние2_k-40.sig;0.08420668;-1.456589E-08;4.287155;226;0.1338494;2;2.660013;4.418651;102;4.153305
62;62005;60009;61004;1.344888E-09;1;ОС-1:;состояние1_k-5.sig;1 дополнительное:;состояние2_k-21.sig;0;0.007779718;5.083614;151;0.72449;207;3.249137;5.778497;253;4.359124
62;62005;60009;61004;1.344888E-09;1;ОС-1:;состояние1_k-5.sig;1 дополнительное:;состояние2_k-22.sig;0;0.005326562;5.083614;151;0.3991138;190;3.243862;5.478993;350;4.6845
62;62005;60009;61004;1.344888E-09;1;ОС-1:;состояние1_k-5.sig;1 дополнительное:;состояние2_k-23.sig;0;0.000632027;5.083614;151;0.168926;738;3.240866;5.25253;151;4.914688
62;62005;60009;61004;1.344888E-09;1;ОС-1:;состояние1_k-5.sig;1 дополнительное:;состояние2_k-24.sig;0;-0.0009410661;5.083614;151;0.09877497;26;3.236882;5.182389;651;4.984839
62;62005;60009;61004;1.344888E-09;1;ОС-1:;состояние1_k-5.sig;1 дополнительное:;состояние2_k-25.sig;0;0;5.083614;151;0.1598792;15;3.253037;5.223005;52;4.923735
62;62005;60009;61004;1.344888E-09;1;ОС-1:;состояние1_k-5.sig;1 дополнительное:;состояние2_k-26.sig;0;0.0007134402;5.083614;151;0.1947298;354;3.232366;5.253852;48;4.888884
62;62005;60009;61004;1.344888E-09;1;ОС-1:;состояние1_k-5.sig;1 дополнительное:;состояние2_k-27.sig;0;0.0003474566;5.083614;151;0.1909253;780;3.233641;5.259635;352;4.892689
62;62005;60009;61004;1.344888E-09;1;ОС-1:;состояние1_k-5.sig;1 дополнительное:;состояние2_k-28.sig;0;-0.0001195009;5.083614;151;0.1605338;176;3.235376;5.244148;551;4.92308
62;62005;60009;61004;1.344888E-09;1;ОС-1:;состояние1_k-5.sig;1 дополнительное:;состояние2_k-29.sig;0;-7.46366E-05;5.083614;151;0.1210865;787;3.236553;5.202357;150;4.962527
62;62005;60009;61004;1.344888E-09;1;ОС-1:;состояние1_k-5.sig;1 дополнительное:;состояние2_k-30.sig;0;0;5.083614;151;0.0973112;92;3.236655;5.117562;54;4.986303
62;62005;60009;61004;1.344888E-09;1;ОС-1:;состояние1_k-5.sig;1 дополнительное:;состояние2_k-31.sig;0;-0.000334204;5.083614;151;0.1073033;442;3.23678;5.185449;250;4.976311
62;62005;60009;61004;1.344888E-09;1;ОС-1:;состояние1_k-5.sig;1 дополнительное:;состояние2_k-32.sig;0;-0.0006819315;5.083614;151;0.1335791;19;3.236301;5.216506;50;4.950035
62;62005;60009;61004;1.344888E-09;1;ОС-1:;состояние1_k-5.sig;1 дополнительное:;состояние2_k-33.sig;0;-0.0005070158;5.083614;151;0.1541499;560;3.235333;5.237731;151;4.929464
62;62005;60009;61004;1.344888E-09;1;ОС-1:;состояние1_k-5.sig;1 дополнительное:;состояние2_k-34.sig;0;-4.618339E-05;5.083614;151;0.1595066;10;3.234409;5.243019;451;4.924107
62;62005;60009;61004;1.344888E-09;1;ОС-1:;состояние1_k-5.sig;1 дополнительное:;состояние2_k-35.sig;0;0;5.083614;151;0.147375;34;3.248484;5.033281;57;4.936239
62;62005;60009;61004;1.344888E-09;1;ОС-1:;состояние1_k-5.sig;1 дополнительное:;состояние2_k-36.sig;0;-0.0004862383;5.083614;151;0.1198395;84;3.235435;5.203165;251;4.963774
62;62005;60009;61004;1.344888E-09;1;ОС-1:;состояние1_k-5.sig;1 дополнительное:;состояние2_k-37.sig;0;-0.000820554;5.083614;151;0.08422009;536;3.236605;5.166635;50;4.999394
62;62005;60009;61004;1.344888E-09;1;ОС-1:;состояние1_k-5.sig;1 дополнительное:;состояние2_k-38.sig;0;-0.0004764336;5.083614;151;0.06265604;436;3.237138;5.145099;251;5.020958
62;62005;60009;61004;1.344888E-09;1;ОС-1:;состояние1_k-5.sig;1 дополнительное:;состояние2_k-39.sig;0;0.000104551;5.083614;151;0.08671535;341;3.237052;5.165156;150;4.996899
62;62005;60009;61004;1.344888E-09;1;ОС-1:;состояние1_k-5.sig;1 дополнительное:;состояние2_k-40.sig;0;-1.456589E-08;5.083614;151;0.1338494;2;3.237411;5.213098;52;4.949764
62;62005;60009;61004;1.344888E-09;1;ОС-1:;состояние1_k-6.sig;1 дополнительное:;состояние2_k-21.sig;0.05978955;0.007779718;5.716567;434;0.72449;207;3.716751;6.439279;350;4.992077
62;62005;60009;61004;1.344888E-09;1;ОС-1:;состояние1_k-6.sig;1 дополнительное:;состояние2_k-22.sig;0.05978955;0.005326562;5.716567;434;0.3991138;190;3.712401;6.04419;187;5.317453
62;62005;60009;61004;1.344888E-09;1;ОС-1:;состояние1_k-6.sig;1 дополнительное:;состояние2_k-23.sig;0.05978955;0.000632027;5.716567;434;0.168926;738;3.706396;5.871231;518;5.547641
62;62005;60009;61004;1.344888E-09;1;ОС-1:;состояние1_k-6.sig;1 дополнительное:;состояние2_k-24.sig;0.05978955;-0.0009410661;5.716567;434;0.09877497;26;3.705453;5.754289;19;5.617792
62;62005;60009;61004;1.344888E-09;1;ОС-1:;состояние1_k-6.sig;1 дополнительное:;состояние2_k-25.sig;0.05978955;0;5.716567;434;0.1598792;15;3.708922;5.874928;434;5.556688
62;62005;60009;61004;1.344888E-09;1;ОС-1:;состояние1_k-6.sig;1 дополнительное:;состояние2_k-26.sig;0.05978955;0.0007134402;5.716567;434;0.1947298;354;3.710493;5.893479;102;5.521837
62;62005;60009;61004;1.344888E-09;1;ОС-1:;состояние1_k-6.sig;1 дополнительное:;состояние2_k-27.sig;0.05978955;0.0003474566;5.716567;434;0.1909253;780;3.708642;5.888749;185;5.525642
62;62005;60009;61004;1.344888E-09;1;ОС-1:;состояние1_k-6.sig;1 дополнительное:;состояние2_k-28.sig;0.05978955;-0.0001195009;5.716567;434;0.1605338;176;3.705585;5.869281;267;5.556033
62;62005;60009;61004;1.344888E-09;1;ОС-1:;состояние1_k-6.sig;1 дополнительное:;состояние2_k-29.sig;0.05978955;-7.46366E-05;5.716567;434;0.1210865;787;3.704859;5.837271;684;5.59548
62;62005;60009;61004;1.344888E-09;1;ОС-1:;состояние1_k-6.sig;1 дополнительное:;состояние2_k-30.sig;0.05978955;0;5.716567;434;0.0973112;92;3.707159;5.741188;186;5.619256
62;62005;60009;61004;1.344888E-09;1;ОС-1:;состояние1_k-6.sig;1 дополнительное:;состояние2_k-31.sig;0.05978955;-0.000334204;5.716567;434;0.1073033;442;3.707544;5.823863;184;5.609264
62;62005;60009;61004;1.344888E-09;1;ОС-1:;состояние1_k-6.sig;1 дополнительное:;состояние2_k-32.sig;0.05978955;-0.0006819315;5.716567;434;0.1335791;19;3.708242;5.845958;18;5.582988
62;62005;60009;61004;1.344888E-09;1;ОС-1:;состояние1_k-6.sig;1 дополнительное:;состояние2_k-33.sig;0.05978955;-0.0005070158;5.716567;434;0.1541499;560;3.70894;5.856876;16;5.562417
62;62005;60009;61004;1.344888E-09;1;ОС-1:;состояние1_k-6.sig;1 дополнительное:;состояние2_k-34.sig;0.05978955;-4.618339E-05;5.716567;434;0.1595066;10;3.709455;5.863986;185;5.55706
62;62005;60009;61004;1.344888E-09;1;ОС-1:;состояние1_k-6.sig;1 дополнительное:;состояние2_k-35.sig;0.05978955;0;5.716567;434;0.147375;34;3.709806;5.85192;518;5.569192
62;62005;60009;61004;1.344888E-09;1;ОС-1:;состояние1_k-6.sig;1 дополнительное:;состояние2_k-36.sig;0.05978955;-0.0004862383;5.716567;434;0.1198395;84;3.709378;5.823485;266;5.596727
62;62005;60009;61004;1.344888E-09;1;ОС-1:;состояние1_k-6.sig;1 дополнительное:;состояние2_k-37.sig;0.05978955;-0.000820554;5.716567;434;0.08422009;536;3.708158;5.799848;184;5.632347
62;62005;60009;61004;1.344888E-09;1;ОС-1:;состояние1_k-6.sig;1 дополнительное:;состояние2_k-38.sig;0.05978955;-0.0004764336;5.716567;434;0.06265604;436;3.707406;5.771656;17;5.653911
62;62005;60009;61004;1.344888E-09;1;ОС-1:;состояние1_k-6.sig;1 дополнительное:;состояние2_k-39.sig;0.05978955;0.000104551;5.716567;434;0.08671535;341;3.708235;5.787281;185;5.629852
62;62005;60009;61004;1.344888E-09;1;ОС-1:;состояние1_k-6.sig;1 дополнительное:;состояние2_k-40.sig;0.05978955;-1.456589E-08;5.716567;434;0.1338494;2;3.710055;5.842777;352;5.582718
62;62005;60009;61004;1.344888E-09;1;ОС-1:;состояние1_k-7.sig;1 дополнительное:;состояние2_k-21.sig;0.1824822;0.007779718;6.170343;65;0.72449;207;4.10209;5.50667;429;5.445853
62;62005;60009;61004;1.344888E-09;1;ОС-1:;состояние1_k-7.sig;1 дополнительное:;состояние2_k-22.sig;0.1824822;0.005326562;6.170343;65;0.3991138;190;3.936285;6.56408;350;5.771229
62;62005;60009;61004;1.344888E-09;1;ОС-1:;состояние1_k-7.sig;1 дополнительное:;состояние2_k-23.sig;0.1824822;0.000632027;6.170343;65;0.168926;738;3.944886;6.337937;65;6.001417
62;62005;60009;61004;1.344888E-09;1;ОС-1:;состояние1_k-7.sig;1 дополнительное:;состояние2_k-24.sig;0.1824822;-0.0009410661;6.170343;65;0.09877497;26;3.950863;6.261625;565;6.071568
62;62005;60009;61004;1.344888E-09;1;ОС-1:;состояние1_k-7.sig;1 дополнительное:;состояние2_k-25.sig;0.1824822;0;6.170343;65;0.1598792;15;3.95259;6.327162;136;6.010464
62;62005;60009;61004;1.344888E-09;1;ОС-1:;состояние1_k-7.sig;1 дополнительное:;состояние2_k-26.sig;0.1824822;0.0007134402;6.170343;65;0.1947298;354;3.95118;6.364354;65;5.975613
62;62005;60009;61004;1.344888E-09;1;ОС-1:;состояние1_k-7.sig;1 дополнительное:;состояние2_k-27.sig;0.1824822;0.0003474566;6.170343;65;0.1909253;780;3.948874;6.35402;207;5.979418
62;62005;60009;61004;1.344888E-09;1;ОС-1:;состояние1_k-7.sig;1 дополнительное:;состояние2_k-28.sig;0.1824822;-0.0001195009;6.170343;65;0.1605338;176;3.94737;6.304367;566;6.009809
62;62005;60009;61004;1.344888E-09;1;ОС-1:;состояние1_k-7.sig;1 дополнительное:;состояние2_k-29.sig;0.1824822;-7.46366E-05;6.170343;65;0.1210865;787;3.947066;6.289865;494;6.049256
62;62005;60009;61004;1.344888E-09;1;ОС-1:;состояние1_k-7.sig;1 дополнительное:;состояние2_k-30.sig;0.1824822;0;6.170343;65;0.0973112;92;3.947495;6.266624;208;6.073032
62;62005;60009;61004;1.344888E-09;1;ОС-1:;состояние1_k-7.sig;1 дополнительное:;состояние2_k-31.sig;0.1824822;-0.000334204;6.170343;65;0.1073033;442;3.948815;6.272812;280;6.06304
62;62005;60009;61004;1.344888E-09;1;ОС-1:;состояние1_k-7.sig;1 дополнительное:;состояние2_k-32.sig;0.1824822;-0.0006819315;6.170343;65;0.1335791;19;3.951182;6.302315;65;6.036764
62;62005;60009;61004;1.344888E-09;1;ОС-1:;состояние1_k-7.sig;1 дополнительное:;состояние2_k-33.sig;0.1824822;-0.0005070158;6.170343;65;0.1541499;560;3.954143;6.323641;136;6.016193
62;62005;60009;61004;1.344888E-09;1;ОС-1:;состояние1_k-7.sig;1 дополнительное:;состояние2_k-34.sig;0.1824822;-4.618339E-05;6.170343;65;0.1595066;10;3.956;6.329663;422;6.010836
62;62005;60009;61004;1.344888E-09;1;ОС-1:;состояние1_k-7.sig;1 дополнительное:;состояние2_k-35.sig;0.1824822;0;6.170343;65;0.147375;34;3.934736;6.062563;353;6.022968
62;62005;60009;61004;1.344888E-09;1;ОС-1:;состояние1_k-7.sig;1 дополнительное:;состояние2_k-36.sig;0.1824822;-0.0004862383;6.170343;65;0.1198395;84;3.952481;6.289139;279;6.050503
62;62005;60009;61004;1.344888E-09;1;ОС-1:;состояние1_k-7.sig;1 дополнительное:;состояние2_k-37.sig;0.1824822;-0.000820554;6.170343;65;0.08422009;536;3.949535;6.248251;494;6.086123
62;62005;60009;61004;1.344888E-09;1;ОС-1:;состояние1_k-7.sig;1 дополнительное:;состояние2_k-38.sig;0.1824822;-0.0004764336;6.170343;65;0.06265604;436;3.948459;6.231459;279;6.107687
62;62005;60009;61004;1.344888E-09;1;ОС-1:;состояние1_k-7.sig;1 дополнительное:;состояние2_k-39.sig;0.1824822;0.000104551;6.170343;65;0.08671535;341;3.949282;6.256361;136;6.083628
62;62005;60009;61004;1.344888E-09;1;ОС-1:;состояние1_k-7.sig;1 дополнительное:;состояние2_k-40.sig;0.1824822;-1.456589E-08;6.170343;65;0.1338494;2;3.950386;6.305126;65;6.036493
62;62005;60009;61004;1.344888E-09;1;ОС-1:;состояние1_k-8.sig;1 дополнительное:;состояние2_k-21.sig;0.2359269;0.007779718;6.438571;38;0.72449;207;4.095258;7.159844;350;5.714081
62;62005;60009;61004;1.344888E-09;1;ОС-1:;состояние1_k-8.sig;1 дополнительное:;состояние2_k-22.sig;0.2359269;0.005326562;6.438571;38;0.3991138;190;4.089082;6.831564;100;6.039457
62;62005;60009;61004;1.344888E-09;1;ОС-1:;состояние1_k-8.sig;1 дополнительное:;состояние2_k-23.sig;0.2359269;0.000632027;6.438571;38;0.168926;738;4.092609;6.60558;413;6.269645
62;62005;60009;61004;1.344888E-09;1;ОС-1:;состояние1_k-8.sig;1 дополнительное:;состояние2_k-24.sig;0.2359269;-0.0009410661;6.438571;38;0.09877497;26;4.094987;6.470865;39;6.339796
62;62005;60009;61004;1.344888E-09;1;ОС-1:;состояние1_k-8.sig;1 дополнительное:;состояние2_k-25.sig;0.2359269;0;6.438571;38;0.1598792;15;4.109297;6.57972;38;6.278692
62;62005;60009;61004;1.344888E-09;1;ОС-1:;состояние1_k-8.sig;1 дополнительное:;состояние2_k-26.sig;0.2359269;0.0007134402;6.438571;38;0.1947298;354;4.11062;6.628793;413;6.243841
62;62005;60009;61004;1.344888E-09;1;ОС-1:;состояние1_k-8.sig;1 дополнительное:;состояние2_k-27.sig;0.2359269;0.0003474566;6.438571;38;0.1909253;780;4.107262;6.62587;538;6.247646
62;62005;60009;61004;1.344888E-09;1;ОС-1:;состояние1_k-8.sig;1 дополнительное:;состояние2_k-28.sig;0.2359269;-0.0001195009;6.438571;38;0.1605338;176;4.102331;6.567997;102;6.278037
62;62005;60009;61004;1.344888E-09;1;ОС-1:;состояние1_k-8.sig;1 дополнительное:;состояние2_k-29.sig;0.2359269;-7.46366E-05;6.438571;38;0.1210865;787;4.099923;6.557732;476;6.317484
62;62005;60009;61004;1.344888E-09;1;ОС-1:;состояние1_k-8.sig;1 дополнительное:;состояние2_k-30.sig;0.2359269;0;6.438571;38;0.0973112;92;4.098883;6.534074;226;6.34126
62;62005;60009;61004;1.344888E-09;1;ОС-1:;состояние1_k-8.sig;1 дополнительное:;состояние2_k-31.sig;0.2359269;-0.000334204;6.438571;38;0.1073033;442;4.098783;6.544645;38;6.331268
62;62005;60009;61004;1.344888E-09;1;ОС-1:;состояние1_k-8.sig;1 дополнительное:;состояние2_k-32.sig;0.2359269;-0.0006819315;6.438571;38;0.1335791;19;4.099755;6.545877;37;6.304992
62;62005;60009;61004;1.344888E-09;1;ОС-1:;состояние1_k-8.sig;1 дополнительное:;состояние2_k-33.sig;0.2359269;-0.0005070158;6.438571;38;0.1541499;560;4.100466;6.59093;788;6.284421
62;62005;60009;61004;1.344888E-09;1;ОС-1:;состояние1_k-8.sig;1 дополнительное:;состояние2_k-34.sig;0.2359269;-4.618339E-05;6.438571;38;0.1595066;10;4.102115;6.591357;289;6.279064
62;62005;60009;61004;1.344888E-09;1;ОС-1:;состояние1_k-8.sig;1 дополнительное:;состояние2_k-35.sig;0.2359269;0;6.438571;38;0.147375;34;4.102955;6.585204;163;6.291196
62;62005;60009;61004;1.344888E-09;1;ОС-1:;состояние1_k-8.sig;1 дополнительное:;состояние2_k-36.sig;0.2359269;-0.0004862383;6.438571;38;0.1198395;84;4.102578;6.542286;225;6.318731
62;62005;60009;61004;1.344888E-09;1;ОС-1:;состояние1_k-8.sig;1 дополнительное:;состояние2_k-37.sig;0.2359269;-0.000820554;6.438571;38;0.08422009;536;4.10227;6.520246;726;6.354351
62;62005;60009;61004;1.344888E-09;1;ОС-1:;состояние1_k-8.sig;1 дополнительное:;состояние2_k-38.sig;0.2359269;-0.0004764336;6.438571;38;0.06265604;436;4.101222;6.499742;226;6.375915
62;62005;60009;61004;1.344888E-09;1;ОС-1:;состояние1_k-8.sig;1 дополнительное:;состояние2_k-39.sig;0.2359269;0.000104551;6.438571;38;0.08671535;341;4.099905;6.523836;726;6.351856
62;62005;60009;61004;1.344888E-09;1;ОС-1:;состояние1_k-8.sig;1 дополнительное:;состояние2_k-40.sig;0.2359269;-1.456589E-08;6.438571;38;0.1338494;2;4.116944;6.563244;39;6.304722
62;62005;60009;61004;1.344888E-09;1;ОС-1:;состояние1_k-9.sig;1 дополнительное:;состояние2_k-21.sig;0.157591;0.007779718;6.522869;684;0.72449;207;4.19196;7.050638;131;5.798378
62;62005;60009;61004;1.344888E-09;1;ОС-1:;состояние1_k-9.sig;1 дополнительное:;состояние2_k-22.sig;0.157591;0.005326562;6.522869;684;0.3991138;190;4.193413;6.914918;350;6.123755
62;62005;60009;61004;1.344888E-09;1;ОС-1:;состояние1_k-9.sig;1 дополнительное:;состояние2_k-23.sig;0.157591;0.000632027;6.522869;684;0.168926;738;4.194041;6.687511;239;6.353943
62;62005;60009;61004;1.344888E-09;1;ОС-1:;состояние1_k-9.sig;1 дополнительное:;состояние2_k-24.sig;0.157591;-0.0009410661;6.522869;684;0.09877497;26;4.193976;6.618615;462;6.424094
62;62005;60009;61004;1.344888E-09;1;ОС-1:;состояние1_k-9.sig;1 дополнительное:;состояние2_k-25.sig;0.157591;0;6.522869;684;0.1598792;15;4.196816;6.682727;295;6.362989
62;62005;60009;61004;1.344888E-09;1;ОС-1:;состояние1_k-9.sig;1 дополнительное:;состояние2_k-26.sig;0.157591;0.0007134402;6.522869;684;0.1947298;354;4.201824;6.714519;739;6.328139
62;62005;60009;61004;1.344888E-09;1;ОС-1:;состояние1_k-9.sig;1 дополнительное:;состояние2_k-27.sig;0.157591;0.0003474566;6.522869;684;0.1909253;780;4.161804;6.689742;18;6.331944
62;62005;60009;61004;1.344888E-09;1;ОС-1:;состояние1_k-9.sig;1 дополнительное:;состояние2_k-28.sig;0.157591;-0.0001195009;6.522869;684;0.1605338;176;4.203609;6.675098;17;6.362335
62;62005;60009;61004;1.344888E-09;1;ОС-1:;состояние1_k-9.sig;1 дополнительное:;состояние2_k-29.sig;0.157591;-7.46366E-05;6.522869;684;0.1210865;787;4.199799;6.637888;406;6.401782
62;62005;60009;61004;1.344888E-09;1;ОС-1:;состояние1_k-9.sig;1 дополнительное:;состояние2_k-30.sig;0.157591;0;6.522869;684;0.0973112;92;4.197071;6.610873;240;6.425558
62;62005;60009;61004;1.344888E-09;1;ОС-1:;состояние1_k-9.sig;1 дополнительное:;состояние2_k-31.sig;0.157591;-0.000334204;6.522869;684;0.1073033;442;4.195826;6.630164;184;6.415565
62;62005;60009;61004;1.344888E-09;1;ОС-1:;состояние1_k-9.sig;1 дополнительное:;состояние2_k-32.sig;0.157591;-0.0006819315;6.522869;684;0.1335791;19;4.195282;6.654641;128;6.389289
62;62005;60009;61004;1.344888E-09;1;ОС-1:;состояние1_k-9.sig;1 дополнительное:;состояние2_k-33.sig;0.157591;-0.0005070158;6.522869;684;0.1541499;560;4.194363;6.663798;240;6.368719
62;62005;60009;61004;1.344888E-09;1;ОС-1:;состояние1_k-9.sig;1 дополнительное:;состояние2_k-34.sig;0.157591;-4.618339E-05;6.522869;684;0.1595066;10;4.193589;6.680275;628;6.363362
62;62005;60009;61004;1.344888E-09;1;ОС-1:;состояние1_k-9.sig;1 дополнительное:;состояние2_k-35.sig;0.157591;0;6.522869;684;0.147375;34;4.194161;6.668669;406;6.375494
62;62005;60009;61004;1.344888E-09;1;ОС-1:;состояние1_k-9.sig;1 дополнительное:;состояние2_k-36.sig;0.157591;-0.0004862383;6.522869;684;0.1198395;84;4.19584;6.625639;350;6.403029
62;62005;60009;61004;1.344888E-09;1;ОС-1:;состояние1_k-9.sig;1 дополнительное:;состояние2_k-37.sig;0.157591;-0.000820554;6.522869;684;0.08422009;536;4.195495;6.60615;184;6.438649
62;62005;60009;61004;1.344888E-09;1;ОС-1:;состояние1_k-9.sig;1 дополнительное:;состояние2_k-38.sig;0.157591;-0.0004764336;6.522869;684;0.06265604;436;4.194957;6.58264;239;6.460213
62;62005;60009;61004;1.344888E-09;1;ОС-1:;состояние1_k-9.sig;1 дополнительное:;состояние2_k-39.sig;0.157591;0.000104551;6.522869;684;0.08671535;341;4.194022;6.588878;18;6.436153
62;62005;60009;61004;1.344888E-09;1;ОС-1:;состояние1_k-9.sig;1 дополнительное:;состояние2_k-40.sig;0.157591;-1.456589E-08;6.522869;684;0.1338494;2;4.194539;6.655155;240;6.389019
62;62005;60009;61004;1.344888E-09;1;ОС-1:;состояние1_k-10.sig;1 дополнительное:;состояние2_k-21.sig;0;0.007779718;6.43025;1;0.72449;207;4.091058;7.151645;350;5.70576
62;62005;60009;61004;1.344888E-09;1;ОС-1:;состояние1_k-10.sig;1 дополнительное:;состояние2_k-22.sig;0;0.005326562;6.43025;1;0.3991138;190;4.089111;6.802978;51;6.031136
62;62005;60009;61004;1.344888E-09;1;ОС-1:;состояние1_k-10.sig;1 дополнительное:;состояние2_k-23.sig;0;0.000632027;6.43025;1;0.168926;738;4.094551;6.599166;651;6.261324
62;62005;60009;61004;1.344888E-09;1;ОС-1:;состояние1_k-10.sig;1 дополнительное:;состояние2_k-24.sig;0;-0.0009410661;6.43025;1;0.09877497;26;4.09752;6.529025;151;6.331475
62;62005;60009;61004;1.344888E-09;1;ОС-1:;состояние1_k-10.sig;1 дополнительное:;состояние2_k-25.sig;0;0;6.43025;1;0.1598792;15;4.095409;6.561284;51;6.27037
62;62005;60009;61004;1.344888E-09;1;ОС-1:;состояние1_k-10.sig;1 дополнительное:;состояние2_k-26.sig;0;0.0007134402;6.43025;1;0.1947298;354;4.094284;6.602238;101;6.23552
62;62005;60009;61004;1.344888E-09;1;ОС-1:;состояние1_k-10.sig;1 дополнительное:;состояние2_k-27.sig;0;0.0003474566;6.43025;1;0.1909253;780;4.0955;6.619728;151;6.239325
62;62005;60009;61004;1.344888E-09;1;ОС-1:;состояние1_k-10.sig;1 дополнительное:;состояние2_k-28.sig;0;-0.0001195009;6.43025;1;0.1605338;176;4.097144;6.590784;301;6.269716
62;62005;60009;61004;1.344888E-09;1;ОС-1:;состояние1_k-10.sig;1 дополнительное:;состояние2_k-29.sig;0;-7.46366E-05;6.43025;1;0.1210865;787;4.097064;6.55126;701;6.309163
62;62005;60009;61004;1.344888E-09;1;ОС-1:;состояние1_k-10.sig;1 дополнительное:;состояние2_k-30.sig;0;0;6.43025;1;0.0973112;92;4.094728;6.442509;1;6.332939
62;62005;60009;61004;1.344888E-09;1;ОС-1:;состояние1_k-10.sig;1 дополнительное:;состояние2_k-31.sig;0;-0.000334204;6.43025;1;0.1073033;442;4.094543;6.53661;151;6.322947
62;62005;60009;61004;1.344888E-09;1;ОС-1:;состояние1_k-10.sig;1 дополнительное:;состояние2_k-32.sig;0;-0.0006819315;6.43025;1;0.1335791;19;4.094833;6.561922;51;6.29667
62;62005;60009;61004;1.344888E-09;1;ОС-1:;состояние1_k-10.sig;1 дополнительное:;состояние2_k-33.sig;0;-0.0005070158;6.43025;1;0.1541499;560;4.095574;6.584367;651;6.2761
62;62005;60009;61004;1.344888E-09;1;ОС-1:;состояние1_k-10.sig;1 дополнительное:;состояние2_k-34.sig;0;-4.618339E-05;6.43025;1;0.1595066;10;4.095757;6.589655;201;6.270743
62;62005;60009;61004;1.344888E-09;1;ОС-1:;состояние1_k-10.sig;1 дополнительное:;состояние2_k-35.sig;0;0;6.43025;1;0.147375;34;4.095391;6.564019;150;6.282875
62;62005;60009;61004;1.344888E-09;1;ОС-1:;состояние1_k-10.sig;1 дополнительное:;состояние2_k-36.sig;0;-0.0004862383;6.43025;1;0.1198395;84;4.095122;6.5498;251;6.31041
62;62005;60009;61004;1.344888E-09;1;ОС-1:;состояние1_k-10.sig;1 дополнительное:;состояние2_k-37.sig;0;-0.000820554;6.43025;1;0.08422009;536;4.095246;6.511157;751;6.34603
62;62005;60009;61004;1.344888E-09;1;ОС-1:;состояние1_k-10.sig;1 дополнительное:;состояние2_k-38.sig;0;-0.0004764336;6.43025;1;0.06265604;436;4.095481;6.491735;1;6.367594
62;62005;60009;61004;1.344888E-09;1;ОС-1:;состояние1_k-10.sig;1 дополнительное:;состояние2_k-39.sig;0;0.000104551;6.43025;1;0.08671535;341;4.095514;6.516816;751;6.343534
62;62005;60009;61004;1.344888E-09;1;ОС-1:;состояние1_k-10.sig;1 дополнительное:;состояние2_k-40.sig;0;-1.456589E-08;6.43025;1;0.1338494;2;4.095391;6.555947;51;6.2964
62;62005;60009;61004;1.344888E-09;1;ОС-1:;состояние1_k-11.sig;1 дополнительное:;состояние2_k-21.sig;-0.1277816;0.007779718;6.182315;78;0.72449;207;3.908641;6.893811;396;5.457825
62;62005;60009;61004;1.344888E-09;1;ОС-1:;состояние1_k-11.sig;1 дополнительное:;состояние2_k-22.sig;-0.1277816;0.005326562;6.182315;78;0.3991138;190;3.900377;6.574739;623;5.783202
62;62005;60009;61004;1.344888E-09;1;ОС-1:;состояние1_k-11.sig;1 дополнительное:;состояние2_k-23.sig;-0.1277816;0.000632027;6.182315;78;0.168926;738;3.896713;6.345791;305;6.01339
62;62005;60009;61004;1.344888E-09;1;ОС-1:;состояние1_k-11.sig;1 дополнительное:;состояние2_k-24.sig;-0.1277816;-0.0009410661;6.182315;78;0.09877497;26;3.900135;6.280058;714;6.08354
62;62005;60009;61004;1.344888E-09;1;ОС-1:;состояние1_k-11.sig;1 дополнительное:;состояние2_k-25.sig;-0.1277816;0;6.182315;78;0.1598792;15;3.900995;6.339998;214;6.022436
62;62005;60009;61004;1.344888E-09;1;ОС-1:;состояние1_k-11.sig;1 дополнительное:;состояние2_k-26.sig;-0.1277816;0.0007134402;6.182315;78;0.1947298;354;3.900206;6.375465;123;5.987586
62;62005;60009;61004;1.344888E-09;1;ОС-1:;состояние1_k-11.sig;1 дополнительное:;состояние2_k-27.sig;-0.1277816;0.0003474566;6.182315;78;0.1909253;780;3.898909;6.372703;169;5.99139
62;62005;60009;61004;1.344888E-09;1;ОС-1:;состояние1_k-11.sig;1 дополнительное:;состояние2_k-28.sig;-0.1277816;-0.0001195009;6.182315;78;0.1605338;176;3.897598;6.340506;623;6.021781
62;62005;60009;61004;1.344888E-09;1;ОС-1:;состояние1_k-11.sig;1 дополнительное:;состояние2_k-29.sig;-0.1277816;-7.46366E-05;6.182315;78;0.1210865;787;3.896924;6.302142;305;6.061229
62;62005;60009;61004;1.344888E-09;1;ОС-1:;состояние1_k-11.sig;1 дополнительное:;состояние2_k-30.sig;-0.1277816;0;6.182315;78;0.0973112;92;3.895602;6.276398;442;6.085004
62;62005;60009;61004;1.344888E-09;1;ОС-1:;состояние1_k-11.sig;1 дополнительное:;состояние2_k-31.sig;-0.1277816;-0.000334204;6.182315;78;0.1073033;442;3.894359;6.286309;169;6.075012
62;62005;60009;61004;1.344888E-09;1;ОС-1:;состояние1_k-11.sig;1 дополнительное:;состояние2_k-32.sig;-0.1277816;-0.0006819315;6.182315;78;0.1335791;19;3.893142;6.314967;487;6.048736
62;62005;60009;61004;1.344888E-09;1;ОС-1:;состояние1_k-11.sig;1 дополнительное:;состояние2_k-33.sig;-0.1277816;-0.0005070158;6.182315;78;0.1541499;560;3.926662;6.058658;215;6.028165
62;62005;60009;61004;1.344888E-09;1;ОС-1:;состояние1_k-11.sig;1 дополнительное:;состояние2_k-34.sig;-0.1277816;-4.618339E-05;6.182315;78;0.1595066;10;3.893355;6.340696;260;6.022809
62;62005;60009;61004;1.344888E-09;1;ОС-1:;состояние1_k-11.sig;1 дополнительное:;состояние2_k-35.sig;-0.1277816;0;6.182315;78;0.147375;34;3.895736;6.324828;78;6.03494
62;62005;60009;61004;1.344888E-09;1;ОС-1:;состояние1_k-11.sig;1 дополнительное:;состояние2_k-36.sig;-0.1277816;-0.0004862383;6.182315;78;0.1198395;84;3.898161;6.297276;305;6.062476
62;62005;60009;61004;1.344888E-09;1;ОС-1:;состояние1_k-11.sig;1 дополнительное:;состояние2_k-37.sig;-0.1277816;-0.000820554;6.182315;78;0.08422009;536;3.899258;6.262489;442;6.098095
62;62005;60009;61004;1.344888E-09;1;ОС-1:;состояние1_k-11.sig;1 дополнительное:;состояние2_k-38.sig;-0.1277816;-0.0004764336;6.182315;78;0.06265604;436;3.898509;6.244278;305;6.119659
62;62005;60009;61004;1.344888E-09;1;ОС-1:;состояние1_k-11.sig;1 дополнительное:;состояние2_k-39.sig;-0.1277816;0.000104551;6.182315;78;0.08671535;341;3.897646;6.264498;214;6.0956
62;62005;60009;61004;1.344888E-09;1;ОС-1:;состояние1_k-11.sig;1 дополнительное:;состояние2_k-40.sig;-0.1277816;-1.456589E-08;6.182315;78;0.1338494;2;3.898057;6.315907;578;6.048466
62;62005;60009;61004;1.344888E-09;1;ОС-1:;состояние1_k-12.sig;1 дополнительное:;состояние2_k-21.sig;-0.1562969;0.007779718;5.795911;59;0.72449;207;3.704066;6.51769;17;5.071421
62;62005;60009;61004;1.344888E-09;1;ОС-1:;состояние1_k-12.sig;1 дополнительное:;состояние2_k-22.sig;-0.1562969;0.005326562;5.795911;59;0.3991138;190;3.687308;6.186078;100;5.396798
62;62005;60009;61004;1.344888E-09;1;ОС-1:;состояние1_k-12.sig;1 дополнительное:;состояние2_k-23.sig;-0.1562969;0.000632027;5.795911;59;0.168926;738;3.682374;5.964676;434;5.626986
62;62005;60009;61004;1.344888E-09;1;ОС-1:;состояние1_k-12.sig;1 дополнительное:;состояние2_k-24.sig;-0.1562969;-0.0009410661;5.795911;59;0.09877497;26;3.68349;5.824811;101;5.697136
62;62005;60009;61004;1.344888E-09;1;ОС-1:;состояние1_k-12.sig;1 дополнительное:;состояние2_k-25.sig;-0.1562969;0;5.795911;59;0.1598792;15;3.685051;5.95081;476;5.636032
62;62005;60009;61004;1.344888E-09;1;ОС-1:;состояние1_k-12.sig;1 дополнительное:;состояние2_k-26.sig;-0.1562969;0.0007134402;5.795911;59;0.1947298;354;3.685064;5.989016;142;5.601182
62;62005;60009;61004;1.344888E-09;1;ОС-1:;состояние1_k-12.sig;1 дополнительное:;состояние2_k-27.sig;-0.1562969;0.0003474566;5.795911;59;0.1909253;780;3.684836;5.983063;392;5.604986
62;62005;60009;61004;1.344888E-09;1;ОС-1:;состояние1_k-12.sig;1 дополнительное:;состояние2_k-28.sig;-0.1562969;-0.0001195009;5.795911;59;0.1605338;176;3.683593;5.923674;101;5.635377
62;62005;60009;61004;1.344888E-09;1;ОС-1:;состояние1_k-12.sig;1 дополнительное:;состояние2_k-29.sig;-0.1562969;-7.46366E-05;5.795911;59;0.1210865;787;3.683066;5.916615;684;5.674825
62;62005;60009;61004;1.344888E-09;1;ОС-1:;состояние1_k-12.sig;1 дополнительное:;состояние2_k-30.sig;-0.1562969;0;5.795911;59;0.0973112;92;3.682116;5.893027;309;5.6986
62;62005;60009;61004;1.344888E-09;1;ОС-1:;состояние1_k-12.sig;1 дополнительное:;состояние2_k-31.sig;-0.1562969;-0.000334204;5.795911;59;0.1073033;442;3.68162;5.903207;184;5.688608
62;62005;60009;61004;1.344888E-09;1;ОС-1:;состояние1_k-12.sig;1 дополнительное:;состояние2_k-32.sig;-0.1562969;-0.0006819315;5.795911;59;0.1335791;19;3.681348;5.918752;17;5.662332
62;62005;60009;61004;1.344888E-09;1;ОС-1:;состояние1_k-12.sig;1 дополнительное:;состояние2_k-33.sig;-0.1562969;-0.0005070158;5.795911;59;0.1541499;560;3.679674;5.946816;59;5.641761
62;62005;60009;61004;1.344888E-09;1;ОС-1:;состояние1_k-12.sig;1 дополнительное:;состояние2_k-34.sig;-0.1562969;-4.618339E-05;5.795911;59;0.1595066;10;3.677622;5.953887;142;5.636405
62;62005;60009;61004;1.344888E-09;1;ОС-1:;состояние1_k-12.sig;1 дополнительное:;состояние2_k-35.sig;-0.1562969;0;5.795911;59;0.147375;34;3.676746;5.943286;434;5.648536
62;62005;60009;61004;1.344888E-09;1;ОС-1:;состояние1_k-12.sig;1 дополнительное:;состояние2_k-36.sig;-0.1562969;-0.0004862383;5.795911;59;0.1198395;84;3.703841;5.701534;101;5.676072
62;62005;60009;61004;1.344888E-09;1;ОС-1:;состояние1_k-12.sig;1 дополнительное:;состояние2_k-37.sig;-0.1562969;-0.000820554;5.795911;59;0.08422009;536;3.681166;5.879192;184;5.711691
62;62005;60009;61004;1.344888E-09;1;ОС-1:;состояние1_k-12.sig;1 дополнительное:;состояние2_k-38.sig;-0.1562969;-0.0004764336;5.795911;59;0.06265604;436;3.684131;5.855552;476;5.733255
62;62005;60009;61004;1.344888E-09;1;ОС-1:;состояние1_k-12.sig;1 дополнительное:;состояние2_k-39.sig;-0.1562969;0.000104551;5.795911;59;0.08671535;341;3.685036;5.882615;559;5.709196
62;62005;60009;61004;1.344888E-09;1;ОС-1:;состояние1_k-12.sig;1 дополнительное:;состояние2_k-40.sig;-0.1562969;-1.456589E-08;5.795911;59;0.1338494;2;3.684416;5.919046;101;5.662062
62;62005;60009;61004;1.344888E-09;1;ОС-1:;состояние1_k-13.sig;1 дополнительное:;состояние2_k-21.sig;-0.1014179;0.007779718;5.29867;43;0.72449;207;3.403123;6.013453;159;4.57418
62;62005;60009;61004;1.344888E-09;1;ОС-1:;состояние1_k-13.sig;1 дополнительное:;состояние2_k-22.sig;-0.1014179;0.005326562;5.29867;43;0.3991138;190;3.379859;5.696413;235;4.899556
62;62005;60009;61004;1.344888E-09;1;ОС-1:;состояние1_k-13.sig;1 дополнительное:;состояние2_k-23.sig;-0.1014179;0.000632027;5.29867;43;0.168926;738;3.368405;5.46514;389;5.129744
62;62005;60009;61004;1.344888E-09;1;ОС-1:;состояние1_k-13.sig;1 дополнительное:;состояние2_k-24.sig;-0.1014179;-0.0009410661;5.29867;43;0.09877497;26;3.36867;5.396295;235;5.199895
62;62005;60009;61004;1.344888E-09;1;ОС-1:;состояние1_k-13.sig;1 дополнительное:;состояние2_k-25.sig;-0.1014179;0;5.29867;43;0.1598792;15;3.372544;5.455247;274;5.138791
62;62005;60009;61004;1.344888E-09;1;ОС-1:;состояние1_k-13.sig;1 дополнительное:;состояние2_k-26.sig;-0.1014179;0.0007134402;5.29867;43;0.1947298;354;3.373288;5.467714;774;5.10394
62;62005;60009;61004;1.344888E-09;1;ОС-1:;состояние1_k-13.sig;1 дополнительное:;состояние2_k-27.sig;-0.1014179;0.0003474566;5.29867;43;0.1909253;780;3.370713;5.485603;428;5.107745
62;62005;60009;61004;1.344888E-09;1;ОС-1:;состояние1_k-13.sig;1 дополнительное:;состояние2_k-28.sig;-0.1014179;-0.0001195009;5.29867;43;0.1605338;176;3.3678;5.457962;658;5.138136
62;62005;60009;61004;1.344888E-09;1;ОС-1:;состояние1_k-13.sig;1 дополнительное:;состояние2_k-29.sig;-0.1014179;-7.46366E-05;5.29867;43;0.1210865;787;3.366996;5.419038;235;5.177583
62;62005;60009;61004;1.344888E-09;1;ОС-1:;состояние1_k-13.sig;1 дополнительное:;состояние2_k-30.sig;-0.1014179;0;5.29867;43;0.0973112;92;3.366873;5.394245;43;5.201359
62;62005;60009;61004;1.344888E-09;1;ОС-1:;состояние1_k-13.sig;1 дополнительное:;состояние2_k-31.sig;-0.1014179;-0.000334204;5.29867;43;0.1073033;442;3.366901;5.403959;312;5.191367
62;62005;60009;61004;1.344888E-09;1;ОС-1:;состояние1_k-13.sig;1 дополнительное:;состояние2_k-32.sig;-0.1014179;-0.0006819315;5.29867;43;0.1335791;19;3.367401;5.429754;81;5.165091
62;62005;60009;61004;1.344888E-09;1;ОС-1:;состояние1_k-13.sig;1 дополнительное:;состояние2_k-33.sig;-0.1014179;-0.0005070158;5.29867;43;0.1541499;560;3.369359;5.451253;120;5.14452
62;62005;60009;61004;1.344888E-09;1;ОС-1:;состояние1_k-13.sig;1 дополнительное:;состояние2_k-34.sig;-0.1014179;-4.618339E-05;5.29867;43;0.1595066;10;3.370387;5.45463;774;5.139163
62;62005;60009;61004;1.344888E-09;1;ОС-1:;состояние1_k-13.sig;1 дополнительное:;состояние2_k-35.sig;-0.1014179;0;5.29867;43;0.147375;34;3.369114;5.44174;235;5.151295
62;62005;60009;61004;1.344888E-09;1;ОС-1:;состояние1_k-13.sig;1 дополнительное:;состояние2_k-36.sig;-0.1014179;-0.0004862383;5.29867;43;0.1198395;84;3.366039;5.417624;389;5.17883
62;62005;60009;61004;1.344888E-09;1;ОС-1:;состояние1_k-13.sig;1 дополнительное:;состояние2_k-37.sig;-0.1014179;-0.000820554;5.29867;43;0.08422009;536;3.36498;5.381344;158;5.21445
62;62005;60009;61004;1.344888E-09;1;ОС-1:;состояние1_k-13.sig;1 дополнительное:;состояние2_k-38.sig;-0.1014179;-0.0004764336;5.29867;43;0.06265604;436;3.367175;5.360845;620;5.236014
62;62005;60009;61004;1.344888E-09;1;ОС-1:;состояние1_k-13.sig;1 дополнительное:;состояние2_k-39.sig;-0.1014179;0.000104551;5.29867;43;0.08671535;341;3.355871;5.362911;351;5.211955
62;62005;60009;61004;1.344888E-09;1;ОС-1:;состояние1_k-13.sig;1 дополнительное:;состояние2_k-40.sig;-0.1014179;-1.456589E-08;5.29867;43;0.1338494;2;3.375947;5.420448;4;5.164821
62;62005;60009;61004;1.344888E-09;1;ОС-1:;состояние1_k-14.sig;1 дополнительное:;состояние2_k-21.sig;-0.03134365;0.007779718;4.720346;172;0.72449;207;3.018095;5.442174;779;3.995857
62;62005;60009;61004;1.344888E-09;1;ОС-1:;состояние1_k-14.sig;1 дополнительное:;состояние2_k-22.sig;-0.03134365;0.005326562;4.720346;172;0.3991138;190;3.001552;5.105128;29;4.321233
62;62005;60009;61004;1.344888E-09;1;ОС-1:;состояние1_k-14.sig;1 дополнительное:;состояние2_k-23.sig;-0.03134365;0.000632027;4.720346;172;0.168926;738;2.989159;4.888076;672;4.551421
62;62005;60009;61004;1.344888E-09;1;ОС-1:;состояние1_k-14.sig;1 дополнительное:;состояние2_k-24.sig;-0.03134365;-0.0009410661;4.720346;172;0.09877497;26;2.985842;4.819066;172;4.621572
62;62005;60009;61004;1.344888E-09;1;ОС-1:;состояние1_k-14.sig;1 дополнительное:;состояние2_k-25.sig;-0.03134365;0;4.720346;172;0.1598792;15;2.988322;4.879865;315;4.560467
62;62005;60009;61004;1.344888E-09;1;ОС-1:;состояние1_k-14.sig;1 дополнительное:;состояние2_k-26.sig;-0.03134365;0.0007134402;4.720346;172;0.1947298;354;2.99092;4.90504;29;4.525617
62;62005;60009;61004;1.344888E-09;1;ОС-1:;состояние1_k-14.sig;1 дополнительное:;состояние2_k-27.sig;-0.03134365;0.0003474566;4.720346;172;0.1909253;780;2.990021;4.908712;779;4.529421
62;62005;60009;61004;1.344888E-09;1;ОС-1:;состояние1_k-14.sig;1 дополнительное:;состояние2_k-28.sig;-0.03134365;-0.0001195009;4.720346;172;0.1605338;176;2.987755;4.847357;351;4.559813
62;62005;60009;61004;1.344888E-09;1;ОС-1:;состояние1_k-14.sig;1 дополнительное:;состояние2_k-29.sig;-0.03134365;-7.46366E-05;4.720346;172;0.1210865;787;2.985846;4.840302;529;4.59926
62;62005;60009;61004;1.344888E-09;1;ОС-1:;состояние1_k-14.sig;1 дополнительное:;состояние2_k-30.sig;-0.03134365;0;4.720346;172;0.0973112;92;2.985452;4.812525;243;4.623035
62;62005;60009;61004;1.344888E-09;1;ОС-1:;состояние1_k-14.sig;1 дополнительное:;состояние2_k-31.sig;-0.03134365;-0.000334204;4.720346;172;0.1073033;442;2.984969;4.826148;458;4.613043
62;62005;60009;61004;1.344888E-09;1;ОС-1:;состояние1_k-14.sig;1 дополнительное:;состояние2_k-32.sig;-0.03134365;-0.0006819315;4.720346;172;0.1335791;19;2.98506;4.851958;315;4.586767
62;62005;60009;61004;1.344888E-09;1;ОС-1:;состояние1_k-14.sig;1 дополнительное:;состояние2_k-33.sig;-0.03134365;-0.0005070158;4.720346;172;0.1541499;560;2.985509;4.872768;136;4.566196
62;62005;60009;61004;1.344888E-09;1;ОС-1:;состояние1_k-14.sig;1 дополнительное:;состояние2_k-34.sig;-0.03134365;-4.618339E-05;4.720346;172;0.1595066;10;2.98741;4.879636;172;4.56084
62;62005;60009;61004;1.344888E-09;1;ОС-1:;состояние1_k-14.sig;1 дополнительное:;состояние2_k-35.sig;-0.03134365;0;4.720346;172;0.147375;34;2.987688;4.851833;493;4.572971
62;62005;60009;61004;1.344888E-09;1;ОС-1:;состояние1_k-14.sig;1 дополнительное:;состояние2_k-36.sig;-0.03134365;-0.0004862383;4.720346;172;0.1198395;84;2.987178;4.83894;279;4.600507
62;62005;60009;61004;1.344888E-09;1;ОС-1:;состояние1_k-14.sig;1 дополнительное:;состояние2_k-37.sig;-0.03134365;-0.000820554;4.720346;172;0.08422009;536;2.985799;4.804051;779;4.636127
62;62005;60009;61004;1.344888E-09;1;ОС-1:;состояние1_k-14.sig;1 дополнительное:;состояние2_k-38.sig;-0.03134365;-0.0004764336;4.720346;172;0.06265604;436;2.984843;4.78126;29;4.657691
62;62005;60009;61004;1.344888E-09;1;ОС-1:;состояние1_k-14.sig;1 дополнительное:;состояние2_k-39.sig;-0.03134365;0.000104551;4.720346;172;0.08671535;341;2.986219;4.805489;136;4.633631
62;62005;60009;61004;1.344888E-09;1;ОС-1:;состояние1_k-14.sig;1 дополнительное:;состояние2_k-40.sig;-0.03134365;-1.456589E-08;4.720346;172;0.1338494;2;2.989597;4.854769;315;4.586497
62;62005;60009;61004;1.344888E-09;1;ОС-1:;состояние1_k-15.sig;1 дополнительное:;состояние2_k-21.sig;0;0.007779718;4.090609;84;0.72449;207;2.629123;4.739639;85;3.366119
62;62005;60009;61004;1.344888E-09;1;ОС-1:;состояние1_k-15.sig;1 дополнительное:;состояние2_k-22.sig;0;0.005326562;4.090609;84;0.3991138;190;2.616627;4.481584;484;3.691495
62;62005;60009;61004;1.344888E-09;1;ОС-1:;состояние1_k-15.sig;1 дополнительное:;состояние2_k-23.sig;0;0.000632027;4.090609;84;0.168926;738;2.608348;4.256133;151;3.921683
62;62005;60009;61004;1.344888E-09;1;ОС-1:;состояние1_k-15.sig;1 дополнительное:;состояние2_k-24.sig;0;-0.0009410661;4.090609;84;0.09877497;26;2.604702;4.188337;317;3.991834
62;62005;60009;61004;1.344888E-09;1;ОС-1:;состояние1_k-15.sig;1 дополнительное:;состояние2_k-25.sig;0;0;4.090609;84;0.1598792;15;2.60523;4.21825;51;3.930729
62;62005;60009;61004;1.344888E-09;1;ОС-1:;состояние1_k-15.sig;1 дополнительное:;состояние2_k-26.sig;0;0.0007134402;4.090609;84;0.1947298;354;2.606721;4.283851;584;3.895879
62;62005;60009;61004;1.344888E-09;1;ОС-1:;состояние1_k-15.sig;1 дополнительное:;состояние2_k-27.sig;0;0.0003474566;4.090609;84;0.1909253;780;2.607091;4.254438;351;3.899683
62;62005;60009;61004;1.344888E-09;1;ОС-1:;состояние1_k-15.sig;1 дополнительное:;состояние2_k-28.sig;0;-0.0001195009;4.090609;84;0.1605338;176;2.606388;4.249206;784;3.930075
62;62005;60009;61004;1.344888E-09;1;ОС-1:;состояние1_k-15.sig;1 дополнительное:;состояние2_k-29.sig;0;-7.46366E-05;4.090609;84;0.1210865;787;2.605385;4.208855;217;3.969522
62;62005;60009;61004;1.344888E-09;1;ОС-1:;состояние1_k-15.sig;1 дополнительное:;состояние2_k-30.sig;0;0;4.090609;84;0.0973112;92;2.604385;4.099476;51;3.993297
62;62005;60009;61004;1.344888E-09;1;ОС-1:;состояние1_k-15.sig;1 дополнительное:;состояние2_k-31.sig;0;-0.000334204;4.090609;84;0.1073033;442;2.604658;4.197904;184;3.983305
62;62005;60009;61004;1.344888E-09;1;ОС-1:;состояние1_k-15.sig;1 дополнительное:;состояние2_k-32.sig;0;-0.0006819315;4.090609;84;0.1335791;19;2.604946;4.223461;284;3.95703
62;62005;60009;61004;1.344888E-09;1;ОС-1:;состояние1_k-15.sig;1 дополнительное:;состояние2_k-33.sig;0;-0.0005070158;4.090609;84;0.1541499;560;2.605306;4.244578;484;3.936459
62;62005;60009;61004;1.344888E-09;1;ОС-1:;состояние1_k-15.sig;1 дополнительное:;состояние2_k-34.sig;0;-4.618339E-05;4.090609;84;0.1595066;10;2.605325;4.249279;84;3.931102
62;62005;60009;61004;1.344888E-09;1;ОС-1:;состояние1_k-15.sig;1 дополнительное:;состояние2_k-35.sig;0;0;4.090609;84;0.147375;34;2.605854;4.217159;18;3.943233
62;62005;60009;61004;1.344888E-09;1;ОС-1:;состояние1_k-15.sig;1 дополнительное:;состояние2_k-36.sig;0;-0.0004862383;4.090609;84;0.1198395;84;2.604573;4.210448;584;3.970769
62;62005;60009;61004;1.344888E-09;1;ОС-1:;состояние1_k-15.sig;1 дополнительное:;состояние2_k-37.sig;0;-0.000820554;4.090609;84;0.08422009;536;2.604581;4.17389;184;4.006389
62;62005;60009;61004;1.344888E-09;1;ОС-1:;состояние1_k-15.sig;1 дополнительное:;состояние2_k-38.sig;0;-0.0004764336;4.090609;84;0.06265604;436;2.60495;4.152603;384;4.027953
62;62005;60009;61004;1.344888E-09;1;ОС-1:;состояние1_k-15.sig;1 дополнительное:;состояние2_k-39.sig;0;0.000104551;4.090609;84;0.08671535;341;2.605172;4.169624;317;4.003893
62;62005;60009;61004;1.344888E-09;1;ОС-1:;состояние1_k-15.sig;1 дополнительное:;состояние2_k-40.sig;0;-1.456589E-08;4.090609;84;0.1338494;2;2.604713;4.212914;51;3.956759
62;62005;60009;61004;1.344888E-09;1;ОС-1:;состояние1_k-16.sig;1 дополнительное:;состояние2_k-21.sig;-0.010547;0.007779718;3.43944;7;0.72449;207;2.226971;4.159863;350;2.71495
62;62005;60009;61004;1.344888E-09;1;ОС-1:;состояние1_k-16.sig;1 дополнительное:;состояние2_k-22.sig;-0.010547;0.005326562;3.43944;7;0.3991138;190;2.216103;3.833159;257;3.040326
62;62005;60009;61004;1.344888E-09;1;ОС-1:;состояние1_k-16.sig;1 дополнительное:;состояние2_k-23.sig;-0.010547;0.000632027;3.43944;7;0.168926;738;2.212514;3.607389;194;3.270514
62;62005;60009;61004;1.344888E-09;1;ОС-1:;состояние1_k-16.sig;1 дополнительное:;состояние2_k-24.sig;-0.010547;-0.0009410661;3.43944;7;0.09877497;26;2.20823;3.534194;7;3.340665
62;62005;60009;61004;1.344888E-09;1;ОС-1:;состояние1_k-16.sig;1 дополнительное:;состояние2_k-25.sig;-0.010547;0;3.43944;7;0.1598792;15;2.205992;3.597382;194;3.27956
62;62005;60009;61004;1.344888E-09;1;ОС-1:;состояние1_k-16.sig;1 дополнительное:;состояние2_k-26.sig;-0.010547;0.0007134402;3.43944;7;0.1947298;354;2.207319;3.632365;257;3.24471
62;62005;60009;61004;1.344888E-09;1;ОС-1:;состояние1_k-16.sig;1 дополнительное:;состояние2_k-27.sig;-0.010547;0.0003474566;3.43944;7;0.1909253;780;2.210105;3.63022;132;3.248514
62;62005;60009;61004;1.344888E-09;1;ОС-1:;состояние1_k-16.sig;1 дополнительное:;состояние2_k-28.sig;-0.010547;-0.0001195009;3.43944;7;0.1605338;176;2.21067;3.599486;194;3.278906
62;62005;60009;61004;1.344888E-09;1;ОС-1:;состояние1_k-16.sig;1 дополнительное:;состояние2_k-29.sig;-0.010547;-7.46366E-05;3.43944;7;0.1210865;787;2.209301;3.560474;632;3.318353
62;62005;60009;61004;1.344888E-09;1;ОС-1:;состояние1_k-16.sig;1 дополнительное:;состояние2_k-30.sig;-0.010547;0;3.43944;7;0.0973112;92;2.208057;3.532926;226;3.342128
62;62005;60009;61004;1.344888E-09;1;ОС-1:;состояние1_k-16.sig;1 дополнительное:;состояние2_k-31.sig;-0.010547;-0.000334204;3.43944;7;0.1073033;442;2.207305;3.546392;538;3.332136
62;62005;60009;61004;1.344888E-09;1;ОС-1:;состояние1_k-16.sig;1 дополнительное:;состояние2_k-32.sig;-0.010547;-0.0006819315;3.43944;7;0.1335791;19;2.206764;3.545561;69;3.305861
62;62005;60009;61004;1.344888E-09;1;ОС-1:;состояние1_k-16.sig;1 дополнительное:;состояние2_k-33.sig;-0.010547;-0.0005070158;3.43944;7;0.1541499;560;2.206064;3.593585;757;3.28529
62;62005;60009;61004;1.344888E-09;1;ОС-1:;состояние1_k-16.sig;1 дополнительное:;состояние2_k-34.sig;-0.010547;-4.618339E-05;3.43944;7;0.1595066;10;2.205955;3.598403;319;3.279933
62;62005;60009;61004;1.344888E-09;1;ОС-1:;состояние1_k-16.sig;1 дополнительное:;состояние2_k-35.sig;-0.010547;0;3.43944;7;0.147375;34;2.206558;3.586951;663;3.292064
62;62005;60009;61004;1.344888E-09;1;ОС-1:;состояние1_k-16.sig;1 дополнительное:;состояние2_k-36.sig;-0.010547;-0.0004862383;3.43944;7;0.1198395;84;2.20784;3.554926;69;3.3196
62;62005;60009;61004;1.344888E-09;1;ОС-1:;состояние1_k-16.sig;1 дополнительное:;состояние2_k-37.sig;-0.010547;-0.000820554;3.43944;7;0.08422009;536;2.207479;3.519699;725;3.355219
62;62005;60009;61004;1.344888E-09;1;ОС-1:;состояние1_k-16.sig;1 дополнительное:;состояние2_k-38.sig;-0.010547;-0.0004764336;3.43944;7;0.06265604;436;2.206415;3.498676;132;3.376783
62;62005;60009;61004;1.344888E-09;1;ОС-1:;состояние1_k-16.sig;1 дополнительное:;состояние2_k-39.sig;-0.010547;0.000104551;3.43944;7;0.08671535;341;2.206464;3.525057;507;3.352724
62;62005;60009;61004;1.344888E-09;1;ОС-1:;состояние1_k-16.sig;1 дополнительное:;состояние2_k-40.sig;-0.010547;-1.456589E-08;3.43944;7;0.1338494;2;2.207126;3.562088;101;3.30559
62;62005;60009;61004;1.344888E-09;1;ОС-1:;состояние1_k-17.sig;1 дополнительное:;состояние2_k-21.sig;-0.03113622;0.007779718;2.796869;174;0.72449;207;1.819945;3.516281;468;2.072379
62;62005;60009;61004;1.344888E-09;1;ОС-1:;состояние1_k-17.sig;1 дополнительное:;состояние2_k-22.sig;-0.03113622;0.005326562;2.796869;174;0.3991138;190;1.79233;3.192667;145;2.397755
62;62005;60009;61004;1.344888E-09;1;ОС-1:;состояние1_k-17.sig;1 дополнительное:;состояние2_k-23.sig;-0.03113622;0.000632027;2.796869;174;0.168926;738;1.789776;2.964967;86;2.627943
62;62005;60009;61004;1.344888E-09;1;ОС-1:;состояние1_k-17.sig;1 дополнительное:;состояние2_k-24.sig;-0.03113622;-0.0009410661;2.796869;174;0.09877497;26;1.788286;2.89434;27;2.698094
62;62005;60009;61004;1.344888E-09;1;ОС-1:;состояние1_k-17.sig;1 дополнительное:;состояние2_k-25.sig;-0.03113622;0;2.796869;174;0.1598792;15;1.784989;2.956188;115;2.63699
62;62005;60009;61004;1.344888E-09;1;ОС-1:;состояние1_k-17.sig;1 дополнительное:;состояние2_k-26.sig;-0.03113622;0.0007134402;2.796869;174;0.1947298;354;1.784487;2.991553;527;2.602139
62;62005;60009;61004;1.344888E-09;1;ОС-1:;состояние1_k-17.sig;1 дополнительное:;состояние2_k-27.sig;-0.03113622;0.0003474566;2.796869;174;0.1909253;780;1.786577;2.985793;262;2.605943
62;62005;60009;61004;1.344888E-09;1;ОС-1:;состояние1_k-17.sig;1 дополнительное:;состояние2_k-28.sig;-0.03113622;-0.0001195009;2.796869;174;0.1605338;176;1.788478;2.955432;586;2.636335
62;62005;60009;61004;1.344888E-09;1;ОС-1:;состояние1_k-17.sig;1 дополнительное:;состояние2_k-29.sig;-0.03113622;-7.46366E-05;2.796869;174;0.1210865;787;1.788345;2.917071;115;2.675782
62;62005;60009;61004;1.344888E-09;1;ОС-1:;состояние1_k-17.sig;1 дополнительное:;состояние2_k-30.sig;-0.03113622;0;2.796869;174;0.0973112;92;1.78733;2.8925;409;2.699558
62;62005;60009;61004;1.344888E-09;1;ОС-1:;состояние1_k-17.sig;1 дополнительное:;состояние2_k-31.sig;-0.03113622;-0.000334204;2.796869;174;0.1073033;442;1.787085;2.902815;233;2.689566
62;62005;60009;61004;1.344888E-09;1;ОС-1:;состояние1_k-17.sig;1 дополнительное:;состояние2_k-32.sig;-0.03113622;-0.0006819315;2.796869;174;0.1335791;19;1.786316;2.928237;409;2.66329
62;62005;60009;61004;1.344888E-09;1;ОС-1:;состояние1_k-17.sig;1 дополнительное:;состояние2_k-33.sig;-0.03113622;-0.0005070158;2.796869;174;0.1541499;560;1.785235;2.94958;439;2.642719
62;62005;60009;61004;1.344888E-09;1;ОС-1:;состояние1_k-17.sig;1 дополнительное:;состояние2_k-34.sig;-0.03113622;-4.618339E-05;2.796869;174;0.1595066;10;1.784846;2.941456;703;2.637362
62;62005;60009;61004;1.344888E-09;1;ОС-1:;состояние1_k-17.sig;1 дополнительное:;состояние2_k-35.sig;-0.03113622;0;2.796869;174;0.147375;34;1.783629;2.942232;262;2.649494
62;62005;60009;61004;1.344888E-09;1;ОС-1:;состояние1_k-17.sig;1 дополнительное:;состояние2_k-36.sig;-0.03113622;-0.0004862383;2.796869;174;0.1198395;84;1.784552;2.914452;292;2.677029
62;62005;60009;61004;1.344888E-09;1;ОС-1:;состояние1_k-17.sig;1 дополнительное:;состояние2_k-37.sig;-0.03113622;-0.000820554;2.796869;174;0.08422009;536;1.78596;2.880411;468;2.712649
62;62005;60009;61004;1.344888E-09;1;ОС-1:;состояние1_k-17.sig;1 дополнительное:;состояние2_k-38.sig;-0.03113622;-0.0004764336;2.796869;174;0.06265604;436;1.785377;2.857236;527;2.734213
62;62005;60009;61004;1.344888E-09;1;ОС-1:;состояние1_k-17.sig;1 дополнительное:;состояние2_k-39.sig;-0.03113622;0.000104551;2.796869;174;0.08671535;341;1.784279;2.883323;174;2.710153
62;62005;60009;61004;1.344888E-09;1;ОС-1:;состояние1_k-17.sig;1 дополнительное:;состояние2_k-40.sig;-0.03113622;-1.456589E-08;2.796869;174;0.1338494;2;1.784126;2.931092;115;2.663019
62;62005;60009;61004;1.344888E-09;1;ОС-1:;состояние1_k-18.sig;1 дополнительное:;состояние2_k-21.sig;-0.0341874;0.007779718;2.185324;156;0.72449;207;1.459769;2.908113;17;1.460834
62;62005;60009;61004;1.344888E-09;1;ОС-1:;состояние1_k-18.sig;1 дополнительное:;состояние2_k-22.sig;-0.0341874;0.005326562;2.185324;156;0.3991138;190;1.406301;2.579285;212;1.78621
62;62005;60009;61004;1.344888E-09;1;ОС-1:;состояние1_k-18.sig;1 дополнительное:;состояние2_k-23.sig;-0.0341874;0.000632027;2.185324;156;0.168926;738;1.393752;2.351331;739;2.016398
62;62005;60009;61004;1.344888E-09;1;ОС-1:;состояние1_k-18.sig;1 дополнительное:;состояние2_k-24.sig;-0.0341874;-0.0009410661;2.185324;156;0.09877497;26;1.393495;2.280363;45;2.086549
62;62005;60009;61004;1.344888E-09;1;ОС-1:;состояние1_k-18.sig;1 дополнительное:;состояние2_k-25.sig;-0.0341874;0;2.185324;156;0.1598792;15;1.392997;2.344948;295;2.025445
62;62005;60009;61004;1.344888E-09;1;ОС-1:;состояние1_k-18.sig;1 дополнительное:;состояние2_k-26.sig;-0.0341874;0.0007134402;2.185324;156;0.1947298;354;1.39205;2.378339;239;1.990594
62;62005;60009;61004;1.344888E-09;1;ОС-1:;состояние1_k-18.sig;1 дополнительное:;состояние2_k-27.sig;-0.0341874;0.0003474566;2.185324;156;0.1909253;780;1.392296;2.347553;740;1.994398
62;62005;60009;61004;1.344888E-09;1;ОС-1:;состояние1_k-18.sig;1 дополнительное:;состояние2_k-28.sig;-0.0341874;-0.0001195009;2.185324;156;0.1605338;176;1.393405;2.342529;462;2.02479
62;62005;60009;61004;1.344888E-09;1;ОС-1:;состояние1_k-18.sig;1 дополнительное:;состояние2_k-29.sig;-0.0341874;-7.46366E-05;2.185324;156;0.1210865;787;1.393646;2.305353;45;2.064237
62;62005;60009;61004;1.344888E-09;1;ОС-1:;состояние1_k-18.sig;1 дополнительное:;состояние2_k-30.sig;-0.0341874;0;2.185324;156;0.0973112;92;1.392884;2.270041;128;2.088012
62;62005;60009;61004;1.344888E-09;1;ОС-1:;состояние1_k-18.sig;1 дополнительное:;состояние2_k-31.sig;-0.0341874;-0.000334204;2.185324;156;0.1073033;442;1.39224;2.291764;184;2.078021
62;62005;60009;61004;1.344888E-09;1;ОС-1:;состояние1_k-18.sig;1 дополнительное:;состояние2_k-32.sig;-0.0341874;-0.0006819315;2.185324;156;0.1335791;19;1.392503;2.318193;378;2.051745
62;62005;60009;61004;1.344888E-09;1;ОС-1:;состояние1_k-18.sig;1 дополнительное:;состояние2_k-33.sig;-0.0341874;-0.0005070158;2.185324;156;0.1541499;560;1.392038;2.339134;545;2.031174
62;62005;60009;61004;1.344888E-09;1;ОС-1:;состояние1_k-18.sig;1 дополнительное:;состояние2_k-34.sig;-0.0341874;-4.618339E-05;2.185324;156;0.1595066;10;1.390958;2.343828;128;2.025817
62;62005;60009;61004;1.344888E-09;1;ОС-1:;состояние1_k-18.sig;1 дополнительное:;состояние2_k-35.sig;-0.0341874;0;2.185324;156;0.147375;34;1.390408;2.33142;406;2.037949
62;62005;60009;61004;1.344888E-09;1;ОС-1:;состояние1_k-18.sig;1 дополнительное:;состояние2_k-36.sig;-0.0341874;-0.0004862383;2.185324;156;0.1198395;84;1.390858;2.289641;100;2.065484
62;62005;60009;61004;1.344888E-09;1;ОС-1:;состояние1_k-18.sig;1 дополнительное:;состояние2_k-37.sig;-0.0341874;-0.000820554;2.185324;156;0.08422009;536;1.390763;2.268028;239;2.101104
62;62005;60009;61004;1.344888E-09;1;ОС-1:;состояние1_k-18.sig;1 дополнительное:;состояние2_k-38.sig;-0.0341874;-0.0004764336;2.185324;156;0.06265604;436;1.390996;2.244689;212;2.122668
62;62005;60009;61004;1.344888E-09;1;ОС-1:;состояние1_k-18.sig;1 дополнительное:;состояние2_k-39.sig;-0.0341874;0.000104551;2.185324;156;0.08671535;341;1.39076;2.269858;239;2.098608
62;62005;60009;61004;1.344888E-09;1;ОС-1:;состояние1_k-18.sig;1 дополнительное:;состояние2_k-40.sig;-0.0341874;-1.456589E-08;2.185324;156;0.1338494;2;1.390765;2.318389;128;2.051474
62;62005;60009;61004;1.344888E-09;1;ОС-1:;состояние1_k-19.sig;1 дополнительное:;состояние2_k-21.sig;-0.01835679;0.007779718;1.626349;403;0.72449;207;1.158622;2.34522;87;0.9018587
62;62005;60009;61004;1.344888E-09;1;ОС-1:;состояние1_k-19.sig;1 дополнительное:;состояние2_k-22.sig;-0.01835679;0.005326562;1.626349;403;0.3991138;190;1.072033;2.024832;8;1.227235
62;62005;60009;61004;1.344888E-09;1;ОС-1:;состояние1_k-19.sig;1 дополнительное:;состояние2_k-23.sig;-0.01835679;0.000632027;1.626349;403;0.168926;738;1.042723;1.792708;456;1.457423
62;62005;60009;61004;1.344888E-09;1;ОС-1:;состояние1_k-19.sig;1 дополнительное:;состояние2_k-24.sig;-0.01835679;-0.0009410661;1.626349;403;0.09877497;26;1.040819;1.722682;692;1.527574
62;62005;60009;61004;1.344888E-09;1;ОС-1:;состояние1_k-19.sig;1 дополнительное:;состояние2_k-25.sig;-0.01835679;0;1.626349;403;0.1598792;15;1.043819;1.783679;35;1.46647
62;62005;60009;61004;1.344888E-09;1;ОС-1:;состояние1_k-19.sig;1 дополнительное:;состояние2_k-26.sig;-0.01835679;0.0007134402;1.626349;403;0.1947298;354;1.043757;1.820515;8;1.431619
62;62005;60009;61004;1.344888E-09;1;ОС-1:;состояние1_k-19.sig;1 дополнительное:;состояние2_k-27.sig;-0.01835679;0.0003474566;1.626349;403;0.1909253;780;1.042387;1.814569;113;1.435423
62;62005;60009;61004;1.344888E-09;1;ОС-1:;состояние1_k-19.sig;1 дополнительное:;состояние2_k-28.sig;-0.01835679;-0.0001195009;1.626349;403;0.1605338;176;1.041883;1.786376;87;1.465815
62;62005;60009;61004;1.344888E-09;1;ОС-1:;состояние1_k-19.sig;1 дополнительное:;состояние2_k-29.sig;-0.01835679;-7.46366E-05;1.626349;403;0.1210865;787;1.041938;1.747124;166;1.505262
62;62005;60009;61004;1.344888E-09;1;ОС-1:;состояние1_k-19.sig;1 дополнительное:;состояние2_k-30.sig;-0.01835679;0;1.626349;403;0.0973112;92;1.041633;1.722408;508;1.529037
62;62005;60009;61004;1.344888E-09;1;ОС-1:;состояние1_k-19.sig;1 дополнительное:;состояние2_k-31.sig;-0.01835679;-0.000334204;1.626349;403;0.1073033;442;1.041411;1.731641;377;1.519045
62;62005;60009;61004;1.344888E-09;1;ОС-1:;состояние1_k-19.sig;1 дополнительное:;состояние2_k-32.sig;-0.01835679;-0.0006819315;1.626349;403;0.1335791;19;1.041538;1.757038;113;1.49277
62;62005;60009;61004;1.344888E-09;1;ОС-1:;состояние1_k-19.sig;1 дополнительное:;состояние2_k-33.sig;-0.01835679;-0.0005070158;1.626349;403;0.1541499;560;1.042071;1.780387;166;1.472199
62;62005;60009;61004;1.344888E-09;1;ОС-1:;состояние1_k-19.sig;1 дополнительное:;состояние2_k-34.sig;-0.01835679;-4.618339E-05;1.626349;403;0.1595066;10;1.041868;1.785556;745;1.466842
62;62005;60009;61004;1.344888E-09;1;ОС-1:;состояние1_k-19.sig;1 дополнительное:;состояние2_k-35.sig;-0.01835679;0;1.626349;403;0.147375;34;1.041141;1.772095;377;1.478974
62;62005;60009;61004;1.344888E-09;1;ОС-1:;состояние1_k-19.sig;1 дополнительное:;состояние2_k-36.sig;-0.01835679;-0.0004862383;1.626349;403;0.1198395;84;1.039802;1.745514;403;1.506509
62;62005;60009;61004;1.344888E-09;1;ОС-1:;состояние1_k-19.sig;1 дополнительное:;состояние2_k-37.sig;-0.01835679;-0.000820554;1.626349;403;0.08422009;536;1.039418;1.710467;482;1.542129
62;62005;60009;61004;1.344888E-09;1;ОС-1:;состояние1_k-19.sig;1 дополнительное:;состояние2_k-38.sig;-0.01835679;-0.0004764336;1.626349;403;0.06265604;436;1.039665;1.633761;297;1.563693
62;62005;60009;61004;1.344888E-09;1;ОС-1:;состояние1_k-19.sig;1 дополнительное:;состояние2_k-39.sig;-0.01835679;0.000104551;1.626349;403;0.08671535;341;1.040409;1.712254;8;1.539633
62;62005;60009;61004;1.344888E-09;1;ОС-1:;состояние1_k-19.sig;1 дополнительное:;состояние2_k-40.sig;-0.01835679;-1.456589E-08;1.626349;403;0.1338494;2;1.040459;1.760657;140;1.492499
62;62005;60009;61004;1.344888E-09;1;ОС-1:;состояние1_k-20.sig;1 дополнительное:;состояние2_k-21.sig;0;0.007779718;1.13563;25;0.72449;207;0.9079268;1.859937;350;0.4111397
62;62005;60009;61004;1.344888E-09;1;ОС-1:;состояние1_k-20.sig;1 дополнительное:;состояние2_k-22.sig;0;0.005326562;1.13563;25;0.3991138;190;0.7818699;1.531658;100;0.7365159
62;62005;60009;61004;1.344888E-09;1;ОС-1:;состояние1_k-20.sig;1 дополнительное:;состояние2_k-23.sig;0;0.000632027;1.13563;25;0.168926;738;0.7295939;1.304559;325;0.9667037
62;62005;60009;61004;1.344888E-09;1;ОС-1:;состояние1_k-20.sig;1 дополнительное:;состояние2_k-24.sig;0;-0.0009410661;1.13563;25;0.09877497;26;0.7202473;1.233432;150;1.036855
62;62005;60009;61004;1.344888E-09;1;ОС-1:;состояние1_k-20.sig;1 дополнительное:;состояние2_k-25.sig;0;0;1.13563;25;0.1598792;15;0.7267267;1.295509;75;0.9757504
62;62005;60009;61004;1.344888E-09;1;ОС-1:;состояние1_k-20.sig;1 дополнительное:;состояние2_k-26.sig;0;0.0007134402;1.13563;25;0.1947298;354;0.7301831;1.330307;200;0.9408999
62;62005;60009;61004;1.344888E-09;1;ОС-1:;состояние1_k-20.sig;1 дополнительное:;состояние2_k-27.sig;0;0.0003474566;1.13563;25;0.1909253;780;0.7285325;1.326389;150;0.9447044
62;62005;60009;61004;1.344888E-09;1;ОС-1:;состояние1_k-20.sig;1 дополнительное:;состояние2_k-28.sig;0;-0.0001195009;1.13563;25;0.1605338;176;0.7261853;1.27968;0;0.9750959
62;62005;60009;61004;1.344888E-09;1;ОС-1:;состояние1_k-20.sig;1 дополнительное:;состояние2_k-29.sig;0;-7.46366E-05;1.13563;25;0.1210865;787;0.7248247;1.25671;425;1.014543
62;62005;60009;61004;1.344888E-09;1;ОС-1:;состояние1_k-20.sig;1 дополнительное:;состояние2_k-30.sig;0;0;1.13563;25;0.0973112;92;0.7241803;1.232753;75;1.038318
62;62005;60009;61004;1.344888E-09;1;ОС-1:;состояние1_k-20.sig;1 дополнительное:;состояние2_k-31.sig;0;-0.000334204;1.13563;25;0.1073033;442;0.7239445;1.242923;700;1.028326
62;62005;60009;61004;1.344888E-09;1;ОС-1:;состояние1_k-20.sig;1 дополнительное:;состояние2_k-32.sig;0;-0.0006819315;1.13563;25;0.1335791;19;0.7242358;1.269171;50;1.002051
62;62005;60009;61004;1.344888E-09;1;ОС-1:;состояние1_k-20.sig;1 дополнительное:;состояние2_k-33.sig;0;-0.0005070158;1.13563;25;0.1541499;560;0.7257268;1.289712;575;0.9814798
62;62005;60009;61004;1.344888E-09;1;ОС-1:;состояние1_k-20.sig;1 дополнительное:;состояние2_k-34.sig;0;-4.618339E-05;1.13563;25;0.1595066;10;0.7269865;1.294802;25;0.9761231
62;62005;60009;61004;1.344888E-09;1;ОС-1:;состояние1_k-20.sig;1 дополнительное:;состояние2_k-35.sig;0;0;1.13563;25;0.147375;34;0.7262472;1.274256;76;0.9882547
62;62005;60009;61004;1.344888E-09;1;ОС-1:;состояние1_k-20.sig;1 дополнительное:;состояние2_k-36.sig;0;-0.0004862383;1.13563;25;0.1198395;84;0.7237843;1.254006;0;1.01579
62;62005;60009;61004;1.344888E-09;1;ОС-1:;состояние1_k-20.sig;1 дополнительное:;состояние2_k-37.sig;0;-0.000820554;1.13563;25;0.08422009;536;0.722288;1.219773;225;1.05141
62;62005;60009;61004;1.344888E-09;1;ОС-1:;состояние1_k-20.sig;1 дополнительное:;состояние2_k-38.sig;0;-0.0004764336;1.13563;25;0.06265604;436;0.7226763;1.197849;475;1.072974
62;62005;60009;61004;1.344888E-09;1;ОС-1:;состояние1_k-20.sig;1 дополнительное:;состояние2_k-39.sig;0;0.000104551;1.13563;25;0.08671535;341;0.7244022;1.222341;700;1.048914
62;62005;60009;61004;1.344888E-09;1;ОС-1:;состояние1_k-20.sig;1 дополнительное:;состояние2_k-40.sig;0;-1.456589E-08;1.13563;25;0.1338494;2;0.7264381;1.255014;1;1.00178
62;62006;59007;61005;-5.040056E-10;1;ОС-1:;состояние1_k-1.sig;1 дополнительное:;состояние2_k-21.sig;0.282411;0.008313756;1.266426;351;0.7872412;778;0.8331735;2.040993;373;0.4791849
62;62006;59007;61005;-5.040056E-10;1;ОС-1:;состояние1_k-1.sig;1 дополнительное:;состояние2_k-22.sig;0.282411;0.005555566;1.266426;351;0.4425874;235;0.7620449;1.708244;349;0.8238387
62;62006;59007;61005;-5.040056E-10;1;ОС-1:;состояние1_k-1.sig;1 дополнительное:;состояние2_k-23.sig;0.282411;0.0005803326;1.266426;351;0.1998261;129;0.7325776;1.458815;368;1.0666
62;62006;59007;61005;-5.040056E-10;1;ОС-1:;состояние1_k-1.sig;1 дополнительное:;состояние2_k-24.sig;0.282411;-0.0009491788;1.266426;351;0.1035653;110;0.725823;1.366576;340;1.162861
62;62006;59007;61005;-5.040056E-10;1;ОС-1:;состояние1_k-1.sig;1 дополнительное:;состояние2_k-25.sig;0.282411;0;1.266426;351;0.144291;15;0.7297546;1.410272;355;1.122135
62;62006;59007;61005;-5.040056E-10;1;ОС-1:;состояние1_k-1.sig;1 дополнительное:;состояние2_k-26.sig;0.282411;0.0004181264;1.266426;351;0.1690107;7;0.7301051;1.428387;334;1.097415
62;62006;59007;61005;-5.040056E-10;1;ОС-1:;состояние1_k-1.sig;1 дополнительное:;состояние2_k-27.sig;0.282411;-0.0002767032;1.266426;351;0.1532269;408;0.7283375;1.419184;352;1.113199
62;62006;59007;61005;-5.040056E-10;1;ОС-1:;состояние1_k-1.sig;1 дополнительное:;состояние2_k-28.sig;0.282411;-0.000692846;1.266426;351;0.1067301;102;0.7265944;1.366089;334;1.159696
62;62006;59007;61005;-5.040056E-10;1;ОС-1:;состояние1_k-1.sig;1 дополнительное:;состояние2_k-29.sig;0.282411;-0.0002715059;1.266426;351;0.04293873;748;0.7262794;1.309214;351;1.223487
62;62006;59007;61005;-5.040056E-10;1;ОС-1:;состояние1_k-1.sig;1 дополнительное:;состояние2_k-30.sig;0.282411;0;1.266426;351;0.02605516;36;0.725554;1.292324;353;1.240371
62;62006;59007;61005;-5.040056E-10;1;ОС-1:;состояние1_k-1.sig;1 дополнительное:;состояние2_k-31.sig;0.282411;-0.0006533401;1.266426;351;0.08767068;481;0.7269626;1.3486;336;1.178755
62;62006;59007;61005;-5.040056E-10;1;ОС-1:;состояние1_k-1.sig;1 дополнительное:;состояние2_k-32.sig;0.282411;-0.001568081;1.266426;351;0.13437;55;0.7265054;1.40064;352;1.132056
62;62006;59007;61005;-5.040056E-10;1;ОС-1:;состояние1_k-1.sig;1 дополнительное:;состояние2_k-33.sig;0.282411;-0.001614545;1.266426;351;0.1604428;291;0.7280579;1.421149;337;1.105983
62;62006;59007;61005;-5.040056E-10;1;ОС-1:;состояние1_k-1.sig;1 дополнительное:;состояние2_k-34.sig;0.282411;-0.000755514;1.266426;351;0.1631229;425;0.7288509;1.428695;351;1.103303
62;62006;59007;61005;-5.040056E-10;1;ОС-1:;состояние1_k-1.sig;1 дополнительное:;состояние2_k-35.sig;0.282411;0;1.266426;351;0.1426607;37;0.728618;1.404347;337;1.123765
62;62006;59007;61005;-5.040056E-10;1;ОС-1:;состояние1_k-1.sig;1 дополнительное:;состояние2_k-36.sig;0.282411;9.109131E-06;1.266426;351;0.1019385;226;0.7269266;1.368365;351;1.164488
62;62006;59007;61005;-5.040056E-10;1;ОС-1:;состояние1_k-1.sig;1 дополнительное:;состояние2_k-37.sig;0.282411;-0.0002676615;1.266426;351;0.04762301;647;0.7244708;1.310255;363;1.218803
62;62006;59007;61005;-5.040056E-10;1;ОС-1:;состояние1_k-1.sig;1 дополнительное:;состояние2_k-38.sig;0.282411;-0.0001236433;1.266426;351;0.03582662;276;0.7254329;1.300275;342;1.2306
62;62006;59007;61005;-5.040056E-10;1;ОС-1:;состояние1_k-1.sig;1 дополнительное:;состояние2_k-39.sig;0.282411;0.0002584103;1.266426;351;0.1020291;699;0.7270038;1.368267;353;1.164397
62;62006;59007;61005;-5.040056E-10;1;ОС-1:;состояние1_k-1.sig;1 дополнительное:;состояние2_k-40.sig;0.282411;4.097819E-09;1.266426;351;0.1696503;2;0.7300116;1.43428;340;1.096776
62;62006;59007;61005;-5.040056E-10;1;ОС-1:;состояние1_k-2.sig;1 дополнительное:;состояние2_k-21.sig;0.3854327;0.008313756;2.489346;101;0.7872412;778;1.605672;3.274793;349;1.702105
62;62006;59007;61005;-5.040056E-10;1;ОС-1:;состояние1_k-2.sig;1 дополнительное:;состояние2_k-22.sig;0.3854327;0.005555566;2.489346;101;0.4425874;235;1.595656;2.852294;120;2.046758
62;62006;59007;61005;-5.040056E-10;1;ОС-1:;состояние1_k-2.sig;1 дополнительное:;состояние2_k-23.sig;0.3854327;0.0005803326;2.489346;101;0.1998261;129;1.575867;2.68558;347;2.28952
62;62006;59007;61005;-5.040056E-10;1;ОС-1:;состояние1_k-2.sig;1 дополнительное:;состояние2_k-24.sig;0.3854327;-0.0009491788;2.489346;101;0.1035653;110;1.575903;2.578093;359;2.385781
62;62006;59007;61005;-5.040056E-10;1;ОС-1:;состояние1_k-2.sig;1 дополнительное:;состояние2_k-25.sig;0.3854327;0;2.489346;101;0.144291;15;1.572603;2.627099;595;2.345055
62;62006;59007;61005;-5.040056E-10;1;ОС-1:;состояние1_k-2.sig;1 дополнительное:;состояние2_k-26.sig;0.3854327;0.0004181264;2.489346;101;0.1690107;7;1.579115;2.657357;103;2.320335
62;62006;59007;61005;-5.040056E-10;1;ОС-1:;состояние1_k-2.sig;1 дополнительное:;состояние2_k-27.sig;0.3854327;-0.0002767032;2.489346;101;0.1532269;408;1.572887;2.632103;94;2.336119
62;62006;59007;61005;-5.040056E-10;1;ОС-1:;состояние1_k-2.sig;1 дополнительное:;состояние2_k-28.sig;0.3854327;-0.000692846;2.489346;101;0.1067301;102;1.57499;2.59579;352;2.382616
62;62006;59007;61005;-5.040056E-10;1;ОС-1:;состояние1_k-2.sig;1 дополнительное:;состояние2_k-29.sig;0.3854327;-0.0002715059;2.489346;101;0.04293873;748;1.574438;2.522462;595;2.446407
62;62006;59007;61005;-5.040056E-10;1;ОС-1:;состояние1_k-2.sig;1 дополнительное:;состояние2_k-30.sig;0.3854327;0;2.489346;101;0.02605516;36;1.574447;2.486133;91;2.463291
62;62006;59007;61005;-5.040056E-10;1;ОС-1:;состояние1_k-2.sig;1 дополнительное:;состояние2_k-31.sig;0.3854327;-0.0006533401;2.489346;101;0.08767068;481;1.573162;2.576729;352;2.401675
62;62006;59007;61005;-5.040056E-10;1;ОС-1:;состояние1_k-2.sig;1 дополнительное:;состояние2_k-32.sig;0.3854327;-0.001568081;2.489346;101;0.13437;55;1.575298;2.62331;102;2.354976
62;62006;59007;61005;-5.040056E-10;1;ОС-1:;состояние1_k-2.sig;1 дополнительное:;состояние2_k-33.sig;0.3854327;-0.001614545;2.489346;101;0.1604428;291;1.575829;2.649;352;2.328903
62;62006;59007;61005;-5.040056E-10;1;ОС-1:;состояние1_k-2.sig;1 дополнительное:;состояние2_k-34.sig;0.3854327;-0.000755514;2.489346;101;0.1631229;425;1.567629;2.615094;87;2.326223
62;62006;59007;61005;-5.040056E-10;1;ОС-1:;состояние1_k-2.sig;1 дополнительное:;состояние2_k-35.sig;0.3854327;0;2.489346;101;0.1426607;37;1.574647;2.631704;351;2.346685
62;62006;59007;61005;-5.040056E-10;1;ОС-1:;состояние1_k-2.sig;1 дополнительное:;состояние2_k-36.sig;0.3854327;9.109131E-06;2.489346;101;0.1019385;226;1.573892;2.591284;101;2.387407
62;62006;59007;61005;-5.040056E-10;1;ОС-1:;состояние1_k-2.sig;1 дополнительное:;состояние2_k-37.sig;0.3854327;-0.0002676615;2.489346;101;0.04762301;647;1.573285;2.53675;350;2.441723
62;62006;59007;61005;-5.040056E-10;1;ОС-1:;состояние1_k-2.sig;1 дополнительное:;состояние2_k-38.sig;0.3854327;-0.0001236433;2.489346;101;0.03582662;276;1.57309;2.522265;104;2.453519
62;62006;59007;61005;-5.040056E-10;1;ОС-1:;состояние1_k-2.sig;1 дополнительное:;состояние2_k-39.sig;0.3854327;0.0002584103;2.489346;101;0.1020291;699;1.574608;2.58764;97;2.387317
62;62006;59007;61005;-5.040056E-10;1;ОС-1:;состояние1_k-2.sig;1 дополнительное:;состояние2_k-40.sig;0.3854327;4.097819E-09;2.489346;101;0.1696503;2;1.575302;2.65871;352;2.319695
62;62006;59007;61005;-5.040056E-10;1;ОС-1:;состояние1_k-3.sig;1 дополнительное:;состояние2_k-21.sig;0.2777269;0.008313756;3.627377;684;0.7872412;778;2.357567;4.12111;38;2.840136
62;62006;59007;61005;-5.040056E-10;1;ОС-1:;состояние1_k-3.sig;1 дополнительное:;состояние2_k-22.sig;0.2777269;0.005555566;3.627377;684;0.4425874;235;2.289745;4.067261;349;3.18479
62;62006;59007;61005;-5.040056E-10;1;ОС-1:;состояние1_k-3.sig;1 дополнительное:;состояние2_k-23.sig;0.2777269;0.0005803326;3.627377;684;0.1998261;129;2.290403;3.822798;20;3.427551
62;62006;59007;61005;-5.040056E-10;1;ОС-1:;состояние1_k-3.sig;1 дополнительное:;состояние2_k-24.sig;0.2777269;-0.0009491788;3.627377;684;0.1035653;110;2.289526;3.694591;190;3.523812
62;62006;59007;61005;-5.040056E-10;1;ОС-1:;состояние1_k-3.sig;1 дополнительное:;состояние2_k-25.sig;0.2777269;0;3.627377;684;0.144291;15;2.28679;3.76423;354;3.483086
62;62006;59007;61005;-5.040056E-10;1;ОС-1:;состояние1_k-3.sig;1 дополнительное:;состояние2_k-26.sig;0.2777269;0.0004181264;3.627377;684;0.1690107;7;2.285024;3.78816;681;3.458367
62;62006;59007;61005;-5.040056E-10;1;ОС-1:;состояние1_k-3.sig;1 дополнительное:;состояние2_k-27.sig;0.2777269;-0.0002767032;3.627377;684;0.1532269;408;2.297596;3.779202;352;3.47415
62;62006;59007;61005;-5.040056E-10;1;ОС-1:;состояние1_k-3.sig;1 дополнительное:;состояние2_k-28.sig;0.2777269;-0.000692846;3.627377;684;0.1067301;102;2.286923;3.723842;14;3.520647
62;62006;59007;61005;-5.040056E-10;1;ОС-1:;состояние1_k-3.sig;1 дополнительное:;состояние2_k-29.sig;0.2777269;-0.0002715059;3.627377;684;0.04293873;748;2.287335;3.670137;351;3.584439
62;62006;59007;61005;-5.040056E-10;1;ОС-1:;состояние1_k-3.sig;1 дополнительное:;состояние2_k-30.sig;0.2777269;0;3.627377;684;0.02605516;36;2.28731;3.652409;685;3.601322
62;62006;59007;61005;-5.040056E-10;1;ОС-1:;состояние1_k-3.sig;1 дополнительное:;состояние2_k-31.sig;0.2777269;-0.0006533401;3.627377;684;0.08767068;481;2.287146;3.706526;14;3.539707
62;62006;59007;61005;-5.040056E-10;1;ОС-1:;состояние1_k-3.sig;1 дополнительное:;состояние2_k-32.sig;0.2777269;-0.001568081;3.627377;684;0.13437;55;2.287037;3.760658;352;3.493007
62;62006;59007;61005;-5.040056E-10;1;ОС-1:;состояние1_k-3.sig;1 дополнительное:;состояние2_k-33.sig;0.2777269;-0.001614545;3.627377;684;0.1604428;291;2.296604;3.67743;172;3.466934
62;62006;59007;61005;-5.040056E-10;1;ОС-1:;состояние1_k-3.sig;1 дополнительное:;состояние2_k-34.sig;0.2777269;-0.000755514;3.627377;684;0.1631229;425;2.285838;3.789618;351;3.464254
62;62006;59007;61005;-5.040056E-10;1;ОС-1:;состояние1_k-3.sig;1 дополнительное:;состояние2_k-35.sig;0.2777269;0;3.627377;684;0.1426607;37;2.285549;3.759441;181;3.484717
62;62006;59007;61005;-5.040056E-10;1;ОС-1:;состояние1_k-3.sig;1 дополнительное:;состояние2_k-36.sig;0.2777269;9.109131E-06;3.627377;684;0.1019385;226;2.287288;3.729288;351;3.525439
62;62006;59007;61005;-5.040056E-10;1;ОС-1:;состояние1_k-3.sig;1 дополнительное:;состояние2_k-37.sig;0.2777269;-0.0002676615;3.627377;684;0.04762301;647;2.287676;3.669652;186;3.579754
62;62006;59007;61005;-5.040056E-10;1;ОС-1:;состояние1_k-3.sig;1 дополнительное:;состояние2_k-38.sig;0.2777269;-0.0001236433;3.627377;684;0.03582662;276;2.287263;3.663188;684;3.591551
62;62006;59007;61005;-5.040056E-10;1;ОС-1:;состояние1_k-3.sig;1 дополнительное:;состояние2_k-39.sig;0.2777269;0.0002584103;3.627377;684;0.1020291;699;2.291263;3.72701;19;3.525348
62;62006;59007;61005;-5.040056E-10;1;ОС-1:;состояние1_k-3.sig;1 дополнительное:;состояние2_k-40.sig;0.2777269;4.097819E-09;3.627377;684;0.1696503;2;2.286039;3.794313;15;3.457727
62;62006;59007;61005;-5.040056E-10;1;ОС-1:;состояние1_k-4.sig;1 дополнительное:;состояние2_k-21.sig;0.09205582;0.008313756;4.643107;226;0.7872412;778;2.91265;5.427238;350;3.855866
62;62006;59007;61005;-5.040056E-10;1;ОС-1:;состояние1_k-4.sig;1 дополнительное:;состояние2_k-22.sig;0.09205582;0.005555566;4.643107;226;0.4425874;235;2.890302;5.080519;99;4.20052
62;62006;59007;61005;-5.040056E-10;1;ОС-1:;состояние1_k-4.sig;1 дополнительное:;состояние2_k-23.sig;0.09205582;0.0005803326;4.643107;226;0.1998261;129;2.883021;4.826354;348;4.443281
62;62006;59007;61005;-5.040056E-10;1;ОС-1:;состояние1_k-4.sig;1 дополнительное:;состояние2_k-24.sig;0.09205582;-0.0009491788;4.643107;226;0.1035653;110;2.880352;4.690752;105;4.539542
62;62006;59007;61005;-5.040056E-10;1;ОС-1:;состояние1_k-4.sig;1 дополнительное:;состояние2_k-25.sig;0.09205582;0;4.643107;226;0.144291;15;2.880136;4.786622;475;4.498816
62;62006;59007;61005;-5.040056E-10;1;ОС-1:;состояние1_k-4.sig;1 дополнительное:;состояние2_k-26.sig;0.09205582;0.0004181264;4.643107;226;0.1690107;7;2.881457;4.807107;352;4.474096
62;62006;59007;61005;-5.040056E-10;1;ОС-1:;состояние1_k-4.sig;1 дополнительное:;состояние2_k-27.sig;0.09205582;-0.0002767032;4.643107;226;0.1532269;408;2.883484;4.788756;724;4.48988
62;62006;59007;61005;-5.040056E-10;1;ОС-1:;состояние1_k-4.sig;1 дополнительное:;состояние2_k-28.sig;0.09205582;-0.000692846;4.643107;226;0.1067301;102;2.871513;4.748146;101;4.536377
62;62006;59007;61005;-5.040056E-10;1;ОС-1:;состояние1_k-4.sig;1 дополнительное:;состояние2_k-29.sig;0.09205582;-0.0002715059;4.643107;226;0.04293873;748;2.882463;4.674145;727;4.600168
62;62006;59007;61005;-5.040056E-10;1;ОС-1:;состояние1_k-4.sig;1 дополнительное:;состояние2_k-30.sig;0.09205582;0;4.643107;226;0.02605516;36;2.881056;4.667806;101;4.617052
62;62006;59007;61005;-5.040056E-10;1;ОС-1:;состояние1_k-4.sig;1 дополнительное:;состояние2_k-31.sig;0.09205582;-0.0006533401;4.643107;226;0.08767068;481;2.880995;4.729232;351;4.555436
62;62006;59007;61005;-5.040056E-10;1;ОС-1:;состояние1_k-4.sig;1 дополнительное:;состояние2_k-32.sig;0.09205582;-0.001568081;4.643107;226;0.13437;55;2.882626;4.775946;226;4.508737
62;62006;59007;61005;-5.040056E-10;1;ОС-1:;состояние1_k-4.sig;1 дополнительное:;состояние2_k-33.sig;0.09205582;-0.001614545;4.643107;226;0.1604428;291;2.882499;4.802235;351;4.482664
62;62006;59007;61005;-5.040056E-10;1;ОС-1:;состояние1_k-4.sig;1 дополнительное:;состояние2_k-34.sig;0.09205582;-0.000755514;4.643107;226;0.1631229;425;2.882487;4.805376;101;4.479984
62;62006;59007;61005;-5.040056E-10;1;ОС-1:;состояние1_k-4.sig;1 дополнительное:;состояние2_k-35.sig;0.09205582;0;4.643107;226;0.1426607;37;2.882245;4.785465;351;4.500446
62;62006;59007;61005;-5.040056E-10;1;ОС-1:;состояние1_k-4.sig;1 дополнительное:;состояние2_k-36.sig;0.09205582;9.109131E-06;4.643107;226;0.1019385;226;2.872746;4.578036;93;4.541168
62;62006;59007;61005;-5.040056E-10;1;ОС-1:;состояние1_k-4.sig;1 дополнительное:;состояние2_k-37.sig;0.09205582;-0.0002676615;4.643107;226;0.04762301;647;2.881887;4.689843;350;4.595484
62;62006;59007;61005;-5.040056E-10;1;ОС-1:;состояние1_k-4.sig;1 дополнительное:;состояние2_k-38.sig;0.09205582;-0.0001236433;4.643107;226;0.03582662;276;2.881101;4.675404;475;4.60728
62;62006;59007;61005;-5.040056E-10;1;ОС-1:;состояние1_k-4.sig;1 дополнительное:;состояние2_k-39.sig;0.09205582;0.0002584103;4.643107;226;0.1020291;699;2.880363;4.743982;225;4.541078
62;62006;59007;61005;-5.040056E-10;1;ОС-1:;состояние1_k-4.sig;1 дополнительное:;состояние2_k-40.sig;0.09205582;4.097819E-09;4.643107;226;0.1696503;2;2.881501;4.810599;102;4.473457
62;62006;59007;61005;-5.040056E-10;1;ОС-1:;состояние1_k-5.sig;1 дополнительное:;состояние2_k-21.sig;0;0.008313756;5.505107;151;0.7872412;778;3.518892;6.269364;253;4.717866
62;62006;59007;61005;-5.040056E-10;1;ОС-1:;состояние1_k-5.sig;1 дополнительное:;состояние2_k-22.sig;0;0.005555566;5.505107;151;0.4425874;235;3.513215;5.93877;349;5.06252
62;62006;59007;61005;-5.040056E-10;1;ОС-1:;состояние1_k-5.sig;1 дополнительное:;состояние2_k-23.sig;0;0.0005803326;5.505107;151;0.1998261;129;3.509889;5.704778;151;5.305281
62;62006;59007;61005;-5.040056E-10;1;ОС-1:;состояние1_k-5.sig;1 дополнительное:;состояние2_k-24.sig;0;-0.0009491788;5.505107;151;0.1035653;110;3.505454;5.607907;651;5.401542
62;62006;59007;61005;-5.040056E-10;1;ОС-1:;состояние1_k-5.sig;1 дополнительное:;состояние2_k-25.sig;0;0;5.505107;151;0.144291;15;3.520082;5.632697;52;5.360816
62;62006;59007;61005;-5.040056E-10;1;ОС-1:;состояние1_k-5.sig;1 дополнительное:;состояние2_k-26.sig;0;0.0004181264;5.505107;151;0.1690107;7;3.500753;5.639001;48;5.336097
62;62006;59007;61005;-5.040056E-10;1;ОС-1:;состояние1_k-5.sig;1 дополнительное:;состояние2_k-27.sig;0;-0.0002767032;5.505107;151;0.1532269;408;3.502342;5.653868;352;5.351881
62;62006;59007;61005;-5.040056E-10;1;ОС-1:;состояние1_k-5.sig;1 дополнительное:;состояние2_k-28.sig;0;-0.000692846;5.505107;151;0.1067301;102;3.50402;5.606452;550;5.398377
62;62006;59007;61005;-5.040056E-10;1;ОС-1:;состояние1_k-5.sig;1 дополнительное:;состояние2_k-29.sig;0;-0.0002715059;5.505107;151;0.04293873;748;3.504703;5.547895;351;5.462169
62;62006;59007;61005;-5.040056E-10;1;ОС-1:;состояние1_k-5.sig;1 дополнительное:;состояние2_k-30.sig;0;0;5.505107;151;0.02605516;36;3.504791;5.529806;151;5.479052
62;62006;59007;61005;-5.040056E-10;1;ОС-1:;состояние1_k-5.sig;1 дополнительное:;состояние2_k-31.sig;0;-0.0006533401;5.505107;151;0.08767068;481;3.504889;5.588748;450;5.417437
62;62006;59007;61005;-5.040056E-10;1;ОС-1:;состояние1_k-5.sig;1 дополнительное:;состояние2_k-32.sig;0;-0.001568081;5.505107;151;0.13437;55;3.504861;5.637946;351;5.370738
62;62006;59007;61005;-5.040056E-10;1;ОС-1:;состояние1_k-5.sig;1 дополнительное:;состояние2_k-33.sig;0;-0.001614545;5.505107;151;0.1604428;291;3.504186;5.65732;50;5.344665
62;62006;59007;61005;-5.040056E-10;1;ОС-1:;состояние1_k-5.sig;1 дополнительное:;состояние2_k-34.sig;0;-0.000755514;5.505107;151;0.1631229;425;3.502856;5.667377;351;5.341984
62;62006;59007;61005;-5.040056E-10;1;ОС-1:;состояние1_k-5.sig;1 дополнительное:;состояние2_k-35.sig;0;0;5.505107;151;0.1426607;37;3.517592;5.389046;45;5.362447
62;62006;59007;61005;-5.040056E-10;1;ОС-1:;состояние1_k-5.sig;1 дополнительное:;состояние2_k-36.sig;0;9.109131E-06;5.505107;151;0.1019385;226;3.502998;5.607046;351;5.403169
62;62006;59007;61005;-5.040056E-10;1;ОС-1:;состояние1_k-5.sig;1 дополнительное:;состояние2_k-37.sig;0;-0.0002676615;5.505107;151;0.04762301;647;3.504271;5.550198;51;5.457484
62;62006;59007;61005;-5.040056E-10;1;ОС-1:;состояние1_k-5.sig;1 дополнительное:;состояние2_k-38.sig;0;-0.0001236433;5.505107;151;0.03582662;276;3.505132;5.539417;250;5.469281
62;62006;59007;61005;-5.040056E-10;1;ОС-1:;состояние1_k-5.sig;1 дополнительное:;состояние2_k-39.sig;0;0.0002584103;5.505107;151;0.1020291;699;3.505393;5.600879;352;5.403078
62;62006;59007;61005;-5.040056E-10;1;ОС-1:;состояние1_k-5.sig;1 дополнительное:;состояние2_k-40.sig;0;4.097819E-09;5.505107;151;0.1696503;2;3.506049;5.670723;52;5.335457
62;62006;59007;61005;-5.040056E-10;1;ОС-1:;состояние1_k-6.sig;1 дополнительное:;состояние2_k-21.sig;0.06367278;0.008313756;6.18932;434;0.7872412;778;4.026243;6.97179;350;5.402079
62;62006;59007;61005;-5.040056E-10;1;ОС-1:;состояние1_k-6.sig;1 дополнительное:;состояние2_k-22.sig;0.06367278;0.005555566;6.18932;434;0.4425874;235;4.020398;6.568332;187;5.746732
62;62006;59007;61005;-5.040056E-10;1;ОС-1:;состояние1_k-6.sig;1 дополнительное:;состояние2_k-23.sig;0.06367278;0.0005803326;6.18932;434;0.1998261;129;4.013134;6.376812;518;5.989493
62;62006;59007;61005;-5.040056E-10;1;ОС-1:;состояние1_k-6.sig;1 дополнительное:;состояние2_k-24.sig;0.06367278;-0.0009491788;6.18932;434;0.1035653;110;4.012136;6.217834;19;6.085754
62;62006;59007;61005;-5.040056E-10;1;ОС-1:;состояние1_k-6.sig;1 дополнительное:;состояние2_k-25.sig;0.06367278;0;6.18932;434;0.144291;15;4.015796;6.332889;434;6.045029
62;62006;59007;61005;-5.040056E-10;1;ОС-1:;состояние1_k-6.sig;1 дополнительное:;состояние2_k-26.sig;0.06367278;0.0004181264;6.18932;434;0.1690107;7;4.017042;6.348625;102;6.020309
62;62006;59007;61005;-5.040056E-10;1;ОС-1:;состояние1_k-6.sig;1 дополнительное:;состояние2_k-27.sig;0.06367278;-0.0002767032;6.18932;434;0.1532269;408;4.014593;6.338368;518;6.036093
62;62006;59007;61005;-5.040056E-10;1;ОС-1:;состояние1_k-6.sig;1 дополнительное:;состояние2_k-28.sig;0.06367278;-0.000692846;6.18932;434;0.1067301;102;4.011892;6.29411;351;6.08259
62;62006;59007;61005;-5.040056E-10;1;ОС-1:;состояние1_k-6.sig;1 дополнительное:;состояние2_k-29.sig;0.06367278;-0.0002715059;6.18932;434;0.04293873;748;4.012602;6.229373;767;6.146381
62;62006;59007;61005;-5.040056E-10;1;ОС-1:;состояние1_k-6.sig;1 дополнительное:;состояние2_k-30.sig;0.06367278;0;6.18932;434;0.02605516;36;4.011586;6.165191;184;6.163264
62;62006;59007;61005;-5.040056E-10;1;ОС-1:;состояние1_k-6.sig;1 дополнительное:;состояние2_k-31.sig;0.06367278;-0.0006533401;6.18932;434;0.08767068;481;4.017778;6.275196;351;6.101649
62;62006;59007;61005;-5.040056E-10;1;ОС-1:;состояние1_k-6.sig;1 дополнительное:;состояние2_k-32.sig;0.06367278;-0.001568081;6.18932;434;0.13437;55;4.017919;6.32191;101;6.05495
62;62006;59007;61005;-5.040056E-10;1;ОС-1:;состояние1_k-6.sig;1 дополнительное:;состояние2_k-33.sig;0.06367278;-0.001614545;6.18932;434;0.1604428;291;4.016764;6.348199;351;6.028877
62;62006;59007;61005;-5.040056E-10;1;ОС-1:;состояние1_k-6.sig;1 дополнительное:;состояние2_k-34.sig;0.06367278;-0.000755514;6.18932;434;0.1631229;425;4.016029;6.316195;16;6.026196
62;62006;59007;61005;-5.040056E-10;1;ОС-1:;состояние1_k-6.sig;1 дополнительное:;состояние2_k-35.sig;0.06367278;0;6.18932;434;0.1426607;37;4.015712;6.331429;351;6.046659
62;62006;59007;61005;-5.040056E-10;1;ОС-1:;состояние1_k-6.sig;1 дополнительное:;состояние2_k-36.sig;0.06367278;9.109131E-06;6.18932;434;0.1019385;226;4.015631;6.291056;434;6.087381
62;62006;59007;61005;-5.040056E-10;1;ОС-1:;состояние1_k-6.sig;1 дополнительное:;состояние2_k-37.sig;0.06367278;-0.0002676615;6.18932;434;0.04762301;647;4.014644;6.234969;768;6.141696
62;62006;59007;61005;-5.040056E-10;1;ОС-1:;состояние1_k-6.sig;1 дополнительное:;состояние2_k-38.sig;0.06367278;-0.0001236433;6.18932;434;0.03582662;276;4.014347;6.210278;101;6.153493
62;62006;59007;61005;-5.040056E-10;1;ОС-1:;состояние1_k-6.sig;1 дополнительное:;состояние2_k-39.sig;0.06367278;0.0002584103;6.18932;434;0.1020291;699;4.015629;6.283391;185;6.08729
62;62006;59007;61005;-5.040056E-10;1;ОС-1:;состояние1_k-6.sig;1 дополнительное:;состояние2_k-40.sig;0.06367278;4.097819E-09;6.18932;434;0.1696503;2;4.017972;6.352118;352;6.01967
62;62006;59007;61005;-5.040056E-10;1;ОС-1:;состояние1_k-7.sig;1 дополнительное:;состояние2_k-21.sig;0.1960388;0.008313756;6.6794;65;0.7872412;778;4.440907;6.007841;144;5.892159
62;62006;59007;61005;-5.040056E-10;1;ОС-1:;состояние1_k-7.sig;1 дополнительное:;состояние2_k-22.sig;0.1960388;0.005555566;6.6794;65;0.4425874;235;4.262069;7.118204;280;6.236813
62;62006;59007;61005;-5.040056E-10;1;ОС-1:;состояние1_k-7.sig;1 дополнительное:;состояние2_k-23.sig;0.1960388;0.0005803326;6.6794;65;0.1998261;129;4.270766;6.87608;65;6.479574
62;62006;59007;61005;-5.040056E-10;1;ОС-1:;состояние1_k-7.sig;1 дополнительное:;состояние2_k-24.sig;0.1960388;-0.0009491788;6.6794;65;0.1035653;110;4.276557;6.776834;279;6.575835
62;62006;59007;61005;-5.040056E-10;1;ОС-1:;состояние1_k-7.sig;1 дополнительное:;состояние2_k-25.sig;0.1960388;0;6.6794;65;0.144291;15;4.278193;6.819542;136;6.53511
62;62006;59007;61005;-5.040056E-10;1;ОС-1:;состояние1_k-7.sig;1 дополнительное:;состояние2_k-26.sig;0.1960388;0.0004181264;6.6794;65;0.1690107;7;4.277001;6.84816;65;6.51039
62;62006;59007;61005;-5.040056E-10;1;ОС-1:;состояние1_k-7.sig;1 дополнительное:;состояние2_k-27.sig;0.1960388;-0.0002767032;6.6794;65;0.1532269;408;4.275083;6.82762;351;6.526174
62;62006;59007;61005;-5.040056E-10;1;ОС-1:;состояние1_k-7.sig;1 дополнительное:;состояние2_k-28.sig;0.1960388;-0.000692846;6.6794;65;0.1067301;102;4.274561;6.783842;708;6.57267
62;62006;59007;61005;-5.040056E-10;1;ОС-1:;состояние1_k-7.sig;1 дополнительное:;состояние2_k-29.sig;0.1960388;-0.0002715059;6.6794;65;0.04293873;748;4.2747;6.721749;351;6.636462
62;62006;59007;61005;-5.040056E-10;1;ОС-1:;состояние1_k-7.sig;1 дополнительное:;состояние2_k-30.sig;0.1960388;0;6.6794;65;0.02605516;36;4.2751;6.704137;136;6.653345
62;62006;59007;61005;-5.040056E-10;1;ОС-1:;состояние1_k-7.sig;1 дополнительное:;состояние2_k-31.sig;0.1960388;-0.0006533401;6.6794;65;0.08767068;481;4.275465;6.764615;208;6.59173
62;62006;59007;61005;-5.040056E-10;1;ОС-1:;состояние1_k-7.sig;1 дополнительное:;состояние2_k-32.sig;0.1960388;-0.001568081;6.6794;65;0.13437;55;4.276654;6.8118;351;6.545031
62;62006;59007;61005;-5.040056E-10;1;ОС-1:;состояние1_k-7.sig;1 дополнительное:;состояние2_k-33.sig;0.1960388;-0.001614545;6.6794;65;0.1604428;291;4.27911;6.834393;65;6.518958
62;62006;59007;61005;-5.040056E-10;1;ОС-1:;состояние1_k-7.sig;1 дополнительное:;состояние2_k-34.sig;0.1960388;-0.000755514;6.6794;65;0.1631229;425;4.281671;6.84123;351;6.516277
62;62006;59007;61005;-5.040056E-10;1;ОС-1:;состояние1_k-7.sig;1 дополнительное:;состояние2_k-35.sig;0.1960388;0;6.6794;65;0.1426607;37;4.258682;6.539017;493;6.53674
62;62006;59007;61005;-5.040056E-10;1;ОС-1:;состояние1_k-7.sig;1 дополнительное:;состояние2_k-36.sig;0.1960388;9.109131E-06;6.6794;65;0.1019385;226;4.279171;6.7809;351;6.577462
62;62006;59007;61005;-5.040056E-10;1;ОС-1:;состояние1_k-7.sig;1 дополнительное:;состояние2_k-37.sig;0.1960388;-0.0002676615;6.6794;65;0.04762301;647;4.275885;6.725932;65;6.631777
62;62006;59007;61005;-5.040056E-10;1;ОС-1:;состояние1_k-7.sig;1 дополнительное:;состояние2_k-38.sig;0.1960388;-0.0001236433;6.6794;65;0.03582662;276;4.27448;6.715019;565;6.643574
62;62006;59007;61005;-5.040056E-10;1;ОС-1:;состояние1_k-7.sig;1 дополнительное:;состояние2_k-39.sig;0.1960388;0.0002584103;6.6794;65;0.1020291;699;4.275397;6.776459;136;6.577371
62;62006;59007;61005;-5.040056E-10;1;ОС-1:;состояние1_k-7.sig;1 дополнительное:;состояние2_k-40.sig;0.1960388;4.097819E-09;6.6794;65;0.1696503;2;4.276916;6.850154;65;6.50975
62;62006;59007;61005;-5.040056E-10;1;ОС-1:;состояние1_k-8.sig;1 дополнительное:;состояние2_k-21.sig;0.2542553;0.008313756;6.967727;38;0.7872412;778;4.43155;7.74845;350;6.180486
62;62006;59007;61005;-5.040056E-10;1;ОС-1:;состояние1_k-8.sig;1 дополнительное:;состояние2_k-22.sig;0.2542553;0.005555566;6.967727;38;0.4425874;235;4.424762;7.397795;100;6.52514
62;62006;59007;61005;-5.040056E-10;1;ОС-1:;состояние1_k-8.sig;1 дополнительное:;состояние2_k-23.sig;0.2542553;0.0005803326;6.967727;38;0.1998261;129;4.428256;7.165955;476;6.767901
62;62006;59007;61005;-5.040056E-10;1;ОС-1:;состояние1_k-8.sig;1 дополнительное:;состояние2_k-24.sig;0.2542553;-0.0009491788;6.967727;38;0.1035653;110;4.434028;6.990096;39;6.864162
62;62006;59007;61005;-5.040056E-10;1;ОС-1:;состояние1_k-8.sig;1 дополнительное:;состояние2_k-25.sig;0.2542553;0;6.967727;38;0.144291;15;4.445324;7.093232;38;6.823436
62;62006;59007;61005;-5.040056E-10;1;ОС-1:;состояние1_k-8.sig;1 дополнительное:;состояние2_k-26.sig;0.2542553;0.0004181264;6.967727;38;0.1690107;7;4.446062;7.126424;351;6.798717
62;62006;59007;61005;-5.040056E-10;1;ОС-1:;состояние1_k-8.sig;1 дополнительное:;состояние2_k-27.sig;0.2542553;-0.0002767032;6.967727;38;0.1532269;408;4.442372;7.120649;538;6.8145
62;62006;59007;61005;-5.040056E-10;1;ОС-1:;состояние1_k-8.sig;1 дополнительное:;состояние2_k-28.sig;0.2542553;-0.000692846;6.967727;38;0.1067301;102;4.438303;7.072548;101;6.860997
62;62006;59007;61005;-5.040056E-10;1;ОС-1:;состояние1_k-8.sig;1 дополнительное:;состояние2_k-29.sig;0.2542553;-0.0002715059;6.967727;38;0.04293873;748;4.436969;7.009652;663;6.924788
62;62006;59007;61005;-5.040056E-10;1;ОС-1:;состояние1_k-8.sig;1 дополнительное:;состояние2_k-30.sig;0.2542553;0;6.967727;38;0.02605516;36;4.437374;6.992208;101;6.941672
62;62006;59007;61005;-5.040056E-10;1;ОС-1:;состояние1_k-8.sig;1 дополнительное:;состояние2_k-31.sig;0.2542553;-0.0006533401;6.967727;38;0.08767068;481;4.437942;7.054894;788;6.880056
62;62006;59007;61005;-5.040056E-10;1;ОС-1:;состояние1_k-8.sig;1 дополнительное:;состояние2_k-32.sig;0.2542553;-0.001568081;6.967727;38;0.13437;55;4.43839;7.097842;38;6.833357
62;62006;59007;61005;-5.040056E-10;1;ОС-1:;состояние1_k-8.sig;1 дополнительное:;состояние2_k-33.sig;0.2542553;-0.001614545;6.967727;38;0.1604428;291;4.437966;7.126637;351;6.807284
62;62006;59007;61005;-5.040056E-10;1;ОС-1:;состояние1_k-8.sig;1 дополнительное:;состояние2_k-34.sig;0.2542553;-0.000755514;6.967727;38;0.1631229;425;4.438658;7.129778;101;6.804604
62;62006;59007;61005;-5.040056E-10;1;ОС-1:;состояние1_k-8.sig;1 дополнительное:;состояние2_k-35.sig;0.2542553;0;6.967727;38;0.1426607;37;4.439353;7.109868;351;6.825067
62;62006;59007;61005;-5.040056E-10;1;ОС-1:;состояние1_k-8.sig;1 дополнительное:;состояние2_k-36.sig;0.2542553;9.109131E-06;6.967727;38;0.1019385;226;4.439244;7.069448;226;6.865788
62;62006;59007;61005;-5.040056E-10;1;ОС-1:;состояние1_k-8.sig;1 дополнительное:;состояние2_k-37.sig;0.2542553;-0.0002676615;6.967727;38;0.04762301;647;4.438188;7.014322;38;6.920104
62;62006;59007;61005;-5.040056E-10;1;ОС-1:;состояние1_k-8.sig;1 дополнительное:;состояние2_k-38.sig;0.2542553;-0.0001236433;6.967727;38;0.03582662;276;4.437058;7.002244;288;6.931901
62;62006;59007;61005;-5.040056E-10;1;ОС-1:;состояние1_k-8.sig;1 дополнительное:;состояние2_k-39.sig;0.2542553;0.0002584103;6.967727;38;0.1020291;699;4.436011;7.068034;788;6.865698
62;62006;59007;61005;-5.040056E-10;1;ОС-1:;состояние1_k-8.sig;1 дополнительное:;состояние2_k-40.sig;0.2542553;4.097819E-09;6.967727;38;0.1696503;2;4.458676;7.128759;39;6.798077
62;62006;59007;61005;-5.040056E-10;1;ОС-1:;состояние1_k-9.sig;1 дополнительное:;состояние2_k-21.sig;0.1701553;0.008313756;7.057224;684;0.7872412;778;4.536132;7.659306;131;6.269982
62;62006;59007;61005;-5.040056E-10;1;ОС-1:;состояние1_k-9.sig;1 дополнительное:;состояние2_k-22.sig;0.1701553;0.005555566;7.057224;684;0.4425874;235;4.537139;7.48582;350;6.614636
62;62006;59007;61005;-5.040056E-10;1;ОС-1:;состояние1_k-9.sig;1 дополнительное:;состояние2_k-23.sig;0.1701553;0.0005803326;7.057224;684;0.1998261;129;4.537448;7.249428;239;6.857398
62;62006;59007;61005;-5.040056E-10;1;ОС-1:;состояние1_k-9.sig;1 дополнительное:;состояние2_k-24.sig;0.1701553;-0.0009491788;7.057224;684;0.1035653;110;4.537033;7.154193;462;6.953659
62;62006;59007;61005;-5.040056E-10;1;ОС-1:;состояние1_k-9.sig;1 дополнительное:;состояние2_k-25.sig;0.1701553;0;7.057224;684;0.144291;15;4.54019;7.201268;295;6.912933
62;62006;59007;61005;-5.040056E-10;1;ОС-1:;состояние1_k-9.sig;1 дополнительное:;состояние2_k-26.sig;0.1701553;0.0004181264;7.057224;684;0.1690107;7;4.545336;7.225564;795;6.888213
62;62006;59007;61005;-5.040056E-10;1;ОС-1:;состояние1_k-9.sig;1 дополнительное:;состояние2_k-27.sig;0.1701553;-0.0002767032;7.057224;684;0.1532269;408;4.508238;7.204952;351;6.903997
62;62006;59007;61005;-5.040056E-10;1;ОС-1:;состояние1_k-9.sig;1 дополнительное:;состояние2_k-28.sig;0.1701553;-0.000692846;7.057224;684;0.1067301;102;4.54457;7.146196;796;6.950494
62;62006;59007;61005;-5.040056E-10;1;ОС-1:;состояние1_k-9.sig;1 дополнительное:;состояние2_k-29.sig;0.1701553;-0.0002715059;7.057224;684;0.04293873;748;4.540002;7.099081;351;7.014285
62;62006;59007;61005;-5.040056E-10;1;ОС-1:;состояние1_k-9.sig;1 дополнительное:;состояние2_k-30.sig;0.1701553;0;7.057224;684;0.02605516;36;4.537756;7.081352;684;7.031168
62;62006;59007;61005;-5.040056E-10;1;ОС-1:;состояние1_k-9.sig;1 дополнительное:;состояние2_k-31.sig;0.1701553;-0.0006533401;7.057224;684;0.08767068;481;4.538843;7.141634;240;6.969553
62;62006;59007;61005;-5.040056E-10;1;ОС-1:;состояние1_k-9.sig;1 дополнительное:;состояние2_k-32.sig;0.1701553;-0.001568081;7.057224;684;0.13437;55;4.540229;7.189133;351;6.922854
62;62006;59007;61005;-5.040056E-10;1;ОС-1:;состояние1_k-9.sig;1 дополнительное:;состояние2_k-33.sig;0.1701553;-0.001614545;7.057224;684;0.1604428;291;4.53972;7.173529;461;6.896781
62;62006;59007;61005;-5.040056E-10;1;ОС-1:;состояние1_k-9.sig;1 дополнительное:;состояние2_k-34.sig;0.1701553;-0.000755514;7.057224;684;0.1631229;425;4.538168;7.218563;351;6.894101
62;62006;59007;61005;-5.040056E-10;1;ОС-1:;состояние1_k-9.sig;1 дополнительное:;состояние2_k-35.sig;0.1701553;0;7.057224;684;0.1426607;37;4.53738;7.197173;295;6.914563
62;62006;59007;61005;-5.040056E-10;1;ОС-1:;состояние1_k-9.sig;1 дополнительное:;состояние2_k-36.sig;0.1701553;9.109131E-06;7.057224;684;0.1019385;226;4.53853;7.159058;573;6.955285
62;62006;59007;61005;-5.040056E-10;1;ОС-1:;состояние1_k-9.sig;1 дополнительное:;состояние2_k-37.sig;0.1701553;-0.0002676615;7.057224;684;0.04762301;647;4.538644;7.104053;295;7.009601
62;62006;59007;61005;-5.040056E-10;1;ОС-1:;состояние1_k-9.sig;1 дополнительное:;состояние2_k-38.sig;0.1701553;-0.0001236433;7.057224;684;0.03582662;276;4.537969;7.093035;684;7.021397
62;62006;59007;61005;-5.040056E-10;1;ОС-1:;состояние1_k-9.sig;1 дополнительное:;состояние2_k-39.sig;0.1701553;0.0002584103;7.057224;684;0.1020291;699;4.537244;7.147978;351;6.955194
62;62006;59007;61005;-5.040056E-10;1;ОС-1:;состояние1_k-9.sig;1 дополнительное:;состояние2_k-40.sig;0.1701553;4.097819E-09;7.057224;684;0.1696503;2;4.537992;7.226176;240;6.887574
62;62006;59007;61005;-5.040056E-10;1;ОС-1:;состояние1_k-10.sig;1 дополнительное:;состояние2_k-21.sig;0;0.008313756;6.955304;1;0.7872412;778;4.425235;7.73499;350;6.168063
62;62006;59007;61005;-5.040056E-10;1;ОС-1:;состояние1_k-10.sig;1 дополнительное:;состояние2_k-22.sig;0;0.005555566;6.955304;1;0.4425874;235;4.423492;7.378702;51;6.512717
62;62006;59007;61005;-5.040056E-10;1;ОС-1:;состояние1_k-10.sig;1 дополнительное:;состояние2_k-23.sig;0;0.0005803326;6.955304;1;0.1998261;129;4.428986;7.154974;651;6.755478
62;62006;59007;61005;-5.040056E-10;1;ОС-1:;состояние1_k-10.sig;1 дополнительное:;состояние2_k-24.sig;0;-0.0009491788;6.955304;1;0.1035653;110;4.43131;7.058104;151;6.851739
62;62006;59007;61005;-5.040056E-10;1;ОС-1:;состояние1_k-10.sig;1 дополнительное:;состояние2_k-25.sig;0;0;6.955304;1;0.144291;15;4.429197;7.075999;51;6.811013
62;62006;59007;61005;-5.040056E-10;1;ОС-1:;состояние1_k-10.sig;1 дополнительное:;состояние2_k-26.sig;0;0.0004181264;6.955304;1;0.1690107;7;4.428757;7.114219;101;6.786294
62;62006;59007;61005;-5.040056E-10;1;ОС-1:;состояние1_k-10.sig;1 дополнительное:;состояние2_k-27.sig;0;-0.0002767032;6.955304;1;0.1532269;408;4.430899;7.108162;501;6.802077
62;62006;59007;61005;-5.040056E-10;1;ОС-1:;состояние1_k-10.sig;1 дополнительное:;состояние2_k-28.sig;0;-0.000692846;6.955304;1;0.1067301;102;4.432755;7.060343;351;6.848574
62;62006;59007;61005;-5.040056E-10;1;ОС-1:;состояние1_k-10.sig;1 дополнительное:;состояние2_k-29.sig;0;-0.0002715059;6.955304;1;0.04293873;748;4.431365;6.992035;751;6.912365
62;62006;59007;61005;-5.040056E-10;1;ОС-1:;состояние1_k-10.sig;1 дополнительное:;состояние2_k-30.sig;0;0;6.955304;1;0.02605516;36;4.434196;6.930605;1;6.929249
62;62006;59007;61005;-5.040056E-10;1;ОС-1:;состояние1_k-10.sig;1 дополнительное:;состояние2_k-31.sig;0;-0.0006533401;6.955304;1;0.08767068;481;4.425557;7.042279;401;6.867633
62;62006;59007;61005;-5.040056E-10;1;ОС-1:;состояние1_k-10.sig;1 дополнительное:;состояние2_k-32.sig;0;-0.001568081;6.955304;1;0.13437;55;4.42591;7.088143;101;6.820934
62;62006;59007;61005;-5.040056E-10;1;ОС-1:;состояние1_k-10.sig;1 дополнительное:;состояние2_k-33.sig;0;-0.001614545;6.955304;1;0.1604428;291;4.427822;7.114432;351;6.794861
62;62006;59007;61005;-5.040056E-10;1;ОС-1:;состояние1_k-10.sig;1 дополнительное:;состояние2_k-34.sig;0;-0.000755514;6.955304;1;0.1631229;425;4.429074;7.105315;0;6.792181
62;62006;59007;61005;-5.040056E-10;1;ОС-1:;состояние1_k-10.sig;1 дополнительное:;состояние2_k-35.sig;0;0;6.955304;1;0.1426607;37;4.429137;7.097662;151;6.812644
62;62006;59007;61005;-5.040056E-10;1;ОС-1:;состояние1_k-10.sig;1 дополнительное:;состояние2_k-36.sig;0;9.109131E-06;6.955304;1;0.1019385;226;4.428955;7.057243;101;6.853365
62;62006;59007;61005;-5.040056E-10;1;ОС-1:;состояние1_k-10.sig;1 дополнительное:;состояние2_k-37.sig;0;-0.0002676615;6.955304;1;0.04762301;647;4.429006;7.002923;201;6.907681
62;62006;59007;61005;-5.040056E-10;1;ОС-1:;состояние1_k-10.sig;1 дополнительное:;состояние2_k-38.sig;0;-0.0001236433;6.955304;1;0.03582662;276;4.429217;6.989321;1;6.919477
62;62006;59007;61005;-5.040056E-10;1;ОС-1:;состояние1_k-10.sig;1 дополнительное:;состояние2_k-39.sig;0;0.0002584103;6.955304;1;0.1020291;699;4.429268;7.056334;301;6.853275
62;62006;59007;61005;-5.040056E-10;1;ОС-1:;состояние1_k-10.sig;1 дополнительное:;состояние2_k-40.sig;0;4.097819E-09;6.955304;1;0.1696503;2;4.429618;7.11478;51;6.785654
62;62006;59007;61005;-5.040056E-10;1;ОС-1:;состояние1_k-11.sig;1 дополнительное:;состояние2_k-21.sig;-0.1382786;0.008313756;6.683835;78;0.7872412;778;4.225643;7.463565;396;5.896593
62;62006;59007;61005;-5.040056E-10;1;ОС-1:;состояние1_k-11.sig;1 дополнительное:;состояние2_k-22.sig;-0.1382786;0.005555566;6.683835;78;0.4425874;235;4.216828;7.112126;623;6.241247
62;62006;59007;61005;-5.040056E-10;1;ОС-1:;состояние1_k-11.sig;1 дополнительное:;состояние2_k-23.sig;-0.1382786;0.0005803326;6.683835;78;0.1998261;129;4.212537;6.87441;214;6.484008
62;62006;59007;61005;-5.040056E-10;1;ОС-1:;состояние1_k-11.sig;1 дополнительное:;состояние2_k-24.sig;-0.1382786;-0.0009491788;6.683835;78;0.1035653;110;4.215919;6.785891;714;6.580269
62;62006;59007;61005;-5.040056E-10;1;ОС-1:;состояние1_k-11.sig;1 дополнительное:;состояние2_k-25.sig;-0.1382786;0;6.683835;78;0.144291;15;4.216583;6.825988;214;6.539544
62;62006;59007;61005;-5.040056E-10;1;ОС-1:;состояние1_k-11.sig;1 дополнительное:;состояние2_k-26.sig;-0.1382786;0.0004181264;6.683835;78;0.1690107;7;4.215635;6.849489;123;6.514824
62;62006;59007;61005;-5.040056E-10;1;ОС-1:;состояние1_k-11.sig;1 дополнительное:;состояние2_k-27.sig;-0.1382786;-0.0002767032;6.683835;78;0.1532269;408;4.214848;6.830784;351;6.530608
62;62006;59007;61005;-5.040056E-10;1;ОС-1:;состояние1_k-11.sig;1 дополнительное:;состояние2_k-28.sig;-0.1382786;-0.000692846;6.683835;78;0.1067301;102;4.21419;6.786947;442;6.577105
62;62006;59007;61005;-5.040056E-10;1;ОС-1:;состояние1_k-11.sig;1 дополнительное:;состояние2_k-29.sig;-0.1382786;-0.0002715059;6.683835;78;0.04293873;748;4.214046;6.724913;351;6.640896
62;62006;59007;61005;-5.040056E-10;1;ОС-1:;состояние1_k-11.sig;1 дополнительное:;состояние2_k-30.sig;-0.1382786;0;6.683835;78;0.02605516;36;4.213324;6.709515;669;6.657779
62;62006;59007;61005;-5.040056E-10;1;ОС-1:;состояние1_k-11.sig;1 дополнительное:;состояние2_k-31.sig;-0.1382786;-0.0006533401;6.683835;78;0.08767068;481;4.211809;6.771419;78;6.596164
62;62006;59007;61005;-5.040056E-10;1;ОС-1:;состояние1_k-11.sig;1 дополнительное:;состояние2_k-32.sig;-0.1382786;-0.001568081;6.683835;78;0.13437;55;4.209973;6.81754;305;6.549465
62;62006;59007;61005;-5.040056E-10;1;ОС-1:;состояние1_k-11.sig;1 дополнительное:;состояние2_k-33.sig;-0.1382786;-0.001614545;6.683835;78;0.1604428;291;4.249381;6.527373;305;6.523392
62;62006;59007;61005;-5.040056E-10;1;ОС-1:;состояние1_k-11.sig;1 дополнительное:;состояние2_k-34.sig;-0.1382786;-0.000755514;6.683835;78;0.1631229;425;4.207876;6.846173;396;6.520711
62;62006;59007;61005;-5.040056E-10;1;ОС-1:;состояние1_k-11.sig;1 дополнительное:;состояние2_k-35.sig;-0.1382786;0;6.683835;78;0.1426607;37;4.209282;6.823807;123;6.541174
62;62006;59007;61005;-5.040056E-10;1;ОС-1:;состояние1_k-11.sig;1 дополнительное:;состояние2_k-36.sig;-0.1382786;9.109131E-06;6.683835;78;0.1019385;226;4.211961;6.784064;351;6.581896
62;62006;59007;61005;-5.040056E-10;1;ОС-1:;состояние1_k-11.sig;1 дополнительное:;состояние2_k-37.sig;-0.1382786;-0.0002676615;6.683835;78;0.04762301;647;4.213674;6.729623;214;6.636211
62;62006;59007;61005;-5.040056E-10;1;ОС-1:;состояние1_k-11.sig;1 дополнительное:;состояние2_k-38.sig;-0.1382786;-0.0001236433;6.683835;78;0.03582662;276;4.213877;6.719454;487;6.648008
62;62006;59007;61005;-5.040056E-10;1;ОС-1:;состояние1_k-11.sig;1 дополнительное:;состояние2_k-39.sig;-0.1382786;0.0002584103;6.683835;78;0.1020291;699;4.213625;6.781805;32;6.581805
62;62006;59007;61005;-5.040056E-10;1;ОС-1:;состояние1_k-11.sig;1 дополнительное:;состояние2_k-40.sig;-0.1382786;4.097819E-09;6.683835;78;0.1696503;2;4.214222;6.852999;578;6.514184
62;62006;59007;61005;-5.040056E-10;1;ОС-1:;состояние1_k-12.sig;1 дополнительное:;состояние2_k-21.sig;-0.1691923;0.008313756;6.262954;59;0.7872412;778;4.003003;7.042783;17;5.475713
62;62006;59007;61005;-5.040056E-10;1;ОС-1:;состояние1_k-12.sig;1 дополнительное:;состояние2_k-22.sig;-0.1691923;0.005555566;6.262954;59;0.4425874;235;3.984644;6.692361;393;5.820366
62;62006;59007;61005;-5.040056E-10;1;ОС-1:;состояние1_k-12.sig;1 дополнительное:;состояние2_k-23.sig;-0.1691923;0.0005803326;6.262954;59;0.1998261;129;3.979177;6.461859;434;6.063128
62;62006;59007;61005;-5.040056E-10;1;ОС-1:;состояние1_k-12.sig;1 дополнительное:;состояние2_k-24.sig;-0.1691923;-0.0009491788;6.262954;59;0.1035653;110;3.980003;6.280254;101;6.159389
62;62006;59007;61005;-5.040056E-10;1;ОС-1:;состояние1_k-12.sig;1 дополнительное:;состояние2_k-25.sig;-0.1691923;0;6.262954;59;0.144291;15;3.981146;6.402114;476;6.118663
62;62006;59007;61005;-5.040056E-10;1;ОС-1:;состояние1_k-12.sig;1 дополнительное:;состояние2_k-26.sig;-0.1691923;0.0004181264;6.262954;59;0.1690107;7;3.981054;6.42993;142;6.093943
62;62006;59007;61005;-5.040056E-10;1;ОС-1:;состояние1_k-12.sig;1 дополнительное:;состояние2_k-27.sig;-0.1691923;-0.0002767032;6.262954;59;0.1532269;408;3.980818;6.409276;184;6.109727
62;62006;59007;61005;-5.040056E-10;1;ОС-1:;состояние1_k-12.sig;1 дополнительное:;состояние2_k-28.sig;-0.1691923;-0.000692846;6.262954;59;0.1067301;102;3.979609;6.365693;101;6.156224
62;62006;59007;61005;-5.040056E-10;1;ОС-1:;состояние1_k-12.sig;1 дополнительное:;состояние2_k-29.sig;-0.1691923;-0.0002715059;6.262954;59;0.04293873;748;3.97928;6.305598;559;6.220015
62;62006;59007;61005;-5.040056E-10;1;ОС-1:;состояние1_k-12.sig;1 дополнительное:;состояние2_k-30.sig;-0.1691923;0;6.262954;59;0.02605516;36;3.978633;6.287082;434;6.236898
62;62006;59007;61005;-5.040056E-10;1;ОС-1:;состояние1_k-12.sig;1 дополнительное:;состояние2_k-31.sig;-0.1691923;-0.0006533401;6.262954;59;0.08767068;481;3.978741;6.348832;142;6.175283
62;62006;59007;61005;-5.040056E-10;1;ОС-1:;состояние1_k-12.sig;1 дополнительное:;состояние2_k-32.sig;-0.1691923;-0.001568081;6.262954;59;0.13437;55;3.9796;6.393493;226;6.128584
62;62006;59007;61005;-5.040056E-10;1;ОС-1:;состояние1_k-12.sig;1 дополнительное:;состояние2_k-33.sig;-0.1691923;-0.001614545;6.262954;59;0.1604428;291;3.978753;6.420286;684;6.102511
62;62006;59007;61005;-5.040056E-10;1;ОС-1:;состояние1_k-12.sig;1 дополнительное:;состояние2_k-34.sig;-0.1691923;-0.000755514;6.262954;59;0.1631229;425;3.976504;6.422923;101;6.099831
62;62006;59007;61005;-5.040056E-10;1;ОС-1:;состояние1_k-12.sig;1 дополнительное:;состояние2_k-35.sig;-0.1691923;0;6.262954;59;0.1426607;37;3.974299;6.404531;309;6.120293
62;62006;59007;61005;-5.040056E-10;1;ОС-1:;состояние1_k-12.sig;1 дополнительное:;состояние2_k-36.sig;-0.1691923;9.109131E-06;6.262954;59;0.1019385;226;4.001079;6.161217;59;6.161015
62;62006;59007;61005;-5.040056E-10;1;ОС-1:;состояние1_k-12.sig;1 дополнительное:;состояние2_k-37.sig;-0.1691923;-0.0002676615;6.262954;59;0.04762301;647;3.976963;6.310542;309;6.215331
62;62006;59007;61005;-5.040056E-10;1;ОС-1:;состояние1_k-12.sig;1 дополнительное:;состояние2_k-38.sig;-0.1691923;-0.0001236433;6.262954;59;0.03582662;276;3.980251;6.298765;434;6.227127
62;62006;59007;61005;-5.040056E-10;1;ОС-1:;состояние1_k-12.sig;1 дополнительное:;состояние2_k-39.sig;-0.1691923;0.0002584103;6.262954;59;0.1020291;699;3.981667;6.361824;559;6.160924
62;62006;59007;61005;-5.040056E-10;1;ОС-1:;состояние1_k-12.sig;1 дополнительное:;состояние2_k-40.sig;-0.1691923;4.097819E-09;6.262954;59;0.1696503;2;3.981741;6.420129;101;6.093304
62;62006;59007;61005;-5.040056E-10;1;ОС-1:;состояние1_k-13.sig;1 дополнительное:;состояние2_k-21.sig;-0.1096976;0.008313756;5.722445;43;0.7872412;778;3.676274;6.50209;158;4.935204
62;62006;59007;61005;-5.040056E-10;1;ОС-1:;состояние1_k-13.sig;1 дополнительное:;состояние2_k-22.sig;-0.1096976;0.005555566;5.722445;43;0.4425874;235;3.650683;6.164245;235;5.279857
62;62006;59007;61005;-5.040056E-10;1;ОС-1:;состояние1_k-13.sig;1 дополнительное:;состояние2_k-23.sig;-0.1096976;0.0005803326;5.722445;43;0.1998261;129;3.637849;5.920798;389;5.522618
62;62006;59007;61005;-5.040056E-10;1;ОС-1:;состояние1_k-13.sig;1 дополнительное:;состояние2_k-24.sig;-0.1096976;-0.0009491788;5.722445;43;0.1035653;110;3.637881;5.825222;235;5.618879
62;62006;59007;61005;-5.040056E-10;1;ОС-1:;состояние1_k-13.sig;1 дополнительное:;состояние2_k-25.sig;-0.1096976;0;5.722445;43;0.144291;15;3.641375;5.864234;274;5.578154
62;62006;59007;61005;-5.040056E-10;1;ОС-1:;состояние1_k-13.sig;1 дополнительное:;состояние2_k-26.sig;-0.1096976;0.0004181264;5.722445;43;0.1690107;7;3.64159;5.878904;697;5.553434
62;62006;59007;61005;-5.040056E-10;1;ОС-1:;состояние1_k-13.sig;1 дополнительное:;состояние2_k-27.sig;-0.1096976;-0.0002767032;5.722445;43;0.1532269;408;3.63903;5.869965;427;5.569218
62;62006;59007;61005;-5.040056E-10;1;ОС-1:;состояние1_k-13.sig;1 дополнительное:;состояние2_k-28.sig;-0.1096976;-0.000692846;5.722445;43;0.1067301;102;3.636865;5.828781;120;5.615715
62;62006;59007;61005;-5.040056E-10;1;ОС-1:;состояние1_k-13.sig;1 дополнительное:;состояние2_k-29.sig;-0.1096976;-0.0002715059;5.722445;43;0.04293873;748;3.637242;5.762876;43;5.679506
62;62006;59007;61005;-5.040056E-10;1;ОС-1:;состояние1_k-13.sig;1 дополнительное:;состояние2_k-30.sig;-0.1096976;0;5.722445;43;0.02605516;36;3.637321;5.747962;120;5.696389
62;62006;59007;61005;-5.040056E-10;1;ОС-1:;состояние1_k-13.sig;1 дополнительное:;состояние2_k-31.sig;-0.1096976;-0.0006533401;5.722445;43;0.08767068;481;3.636356;5.808275;158;5.634774
62;62006;59007;61005;-5.040056E-10;1;ОС-1:;состояние1_k-13.sig;1 дополнительное:;состояние2_k-32.sig;-0.1096976;-0.001568081;5.722445;43;0.13437;55;3.635826;5.854709;774;5.588075
62;62006;59007;61005;-5.040056E-10;1;ОС-1:;состояние1_k-13.sig;1 дополнительное:;состояние2_k-33.sig;-0.1096976;-0.001614545;5.722445;43;0.1604428;291;3.637934;5.87745;428;5.562002
62;62006;59007;61005;-5.040056E-10;1;ОС-1:;состояние1_k-13.sig;1 дополнительное:;состояние2_k-34.sig;-0.1096976;-0.000755514;5.722445;43;0.1631229;425;3.639467;5.885127;543;5.559321
62;62006;59007;61005;-5.040056E-10;1;ОС-1:;состояние1_k-13.sig;1 дополнительное:;состояние2_k-35.sig;-0.1096976;0;5.722445;43;0.1426607;37;3.639437;5.864647;466;5.579784
62;62006;59007;61005;-5.040056E-10;1;ОС-1:;состояние1_k-13.sig;1 дополнительное:;состояние2_k-36.sig;-0.1096976;9.109131E-06;5.722445;43;0.1019385;226;3.63745;5.821558;351;5.620506
62;62006;59007;61005;-5.040056E-10;1;ОС-1:;состояние1_k-13.sig;1 дополнительное:;состояние2_k-37.sig;-0.1096976;-0.0002676615;5.722445;43;0.04762301;647;3.635896;5.769701;120;5.674821
62;62006;59007;61005;-5.040056E-10;1;ОС-1:;состояние1_k-13.sig;1 дополнительное:;состояние2_k-38.sig;-0.1096976;-0.0001236433;5.722445;43;0.03582662;276;3.637753;5.757312;697;5.686618
62;62006;59007;61005;-5.040056E-10;1;ОС-1:;состояние1_k-13.sig;1 дополнительное:;состояние2_k-39.sig;-0.1096976;0.0002584103;5.722445;43;0.1020291;699;3.619688;5.81149;274;5.620415
62;62006;59007;61005;-5.040056E-10;1;ОС-1:;состояние1_k-13.sig;1 дополнительное:;состояние2_k-40.sig;-0.1096976;4.097819E-09;5.722445;43;0.1696503;2;3.647498;5.876741;4;5.552794
62;62006;59007;61005;-5.040056E-10;1;ОС-1:;состояние1_k-14.sig;1 дополнительное:;состояние2_k-21.sig;-0.03376038;0.008313756;5.094599;172;0.7872412;778;3.258891;5.875137;636;4.307358
62;62006;59007;61005;-5.040056E-10;1;ОС-1:;состояние1_k-14.sig;1 дополнительное:;состояние2_k-22.sig;-0.03376038;0.005555566;5.094599;172;0.4425874;235;3.240332;5.528439;29;4.652012
62;62006;59007;61005;-5.040056E-10;1;ОС-1:;состояние1_k-14.sig;1 дополнительное:;состояние2_k-23.sig;-0.03376038;0.0005803326;5.094599;172;0.1998261;129;3.226492;5.293972;672;4.894773
62;62006;59007;61005;-5.040056E-10;1;ОС-1:;состояние1_k-14.sig;1 дополнительное:;состояние2_k-24.sig;-0.03376038;-0.0009491788;5.094599;172;0.1035653;110;3.222479;5.197688;172;4.991034
62;62006;59007;61005;-5.040056E-10;1;ОС-1:;состояние1_k-14.sig;1 дополнительное:;состояние2_k-25.sig;-0.03376038;0;5.094599;172;0.144291;15;3.22475;5.238447;315;4.950308
62;62006;59007;61005;-5.040056E-10;1;ОС-1:;состояние1_k-14.sig;1 дополнительное:;состояние2_k-26.sig;-0.03376038;0.0004181264;5.094599;172;0.1690107;7;3.226855;5.249771;101;4.925589
62;62006;59007;61005;-5.040056E-10;1;ОС-1:;состояние1_k-14.sig;1 дополнительное:;состояние2_k-27.sig;-0.03376038;-0.0002767032;5.094599;172;0.1532269;408;3.225195;5.24702;315;4.941372
62;62006;59007;61005;-5.040056E-10;1;ОС-1:;состояние1_k-14.sig;1 дополнительное:;состояние2_k-28.sig;-0.03376038;-0.000692846;5.094599;172;0.1067301;102;3.2233;5.198112;65;4.987869
62;62006;59007;61005;-5.040056E-10;1;ОС-1:;состояние1_k-14.sig;1 дополнительное:;состояние2_k-29.sig;-0.03376038;-0.0002715059;5.094599;172;0.04293873;748;3.222238;5.136008;386;5.051661
62;62006;59007;61005;-5.040056E-10;1;ОС-1:;состояние1_k-14.sig;1 дополнительное:;состояние2_k-30.sig;-0.03376038;0;5.094599;172;0.02605516;36;3.222731;5.119127;136;5.068544
62;62006;59007;61005;-5.040056E-10;1;ОС-1:;состояние1_k-14.sig;1 дополнительное:;состояние2_k-31.sig;-0.03376038;-0.0006533401;5.094599;172;0.08767068;481;3.222922;5.181663;529;5.006928
62;62006;59007;61005;-5.040056E-10;1;ОС-1:;состояние1_k-14.sig;1 дополнительное:;состояние2_k-32.sig;-0.03376038;-0.001568081;5.094599;172;0.13437;55;3.22136;5.224483;493;4.960229
62;62006;59007;61005;-5.040056E-10;1;ОС-1:;состояние1_k-14.sig;1 дополнительное:;состояние2_k-33.sig;-0.03376038;-0.001614545;5.094599;172;0.1604428;291;3.221537;5.252995;458;4.934156
62;62006;59007;61005;-5.040056E-10;1;ОС-1:;состояние1_k-14.sig;1 дополнительное:;состояние2_k-34.sig;-0.03376038;-0.000755514;5.094599;172;0.1631229;425;3.223005;5.253273;29;4.931476
62;62006;59007;61005;-5.040056E-10;1;ОС-1:;состояние1_k-14.sig;1 дополнительное:;состояние2_k-35.sig;-0.03376038;0;5.094599;172;0.1426607;37;3.223287;5.23565;65;4.951939
62;62006;59007;61005;-5.040056E-10;1;ОС-1:;состояние1_k-14.sig;1 дополнительное:;состояние2_k-36.sig;-0.03376038;9.109131E-06;5.094599;172;0.1019385;226;3.223654;5.192795;101;4.992661
62;62006;59007;61005;-5.040056E-10;1;ОС-1:;состояние1_k-14.sig;1 дополнительное:;состояние2_k-37.sig;-0.03376038;-0.0002676615;5.094599;172;0.04762301;647;3.222722;5.140688;565;5.046976
62;62006;59007;61005;-5.040056E-10;1;ОС-1:;состояние1_k-14.sig;1 дополнительное:;состояние2_k-38.sig;-0.03376038;-0.0001236433;5.094599;172;0.03582662;276;3.222162;5.129775;65;5.058773
62;62006;59007;61005;-5.040056E-10;1;ОС-1:;состояние1_k-14.sig;1 дополнительное:;состояние2_k-39.sig;-0.03376038;0.0002584103;5.094599;172;0.1020291;699;3.223682;5.191449;136;4.99257
62;62006;59007;61005;-5.040056E-10;1;ОС-1:;состояние1_k-14.sig;1 дополнительное:;состояние2_k-40.sig;-0.03376038;4.097819E-09;5.094599;172;0.1696503;2;3.227386;5.26491;315;4.924949
62;62006;59007;61005;-5.040056E-10;1;ОС-1:;состояние1_k-15.sig;1 дополнительное:;состояние2_k-21.sig;0;0.008313756;4.411686;84;0.7872412;778;2.836532;5.131385;418;3.624445
62;62006;59007;61005;-5.040056E-10;1;ОС-1:;состояние1_k-15.sig;1 дополнительное:;состояние2_k-22.sig;0;0.005555566;4.411686;84;0.4425874;235;2.823193;4.850417;484;3.969099
62;62006;59007;61005;-5.040056E-10;1;ОС-1:;состояние1_k-15.sig;1 дополнительное:;состояние2_k-23.sig;0;0.0005803326;4.411686;84;0.1998261;129;2.81382;4.607161;151;4.21186
62;62006;59007;61005;-5.040056E-10;1;ОС-1:;состояние1_k-15.sig;1 дополнительное:;состояние2_k-24.sig;0;-0.0009491788;4.411686;84;0.1035653;110;2.809395;4.512522;317;4.308121
62;62006;59007;61005;-5.040056E-10;1;ОС-1:;состояние1_k-15.sig;1 дополнительное:;состояние2_k-25.sig;0;0;4.411686;84;0.144291;15;2.809226;4.528186;51;4.267395
62;62006;59007;61005;-5.040056E-10;1;ОС-1:;состояние1_k-15.sig;1 дополнительное:;состояние2_k-26.sig;0;0.0004181264;4.411686;84;0.1690107;7;2.810817;4.580674;584;4.242675
62;62006;59007;61005;-5.040056E-10;1;ОС-1:;состояние1_k-15.sig;1 дополнительное:;состояние2_k-27.sig;0;-0.0002767032;4.411686;84;0.1532269;408;2.810849;4.558008;184;4.258459
62;62006;59007;61005;-5.040056E-10;1;ОС-1:;состояние1_k-15.sig;1 дополнительное:;состояние2_k-28.sig;0;-0.000692846;4.411686;84;0.1067301;102;2.809786;4.518376;84;4.304956
62;62006;59007;61005;-5.040056E-10;1;ОС-1:;состояние1_k-15.sig;1 дополнительное:;состояние2_k-29.sig;0;-0.0002715059;4.411686;84;0.04293873;748;2.809049;4.45302;284;4.368747
62;62006;59007;61005;-5.040056E-10;1;ОС-1:;состояние1_k-15.sig;1 дополнительное:;состояние2_k-30.sig;0;0;4.411686;84;0.02605516;36;2.808977;4.435814;84;4.385631
62;62006;59007;61005;-5.040056E-10;1;ОС-1:;состояние1_k-15.sig;1 дополнительное:;состояние2_k-31.sig;0;-0.0006533401;4.411686;84;0.08767068;481;2.80905;4.499274;384;4.324015
62;62006;59007;61005;-5.040056E-10;1;ОС-1:;состояние1_k-15.sig;1 дополнительное:;состояние2_k-32.sig;0;-0.001568081;4.411686;84;0.13437;55;2.809558;4.545528;117;4.277316
62;62006;59007;61005;-5.040056E-10;1;ОС-1:;состояние1_k-15.sig;1 дополнительное:;состояние2_k-33.sig;0;-0.001614545;4.411686;84;0.1604428;291;2.809927;4.561573;217;4.251243
62;62006;59007;61005;-5.040056E-10;1;ОС-1:;состояние1_k-15.sig;1 дополнительное:;состояние2_k-34.sig;0;-0.000755514;4.411686;84;0.1631229;425;2.809898;4.572182;617;4.248563
62;62006;59007;61005;-5.040056E-10;1;ОС-1:;состояние1_k-15.sig;1 дополнительное:;состояние2_k-35.sig;0;0;4.411686;84;0.1426607;37;2.810566;4.508284;83;4.269025
62;62006;59007;61005;-5.040056E-10;1;ОС-1:;состояние1_k-15.sig;1 дополнительное:;состояние2_k-36.sig;0;9.109131E-06;4.411686;84;0.1019385;226;2.808695;4.513422;684;4.309747
62;62006;59007;61005;-5.040056E-10;1;ОС-1:;состояние1_k-15.sig;1 дополнительное:;состояние2_k-37.sig;0;-0.0002676615;4.411686;84;0.04762301;647;2.808698;4.459052;417;4.364063
62;62006;59007;61005;-5.040056E-10;1;ОС-1:;состояние1_k-15.sig;1 дополнительное:;состояние2_k-38.sig;0;-0.0001236433;4.411686;84;0.03582662;276;2.809333;4.447497;684;4.375859
62;62006;59007;61005;-5.040056E-10;1;ОС-1:;состояние1_k-15.sig;1 дополнительное:;состояние2_k-39.sig;0;0.0002584103;4.411686;84;0.1020291;699;2.809784;4.499413;184;4.309657
62;62006;59007;61005;-5.040056E-10;1;ОС-1:;состояние1_k-15.sig;1 дополнительное:;состояние2_k-40.sig;0;4.097819E-09;4.411686;84;0.1696503;2;2.80972;4.566967;51;4.242036
62;62006;59007;61005;-5.040056E-10;1;ОС-1:;состояние1_k-16.sig;1 дополнительное:;состояние2_k-21.sig;-0.01178134;0.008313756;3.707205;69;0.7872412;778;2.399889;4.489104;350;2.919964
62;62006;59007;61005;-5.040056E-10;1;ОС-1:;состояние1_k-16.sig;1 дополнительное:;состояние2_k-22.sig;-0.01178134;0.005555566;3.707205;69;0.4425874;235;2.389463;4.146819;257;3.264618
62;62006;59007;61005;-5.040056E-10;1;ОС-1:;состояние1_k-16.sig;1 дополнительное:;состояние2_k-23.sig;-0.01178134;0.0005803326;3.707205;69;0.1998261;129;2.385536;3.906944;194;3.507379
62;62006;59007;61005;-5.040056E-10;1;ОС-1:;состояние1_k-16.sig;1 дополнительное:;состояние2_k-24.sig;-0.01178134;-0.0009491788;3.707205;69;0.1035653;110;2.379739;3.808589;7;3.60364
62;62006;59007;61005;-5.040056E-10;1;ОС-1:;состояние1_k-16.sig;1 дополнительное:;состояние2_k-25.sig;-0.01178134;0;3.707205;69;0.144291;15;2.377409;3.850774;194;3.562914
62;62006;59007;61005;-5.040056E-10;1;ОС-1:;состояние1_k-16.sig;1 дополнительное:;состояние2_k-26.sig;-0.01178134;0.0004181264;3.707205;69;0.1690107;7;2.378693;3.875211;257;3.538195
62;62006;59007;61005;-5.040056E-10;1;ОС-1:;состояние1_k-16.sig;1 дополнительное:;состояние2_k-27.sig;-0.01178134;-0.0002767032;3.707205;69;0.1532269;408;2.380813;3.860796;38;3.553978
62;62006;59007;61005;-5.040056E-10;1;ОС-1:;состояние1_k-16.sig;1 дополнительное:;состояние2_k-28.sig;-0.01178134;-0.000692846;3.707205;69;0.1067301;102;2.38074;3.807223;101;3.600475
62;62006;59007;61005;-5.040056E-10;1;ОС-1:;состояние1_k-16.sig;1 дополнительное:;состояние2_k-29.sig;-0.01178134;-0.0002715059;3.707205;69;0.04293873;748;2.378695;3.749799;163;3.664267
62;62006;59007;61005;-5.040056E-10;1;ОС-1:;состояние1_k-16.sig;1 дополнительное:;состояние2_k-30.sig;-0.01178134;0;3.707205;69;0.02605516;36;2.377962;3.733192;319;3.68115
62;62006;59007;61005;-5.040056E-10;1;ОС-1:;состояние1_k-16.sig;1 дополнительное:;состояние2_k-31.sig;-0.01178134;-0.0006533401;3.707205;69;0.08767068;481;2.378643;3.795041;288;3.619535
62;62006;59007;61005;-5.040056E-10;1;ОС-1:;состояние1_k-16.sig;1 дополнительное:;состояние2_k-32.sig;-0.01178134;-0.001568081;3.707205;69;0.13437;55;2.379687;3.837844;7;3.572835
62;62006;59007;61005;-5.040056E-10;1;ОС-1:;состояние1_k-16.sig;1 дополнительное:;состояние2_k-33.sig;-0.01178134;-0.001614545;3.707205;69;0.1604428;291;2.378507;3.866245;413;3.546762
62;62006;59007;61005;-5.040056E-10;1;ОС-1:;состояние1_k-16.sig;1 дополнительное:;состояние2_k-34.sig;-0.01178134;-0.000755514;3.707205;69;0.1631229;425;2.377788;3.864767;382;3.544082
62;62006;59007;61005;-5.040056E-10;1;ОС-1:;состояние1_k-16.sig;1 дополнительное:;состояние2_k-35.sig;-0.01178134;0;3.707205;69;0.1426607;37;2.377924;3.849785;194;3.564545
62;62006;59007;61005;-5.040056E-10;1;ОС-1:;состояние1_k-16.sig;1 дополнительное:;состояние2_k-36.sig;-0.01178134;9.109131E-06;3.707205;69;0.1019385;226;2.37893;3.804123;226;3.605267
62;62006;59007;61005;-5.040056E-10;1;ОС-1:;состояние1_k-16.sig;1 дополнительное:;состояние2_k-37.sig;-0.01178134;-0.0002676615;3.707205;69;0.04762301;647;2.378577;3.754712;444;3.659582
62;62006;59007;61005;-5.040056E-10;1;ОС-1:;состояние1_k-16.sig;1 дополнительное:;состояние2_k-38.sig;-0.01178134;-0.0001236433;3.707205;69;0.03582662;276;2.377836;3.742391;38;3.671379
62;62006;59007;61005;-5.040056E-10;1;ОС-1:;состояние1_k-16.sig;1 дополнительное:;состояние2_k-39.sig;-0.01178134;0.0002584103;3.707205;69;0.1020291;699;2.37792;3.808181;288;3.605176
62;62006;59007;61005;-5.040056E-10;1;ОС-1:;состояние1_k-16.sig;1 дополнительное:;состояние2_k-40.sig;-0.01178134;4.097819E-09;3.707205;69;0.1696503;2;2.3791;3.86166;101;3.537555
62;62006;59007;61005;-5.040056E-10;1;ОС-1:;состояние1_k-17.sig;1 дополнительное:;состояние2_k-21.sig;-0.03428751;0.008313756;3.012509;468;0.7872412;778;1.95898;3.798278;468;2.225267
62;62006;59007;61005;-5.040056E-10;1;ОС-1:;состояние1_k-17.sig;1 дополнительное:;состояние2_k-22.sig;-0.03428751;0.005555566;3.012509;468;0.4425874;235;1.930741;3.451173;144;2.569921
62;62006;59007;61005;-5.040056E-10;1;ОС-1:;состояние1_k-17.sig;1 дополнительное:;состояние2_k-23.sig;-0.03428751;0.0005803326;3.012509;468;0.1998261;129;1.928282;3.209781;86;2.812683
62;62006;59007;61005;-5.040056E-10;1;ОС-1:;состояние1_k-17.sig;1 дополнительное:;состояние2_k-24.sig;-0.03428751;-0.0009491788;3.012509;468;0.1035653;110;1.926314;3.115574;27;2.908943
62;62006;59007;61005;-5.040056E-10;1;ОС-1:;состояние1_k-17.sig;1 дополнительное:;состояние2_k-25.sig;-0.03428751;0;3.012509;468;0.144291;15;1.922291;3.156727;115;2.868218
62;62006;59007;61005;-5.040056E-10;1;ОС-1:;состояние1_k-17.sig;1 дополнительное:;состояние2_k-26.sig;-0.03428751;0.0004181264;3.012509;468;0.1690107;7;1.921354;3.179603;527;2.843498
62;62006;59007;61005;-5.040056E-10;1;ОС-1:;состояние1_k-17.sig;1 дополнительное:;состояние2_k-27.sig;-0.03428751;-0.0002767032;3.012509;468;0.1532269;408;1.923499;3.164678;56;2.859282
62;62006;59007;61005;-5.040056E-10;1;ОС-1:;состояние1_k-17.sig;1 дополнительное:;состояние2_k-28.sig;-0.03428751;-0.000692846;3.012509;468;0.1067301;102;1.924755;3.118517;674;2.905778
62;62006;59007;61005;-5.040056E-10;1;ОС-1:;состояние1_k-17.sig;1 дополнительное:;состояние2_k-29.sig;-0.03428751;-0.0002715059;3.012509;468;0.04293873;748;1.923577;3.051708;350;2.96957
62;62006;59007;61005;-5.040056E-10;1;ОС-1:;состояние1_k-17.sig;1 дополнительное:;состояние2_k-30.sig;-0.03428751;0;3.012509;468;0.02605516;36;1.921909;3.03697;203;2.986454
62;62006;59007;61005;-5.040056E-10;1;ОС-1:;состояние1_k-17.sig;1 дополнительное:;состояние2_k-31.sig;-0.03428751;-0.0006533401;3.012509;468;0.08767068;481;1.92279;3.099476;174;2.924838
62;62006;59007;61005;-5.040056E-10;1;ОС-1:;состояние1_k-17.sig;1 дополнительное:;состояние2_k-32.sig;-0.03428751;-0.001568081;3.012509;468;0.13437;55;1.923797;3.144813;86;2.878139
62;62006;59007;61005;-5.040056E-10;1;ОС-1:;состояние1_k-17.sig;1 дополнительное:;состояние2_k-33.sig;-0.03428751;-0.001614545;3.012509;468;0.1604428;291;1.92368;3.172566;321;2.852066
62;62006;59007;61005;-5.040056E-10;1;ОС-1:;состояние1_k-17.sig;1 дополнительное:;состояние2_k-34.sig;-0.03428751;-0.000755514;3.012509;468;0.1631229;425;1.924404;3.171796;527;2.849386
62;62006;59007;61005;-5.040056E-10;1;ОС-1:;состояние1_k-17.sig;1 дополнительное:;состояние2_k-35.sig;-0.03428751;0;3.012509;468;0.1426607;37;1.921829;3.154218;380;2.869848
62;62006;59007;61005;-5.040056E-10;1;ОС-1:;состояние1_k-17.sig;1 дополнительное:;состояние2_k-36.sig;-0.03428751;9.109131E-06;3.012509;468;0.1019385;226;1.921853;3.114313;615;2.91057
62;62006;59007;61005;-5.040056E-10;1;ОС-1:;состояние1_k-17.sig;1 дополнительное:;состояние2_k-37.sig;-0.03428751;-0.0002676615;3.012509;468;0.04762301;647;1.922868;3.059923;174;2.964886
62;62006;59007;61005;-5.040056E-10;1;ОС-1:;состояние1_k-17.sig;1 дополнительное:;состояние2_k-38.sig;-0.03428751;-0.0001236433;3.012509;468;0.03582662;276;1.922334;3.047383;762;2.976682
62;62006;59007;61005;-5.040056E-10;1;ОС-1:;состояние1_k-17.sig;1 дополнительное:;состояние2_k-39.sig;-0.03428751;0.0002584103;3.012509;468;0.1020291;699;1.92141;3.113103;174;2.91048
62;62006;59007;61005;-5.040056E-10;1;ОС-1:;состояние1_k-17.sig;1 дополнительное:;состояние2_k-40.sig;-0.03428751;4.097819E-09;3.012509;468;0.1696503;2;1.921473;3.18319;115;2.842858
62;62006;59007;61005;-5.040056E-10;1;ОС-1:;состояние1_k-18.sig;1 дополнительное:;состояние2_k-21.sig;-0.03745341;0.008313756;2.352955;378;0.7872412;778;1.571061;3.136973;350;1.565714
62;62006;59007;61005;-5.040056E-10;1;ОС-1:;состояние1_k-18.sig;1 дополнительное:;состояние2_k-22.sig;-0.03745341;0.005555566;2.352955;378;0.4425874;235;1.513921;2.789081;212;1.910368
62;62006;59007;61005;-5.040056E-10;1;ОС-1:;состояние1_k-18.sig;1 дополнительное:;состояние2_k-23.sig;-0.03745341;0.0005803326;2.352955;378;0.1998261;129;1.501391;2.55075;128;2.153129
62;62006;59007;61005;-5.040056E-10;1;ОС-1:;состояние1_k-18.sig;1 дополнительное:;состояние2_k-24.sig;-0.03745341;-0.0009491788;2.352955;378;0.1035653;110;1.500722;2.446907;45;2.24939
62;62006;59007;61005;-5.040056E-10;1;ОС-1:;состояние1_k-18.sig;1 дополнительное:;состояние2_k-25.sig;-0.03745341;0;2.352955;378;0.144291;15;1.499147;2.495794;295;2.208664
62;62006;59007;61005;-5.040056E-10;1;ОС-1:;состояние1_k-18.sig;1 дополнительное:;состояние2_k-26.sig;-0.03745341;0.0004181264;2.352955;378;0.1690107;7;1.497468;2.518153;239;2.183945
62;62006;59007;61005;-5.040056E-10;1;ОС-1:;состояние1_k-18.sig;1 дополнительное:;состояние2_k-27.sig;-0.03745341;-0.0002767032;2.352955;378;0.1532269;408;1.498051;2.496941;295;2.199728
62;62006;59007;61005;-5.040056E-10;1;ОС-1:;состояние1_k-18.sig;1 дополнительное:;состояние2_k-28.sig;-0.03745341;-0.000692846;2.352955;378;0.1067301;102;1.498766;2.458803;156;2.246225
62;62006;59007;61005;-5.040056E-10;1;ОС-1:;состояние1_k-18.sig;1 дополнительное:;состояние2_k-29.sig;-0.03745341;-0.0002715059;2.352955;378;0.04293873;748;1.49854;2.395567;128;2.310017
62;62006;59007;61005;-5.040056E-10;1;ОС-1:;состояние1_k-18.sig;1 дополнительное:;состояние2_k-30.sig;-0.03745341;0;2.352955;378;0.02605516;36;1.49734;2.374836;239;2.3269
62;62006;59007;61005;-5.040056E-10;1;ОС-1:;состояние1_k-18.sig;1 дополнительное:;состояние2_k-31.sig;-0.03745341;-0.0006533401;2.352955;378;0.08767068;481;1.497039;2.440361;739;2.265285
62;62006;59007;61005;-5.040056E-10;1;ОС-1:;состояние1_k-18.sig;1 дополнительное:;состояние2_k-32.sig;-0.03745341;-0.001568081;2.352955;378;0.13437;55;1.497511;2.48542;461;2.218585
62;62006;59007;61005;-5.040056E-10;1;ОС-1:;состояние1_k-18.sig;1 дополнительное:;состояние2_k-33.sig;-0.03745341;-0.001614545;2.352955;378;0.1604428;291;1.498695;2.509576;489;2.192513
62;62006;59007;61005;-5.040056E-10;1;ОС-1:;состояние1_k-18.sig;1 дополнительное:;состояние2_k-34.sig;-0.03745341;-0.000755514;2.352955;378;0.1631229;425;1.499051;2.512796;72;2.189832
62;62006;59007;61005;-5.040056E-10;1;ОС-1:;состояние1_k-18.sig;1 дополнительное:;состояние2_k-35.sig;-0.03745341;0;2.352955;378;0.1426607;37;1.498196;2.491699;295;2.210295
62;62006;59007;61005;-5.040056E-10;1;ОС-1:;состояние1_k-18.sig;1 дополнительное:;состояние2_k-36.sig;-0.03745341;9.109131E-06;2.352955;378;0.1019385;226;1.498553;2.453799;267;2.251017
62;62006;59007;61005;-5.040056E-10;1;ОС-1:;состояние1_k-18.sig;1 дополнительное:;состояние2_k-37.sig;-0.03745341;-0.0002676615;2.352955;378;0.04762301;647;1.497642;2.399578;350;2.305332
62;62006;59007;61005;-5.040056E-10;1;ОС-1:;состояние1_k-18.sig;1 дополнительное:;состояние2_k-38.sig;-0.03745341;-0.0001236433;2.352955;378;0.03582662;276;1.497662;2.386222;211;2.317129
62;62006;59007;61005;-5.040056E-10;1;ОС-1:;состояние1_k-18.sig;1 дополнительное:;состояние2_k-39.sig;-0.03745341;0.0002584103;2.352955;378;0.1020291;699;1.49763;2.454237;378;2.250926
62;62006;59007;61005;-5.040056E-10;1;ОС-1:;состояние1_k-18.sig;1 дополнительное:;состояние2_k-40.sig;-0.03745341;4.097819E-09;2.352955;378;0.1696503;2;1.498225;2.52212;128;2.183305
62;62006;59007;61005;-5.040056E-10;1;ОС-1:;состояние1_k-19.sig;1 дополнительное:;состояние2_k-21.sig;-0.02000877;0.008313756;1.751725;508;0.7872412;778;1.248032;2.537108;87;0.9644841
62;62006;59007;61005;-5.040056E-10;1;ОС-1:;состояние1_k-19.sig;1 дополнительное:;состояние2_k-22.sig;-0.02000877;0.005555566;1.751725;508;0.4425874;235;1.154912;2.193898;8;1.309138
62;62006;59007;61005;-5.040056E-10;1;ОС-1:;состояние1_k-19.sig;1 дополнительное:;состояние2_k-23.sig;-0.02000877;0.0005803326;1.751725;508;0.1998261;129;1.123527;1.950079;455;1.551899
62;62006;59007;61005;-5.040056E-10;1;ОС-1:;состояние1_k-19.sig;1 дополнительное:;состояние2_k-24.sig;-0.02000877;-0.0009491788;1.751725;508;0.1035653;110;1.12121;1.852315;297;1.64816
62;62006;59007;61005;-5.040056E-10;1;ОС-1:;состояние1_k-19.sig;1 дополнительное:;состояние2_k-25.sig;-0.02000877;0;1.751725;508;0.144291;15;1.123576;1.89425;34;1.607434
62;62006;59007;61005;-5.040056E-10;1;ОС-1:;состояние1_k-19.sig;1 дополнительное:;состояние2_k-26.sig;-0.02000877;0.0004181264;1.751725;508;0.1690107;7;1.122359;1.918364;8;1.582715
62;62006;59007;61005;-5.040056E-10;1;ОС-1:;состояние1_k-19.sig;1 дополнительное:;состояние2_k-27.sig;-0.02000877;-0.0002767032;1.751725;508;0.1532269;408;1.120502;1.903495;482;1.598498
62;62006;59007;61005;-5.040056E-10;1;ОС-1:;состояние1_k-19.sig;1 дополнительное:;состояние2_k-28.sig;-0.02000877;-0.000692846;1.751725;508;0.1067301;102;1.120224;1.858016;745;1.644995
62;62006;59007;61005;-5.040056E-10;1;ОС-1:;состояние1_k-19.sig;1 дополнительное:;состояние2_k-29.sig;-0.02000877;-0.0002715059;1.751725;508;0.04293873;748;1.120672;1.793197;455;1.708787
62;62006;59007;61005;-5.040056E-10;1;ОС-1:;состояние1_k-19.sig;1 дополнительное:;состояние2_k-30.sig;-0.02000877;0;1.751725;508;0.02605516;36;1.120159;1.7773;87;1.72567
62;62006;59007;61005;-5.040056E-10;1;ОС-1:;состояние1_k-19.sig;1 дополнительное:;состояние2_k-31.sig;-0.02000877;-0.0006533401;1.751725;508;0.08767068;481;1.1196;1.836781;61;1.664055
62;62006;59007;61005;-5.040056E-10;1;ОС-1:;состояние1_k-19.sig;1 дополнительное:;состояние2_k-32.sig;-0.02000877;-0.001568081;1.751725;508;0.13437;55;1.119825;1.886131;508;1.617355
62;62006;59007;61005;-5.040056E-10;1;ОС-1:;состояние1_k-19.sig;1 дополнительное:;состояние2_k-33.sig;-0.02000877;-0.001614545;1.751725;508;0.1604428;291;1.121199;1.910686;245;1.591282
62;62006;59007;61005;-5.040056E-10;1;ОС-1:;состояние1_k-19.sig;1 дополнительное:;состояние2_k-34.sig;-0.02000877;-0.000755514;1.751725;508;0.1631229;425;1.122046;1.914589;87;1.588602
62;62006;59007;61005;-5.040056E-10;1;ОС-1:;состояние1_k-19.sig;1 дополнительное:;состояние2_k-35.sig;-0.02000877;0;1.751725;508;0.1426607;37;1.121563;1.893722;8;1.609065
62;62006;59007;61005;-5.040056E-10;1;ОС-1:;состояние1_k-19.sig;1 дополнительное:;состояние2_k-36.sig;-0.02000877;9.109131E-06;1.751725;508;0.1019385;226;1.120818;1.853593;587;1.649787
62;62006;59007;61005;-5.040056E-10;1;ОС-1:;состояние1_k-19.sig;1 дополнительное:;состояние2_k-37.sig;-0.02000877;-0.0002676615;1.751725;508;0.04762301;647;1.120111;1.796712;376;1.704102
62;62006;59007;61005;-5.040056E-10;1;ОС-1:;состояние1_k-19.sig;1 дополнительное:;состояние2_k-38.sig;-0.02000877;-0.0001236433;1.751725;508;0.03582662;276;1.120436;1.767306;482;1.715899
62;62006;59007;61005;-5.040056E-10;1;ОС-1:;состояние1_k-19.sig;1 дополнительное:;состояние2_k-39.sig;-0.02000877;0.0002584103;1.751725;508;0.1020291;699;1.121004;1.85176;455;1.649696
62;62006;59007;61005;-5.040056E-10;1;ОС-1:;состояние1_k-19.sig;1 дополнительное:;состояние2_k-40.sig;-0.02000877;4.097819E-09;1.751725;508;0.1696503;2;1.121329;1.92;140;1.582075
62;62006;59007;61005;-5.040056E-10;1;ОС-1:;состояние1_k-20.sig;1 дополнительное:;состояние2_k-21.sig;0;0.008313756;1.225676;25;0.7872412;778;0.9808912;2.010583;350;0.438435
62;62006;59007;61005;-5.040056E-10;1;ОС-1:;состояние1_k-20.sig;1 дополнительное:;состояние2_k-22.sig;0;0.005555566;1.225676;25;0.4425874;235;0.8450224;1.665105;75;0.7830888
62;62006;59007;61005;-5.040056E-10;1;ОС-1:;состояние1_k-20.sig;1 дополнительное:;состояние2_k-23.sig;0;0.0005803326;1.225676;25;0.1998261;129;0.7882515;1.425232;325;1.02585
62;62006;59007;61005;-5.040056E-10;1;ОС-1:;состояние1_k-20.sig;1 дополнительное:;состояние2_k-24.sig;0;-0.0009491788;1.225676;25;0.1035653;110;0.7775962;1.325388;150;1.122111
62;62006;59007;61005;-5.040056E-10;1;ОС-1:;состояние1_k-20.sig;1 дополнительное:;состояние2_k-25.sig;0;0;1.225676;25;0.144291;15;0.7831248;1.369967;75;1.081385
62;62006;59007;61005;-5.040056E-10;1;ОС-1:;состояние1_k-20.sig;1 дополнительное:;состояние2_k-26.sig;0;0.0004181264;1.225676;25;0.1690107;7;0.7853101;1.393522;200;1.056665
62;62006;59007;61005;-5.040056E-10;1;ОС-1:;состояние1_k-20.sig;1 дополнительное:;состояние2_k-27.sig;0;-0.0002767032;1.225676;25;0.1532269;408;0.7824833;1.378656;575;1.072449
62;62006;59007;61005;-5.040056E-10;1;ОС-1:;состояние1_k-20.sig;1 дополнительное:;состояние2_k-28.sig;0;-0.000692846;1.225676;25;0.1067301;102;0.7797054;1.325781;100;1.118946
62;62006;59007;61005;-5.040056E-10;1;ОС-1:;состояние1_k-20.sig;1 дополнительное:;состояние2_k-29.sig;0;-0.0002715059;1.225676;25;0.04293873;748;0.7800849;1.268565;300;1.182737
62;62006;59007;61005;-5.040056E-10;1;ОС-1:;состояние1_k-20.sig;1 дополнительное:;состояние2_k-30.sig;0;0;1.225676;25;0.02605516;36;0.780803;1.248382;0;1.199621
62;62006;59007;61005;-5.040056E-10;1;ОС-1:;состояние1_k-20.sig;1 дополнительное:;состояние2_k-31.sig;0;-0.0006533401;1.225676;25;0.08767068;481;0.7798932;1.313004;175;1.138005
62;62006;59007;61005;-5.040056E-10;1;ОС-1:;состояние1_k-20.sig;1 дополнительное:;состояние2_k-32.sig;0;-0.001568081;1.225676;25;0.13437;55;0.7794257;1.355053;150;1.091306
62;62006;59007;61005;-5.040056E-10;1;ОС-1:;состояние1_k-20.sig;1 дополнительное:;состояние2_k-33.sig;0;-0.001614545;1.225676;25;0.1604428;291;0.7804521;1.386083;200;1.065233
62;62006;59007;61005;-5.040056E-10;1;ОС-1:;состояние1_k-20.sig;1 дополнительное:;состояние2_k-34.sig;0;-0.000755514;1.225676;25;0.1631229;425;0.782394;1.388799;175;1.062553
62;62006;59007;61005;-5.040056E-10;1;ОС-1:;состояние1_k-20.sig;1 дополнительное:;состояние2_k-35.sig;0;0;1.225676;25;0.1426607;37;0.7832537;1.362579;150;1.083015
62;62006;59007;61005;-5.040056E-10;1;ОС-1:;состояние1_k-20.sig;1 дополнительное:;состояние2_k-36.sig;0;9.109131E-06;1.225676;25;0.1019385;226;0.7815059;1.319424;74;1.123738
62;62006;59007;61005;-5.040056E-10;1;ОС-1:;состояние1_k-20.sig;1 дополнительное:;состояние2_k-37.sig;0;-0.0002676615;1.225676;25;0.04762301;647;0.7802132;1.273188;350;1.178053
62;62006;59007;61005;-5.040056E-10;1;ОС-1:;состояние1_k-20.sig;1 дополнительное:;состояние2_k-38.sig;0;-0.0001236433;1.225676;25;0.03582662;276;0.7805955;1.261387;250;1.18985
62;62006;59007;61005;-5.040056E-10;1;ОС-1:;состояние1_k-20.sig;1 дополнительное:;состояние2_k-39.sig;0;0.0002584103;1.225676;25;0.1020291;699;0.7823811;1.327449;750;1.123647
62;62006;59007;61005;-5.040056E-10;1;ОС-1:;состояние1_k-20.sig;1 дополнительное:;состояние2_k-40.sig;0;4.097819E-09;1.225676;25;0.1696503;2;0.7857007;1.372234;1;1.056026
62;62007;60008;55001;5.91157E-09;1;ОС-1:;состояние1_k-1.sig;1 дополнительное:;состояние2_k-21.sig;-0.1677577;-0.03445686;0.6919096;799;3.199959;88;2.056121;3.93631;374;2.508049
62;62007;60008;55001;5.91157E-09;1;ОС-1:;состояние1_k-1.sig;1 дополнительное:;состояние2_k-22.sig;-0.1677577;-0.04721271;0.6919096;799;3.277252;168;2.117021;4.018066;350;2.585343
62;62007;60008;55001;5.91157E-09;1;ОС-1:;состояние1_k-1.sig;1 дополнительное:;состояние2_k-23.sig;-0.1677577;-0.03541024;0.6919096;799;3.350201;763;2.160292;4.086859;372;2.658291
62;62007;60008;55001;5.91157E-09;1;ОС-1:;состояние1_k-1.sig;1 дополнительное:;состояние2_k-24.sig;-0.1677577;-0.01366758;0.6919096;799;3.405085;17;2.188948;4.144912;350;2.713176
62;62007;60008;55001;5.91157E-09;1;ОС-1:;состояние1_k-1.sig;1 дополнительное:;состояние2_k-25.sig;-0.1677577;0;0.6919096;799;3.427543;11;2.21065;4.167449;371;2.735634
62;62007;60008;55001;5.91157E-09;1;ОС-1:;состояние1_k-1.sig;1 дополнительное:;состояние2_k-26.sig;-0.1677577;-0.002056573;0.6919096;799;3.433994;351;2.220298;4.175645;351;2.742084
62;62007;60008;55001;5.91157E-09;1;ОС-1:;состояние1_k-1.sig;1 дополнительное:;состояние2_k-27.sig;-0.1677577;-0.01360244;0.6919096;799;3.401805;333;2.195191;4.142076;370;2.709895
62;62007;60008;55001;5.91157E-09;1;ОС-1:;состояние1_k-1.sig;1 дополнительное:;состояние2_k-28.sig;-0.1677577;-0.02161071;0.6919096;799;3.339202;102;2.146849;4.081044;352;2.647292
62;62007;60008;55001;5.91157E-09;1;ОС-1:;состояние1_k-1.sig;1 дополнительное:;состояние2_k-29.sig;-0.1677577;-0.01684194;0.6919096;799;3.248461;25;2.093079;3.986842;370;2.556551
62;62007;60008;55001;5.91157E-09;1;ОС-1:;состояние1_k-1.sig;1 дополнительное:;состояние2_k-30.sig;-0.1677577;0;0.6919096;799;3.131581;53;2.017219;3.873585;353;2.439672
62;62007;60008;55001;5.91157E-09;1;ОС-1:;состояние1_k-1.sig;1 дополнительное:;состояние2_k-31.sig;-0.1677577;0.01978895;0.6919096;799;2.995295;15;1.922133;3.734175;370;2.303385
62;62007;60008;55001;5.91157E-09;1;ОС-1:;состояние1_k-1.sig;1 дополнительное:;состояние2_k-32.sig;-0.1677577;0.03175333;0.6919096;799;2.840519;73;1.821968;3.577565;354;2.14861
62;62007;60008;55001;5.91157E-09;1;ОС-1:;состояние1_k-1.sig;1 дополнительное:;состояние2_k-33.sig;-0.1677577;0.03023191;0.6919096;799;2.673524;764;1.724221;3.413647;370;1.981614
62;62007;60008;55001;5.91157E-09;1;ОС-1:;состояние1_k-1.sig;1 дополнительное:;состояние2_k-34.sig;-0.1677577;0.0172182;0.6919096;799;2.499272;32;1.621547;3.230663;385;1.807363
62;62007;60008;55001;5.91157E-09;1;ОС-1:;состояние1_k-1.sig;1 дополнительное:;состояние2_k-35.sig;-0.1677577;0;0.6919096;799;2.324069;199;1.511005;3.061314;342;1.63216
62;62007;60008;55001;5.91157E-09;1;ОС-1:;состояние1_k-1.sig;1 дополнительное:;состояние2_k-36.sig;-0.1677577;-0.01361724;0.6919096;799;2.1544;79;1.405749;2.893687;357;1.462491
62;62007;60008;55001;5.91157E-09;1;ОС-1:;состояние1_k-1.sig;1 дополнительное:;состояние2_k-37.sig;-0.1677577;-0.01915528;0.6919096;799;1.996802;452;1.313543;2.736397;371;1.304892
62;62007;60008;55001;5.91157E-09;1;ОС-1:;состояние1_k-1.sig;1 дополнительное:;состояние2_k-38.sig;-0.1677577;-0.01653948;0.6919096;799;1.857015;437;1.230711;2.599177;358;1.165106
62;62007;60008;55001;5.91157E-09;1;ОС-1:;состояние1_k-1.sig;1 дополнительное:;состояние2_k-39.sig;-0.1677577;-0.008804474;0.6919096;799;1.739212;551;1.155512;2.478894;346;1.047302
62;62007;60008;55001;5.91157E-09;1;ОС-1:;состояние1_k-1.sig;1 дополнительное:;состояние2_k-40.sig;-0.1677577;7.927418E-08;0.6919096;799;1.63914;9;1.093388;2.381499;359;0.9472306
62;62007;60008;55001;5.91157E-09;1;ОС-1:;состояние1_k-2.sig;1 дополнительное:;состояние2_k-21.sig;-0.2398876;-0.03445686;1.462381;358;3.199959;88;2.13152;4.659462;612;1.737577
62;62007;60008;55001;5.91157E-09;1;ОС-1:;состояние1_k-2.sig;1 дополнительное:;состояние2_k-22.sig;-0.2398876;-0.04721271;1.462381;358;3.277252;168;2.189385;4.708256;123;1.814871
62;62007;60008;55001;5.91157E-09;1;ОС-1:;состояние1_k-2.sig;1 дополнительное:;состояние2_k-23.sig;-0.2398876;-0.03541024;1.462381;358;3.350201;763;2.240466;4.810696;111;1.887819
62;62007;60008;55001;5.91157E-09;1;ОС-1:;состояние1_k-2.sig;1 дополнительное:;состояние2_k-24.sig;-0.2398876;-0.01366758;1.462381;358;3.405085;17;2.274248;4.858507;100;1.942704
62;62007;60008;55001;5.91157E-09;1;ОС-1:;состояние1_k-2.sig;1 дополнительное:;состояние2_k-25.sig;-0.2398876;0;1.462381;358;3.427543;11;2.29848;4.888875;611;1.965162
62;62007;60008;55001;5.91157E-09;1;ОС-1:;состояние1_k-2.sig;1 дополнительное:;состояние2_k-26.sig;-0.2398876;-0.002056573;1.462381;358;3.433994;351;2.303215;4.876966;120;1.971612
62;62007;60008;55001;5.91157E-09;1;ОС-1:;состояние1_k-2.sig;1 дополнительное:;состояние2_k-27.sig;-0.2398876;-0.01360244;1.462381;358;3.401805;333;2.27244;4.860326;111;1.939423
62;62007;60008;55001;5.91157E-09;1;ОС-1:;состояние1_k-2.sig;1 дополнительное:;состояние2_k-28.sig;-0.2398876;-0.02161071;1.462381;358;3.339202;102;2.2226;4.797449;102;1.87682
62;62007;60008;55001;5.91157E-09;1;ОС-1:;состояние1_k-2.sig;1 дополнительное:;состояние2_k-29.sig;-0.2398876;-0.01684194;1.462381;358;3.248461;25;2.16554;4.707828;611;1.786079
62;62007;60008;55001;5.91157E-09;1;ОС-1:;состояние1_k-2.sig;1 дополнительное:;состояние2_k-30.sig;-0.2398876;0;1.462381;358;3.131581;53;2.097185;4.576204;120;1.6692
62;62007;60008;55001;5.91157E-09;1;ОС-1:;состояние1_k-2.sig;1 дополнительное:;состояние2_k-31.sig;-0.2398876;0.01978895;1.462381;358;2.995295;15;2.008741;4.45304;112;1.532913
62;62007;60008;55001;5.91157E-09;1;ОС-1:;состояние1_k-2.sig;1 дополнительное:;состояние2_k-32.sig;-0.2398876;0.03175333;1.462381;358;2.840519;73;1.916063;4.295977;104;1.378138
62;62007;60008;55001;5.91157E-09;1;ОС-1:;состояние1_k-2.sig;1 дополнительное:;состояние2_k-33.sig;-0.2398876;0.03023191;1.462381;358;2.673524;764;1.826585;4.134304;355;1.211142
62;62007;60008;55001;5.91157E-09;1;ОС-1:;состояние1_k-2.sig;1 дополнительное:;состояние2_k-34.sig;-0.2398876;0.0172182;1.462381;358;2.499272;32;1.727629;3.942432;120;1.036891
62;62007;60008;55001;5.91157E-09;1;ОС-1:;состояние1_k-2.sig;1 дополнительное:;состояние2_k-35.sig;-0.2398876;0;1.462381;358;2.324069;199;1.623672;3.785073;356;0.861688
62;62007;60008;55001;5.91157E-09;1;ОС-1:;состояние1_k-2.sig;1 дополнительное:;состояние2_k-36.sig;-0.2398876;-0.01361724;1.462381;358;2.1544;79;1.526357;3.613598;107;0.6920186
62;62007;60008;55001;5.91157E-09;1;ОС-1:;состояние1_k-2.sig;1 дополнительное:;состояние2_k-37.sig;-0.2398876;-0.01915528;1.462381;358;1.996802;452;1.443822;3.453499;614;0.5344201
62;62007;60008;55001;5.91157E-09;1;ОС-1:;состояние1_k-2.sig;1 дополнительное:;состояние2_k-38.sig;-0.2398876;-0.01653948;1.462381;358;1.857015;437;1.37657;3.299513;95;0.394634
62;62007;60008;55001;5.91157E-09;1;ОС-1:;состояние1_k-2.sig;1 дополнительное:;состояние2_k-39.sig;-0.2398876;-0.008804474;1.462381;358;1.739212;551;1.315005;3.197214;359;0.2768303
62;62007;60008;55001;5.91157E-09;1;ОС-1:;состояние1_k-2.sig;1 дополнительное:;состояние2_k-40.sig;-0.2398876;7.927418E-08;1.462381;358;1.63914;9;1.265407;3.101403;109;0.1767586
62;62007;60008;55001;5.91157E-09;1;ОС-1:;состояние1_k-3.sig;1 дополнительное:;состояние2_k-21.sig;-0.1910788;-0.03445686;2.138577;191;3.199959;88;2.248405;5.245036;207;1.061381
62;62007;60008;55001;5.91157E-09;1;ОС-1:;состояние1_k-3.sig;1 дополнительное:;состояние2_k-22.sig;-0.1910788;-0.04721271;2.138577;191;3.277252;168;2.293709;5.414126;191;1.138675
62;62007;60008;55001;5.91157E-09;1;ОС-1:;состояние1_k-3.sig;1 дополнительное:;состояние2_k-23.sig;-0.1910788;-0.03541024;2.138577;191;3.350201;763;2.356366;5.48824;24;1.211623
62;62007;60008;55001;5.91157E-09;1;ОС-1:;состояние1_k-3.sig;1 дополнительное:;состояние2_k-24.sig;-0.1910788;-0.01366758;2.138577;191;3.405085;17;2.402678;5.521832;17;1.266508
62;62007;60008;55001;5.91157E-09;1;ОС-1:;состояние1_k-3.sig;1 дополнительное:;состояние2_k-25.sig;-0.1910788;0;2.138577;191;3.427543;11;2.436672;5.566121;191;1.288966
62;62007;60008;55001;5.91157E-09;1;ОС-1:;состояние1_k-3.sig;1 дополнительное:;состояние2_k-26.sig;-0.1910788;-0.002056573;2.138577;191;3.433994;351;2.433368;5.572081;524;1.295416
62;62007;60008;55001;5.91157E-09;1;ОС-1:;состояние1_k-3.sig;1 дополнительное:;состояние2_k-27.sig;-0.1910788;-0.01360244;2.138577;191;3.401805;333;2.395643;5.485246;370;1.263227
62;62007;60008;55001;5.91157E-09;1;ОС-1:;состояние1_k-3.sig;1 дополнительное:;состояние2_k-28.sig;-0.1910788;-0.02161071;2.138577;191;3.339202;102;2.340293;5.472891;191;1.200624
62;62007;60008;55001;5.91157E-09;1;ОС-1:;состояние1_k-3.sig;1 дополнительное:;состояние2_k-29.sig;-0.1910788;-0.01684194;2.138577;191;3.248461;25;2.280646;5.387;25;1.109883
62;62007;60008;55001;5.91157E-09;1;ОС-1:;состояние1_k-3.sig;1 дополнительное:;состояние2_k-30.sig;-0.1910788;0;2.138577;191;3.131581;53;2.221697;5.261058;20;0.9930038
62;62007;60008;55001;5.91157E-09;1;ОС-1:;состояние1_k-3.sig;1 дополнительное:;состояние2_k-31.sig;-0.1910788;0.01978895;2.138577;191;2.995295;15;2.151121;5.123474;192;0.8567171
62;62007;60008;55001;5.91157E-09;1;ОС-1:;состояние1_k-3.sig;1 дополнительное:;состояние2_k-32.sig;-0.1910788;0.03175333;2.138577;191;2.840519;73;2.077407;4.976719;526;0.7019417
62;62007;60008;55001;5.91157E-09;1;ОС-1:;состояние1_k-3.sig;1 дополнительное:;состояние2_k-33.sig;-0.1910788;0.03023191;2.138577;191;2.673524;764;1.996931;4.756817;370;0.5349462
62;62007;60008;55001;5.91157E-09;1;ОС-1:;состояние1_k-3.sig;1 дополнительное:;состояние2_k-34.sig;-0.1910788;0.0172182;2.138577;191;2.499272;32;1.905732;4.631289;194;0.3606949
62;62007;60008;55001;5.91157E-09;1;ОС-1:;состояние1_k-3.sig;1 дополнительное:;состояние2_k-35.sig;-0.1910788;0;2.138577;191;2.324069;199;1.811947;4.447273;28;0.185492
62;62007;60008;55001;5.91157E-09;1;ОС-1:;состояние1_k-3.sig;1 дополнительное:;состояние2_k-36.sig;-0.1910788;-0.01361724;2.138577;191;2.1544;79;1.731129;4.291897;690;0.01582265
62;62007;60008;55001;5.91157E-09;1;ОС-1:;состояние1_k-3.sig;1 дополнительное:;состояние2_k-37.sig;-0.1910788;-0.01915528;2.138577;191;1.996802;452;1.673476;4.126761;195;0.1417758
62;62007;60008;55001;5.91157E-09;1;ОС-1:;состояние1_k-3.sig;1 дополнительное:;состояние2_k-38.sig;-0.1910788;-0.01653948;2.138577;191;1.857015;437;1.633993;3.995406;358;0.281562
62;62007;60008;55001;5.91157E-09;1;ОС-1:;состояние1_k-3.sig;1 дополнительное:;состояние2_k-39.sig;-0.1910788;-0.008804474;2.138577;191;1.739212;551;1.606932;3.823442;346;0.3993657
62;62007;60008;55001;5.91157E-09;1;ОС-1:;состояние1_k-3.sig;1 дополнительное:;состояние2_k-40.sig;-0.1910788;7.927418E-08;2.138577;191;1.63914;9;1.582664;3.779985;522;0.4994373
62;62007;60008;55001;5.91157E-09;1;ОС-1:;состояние1_k-4.sig;1 дополнительное:;состояние2_k-21.sig;-0.08045449;-0.03445686;2.751452;108;3.199959;88;2.395254;5.947924;231;0.4485068
62;62007;60008;55001;5.91157E-09;1;ОС-1:;состояние1_k-4.sig;1 дополнительное:;состояние2_k-22.sig;-0.08045449;-0.04721271;2.751452;108;3.277252;168;2.430166;6.018589;486;0.5258007
62;62007;60008;55001;5.91157E-09;1;ОС-1:;состояние1_k-4.sig;1 дополнительное:;состояние2_k-23.sig;-0.08045449;-0.03541024;2.751452;108;3.350201;763;2.486952;6.092153;611;0.5987492
62;62007;60008;55001;5.91157E-09;1;ОС-1:;состояние1_k-4.sig;1 дополнительное:;состояние2_k-24.sig;-0.08045449;-0.01366758;2.751452;108;3.405085;17;2.538323;6.101744;225;0.6536334
62;62007;60008;55001;5.91157E-09;1;ОС-1:;состояние1_k-4.sig;1 дополнительное:;состояние2_k-25.sig;-0.08045449;0;2.751452;108;3.427543;11;2.57621;6.176083;731;0.6760917
62;62007;60008;55001;5.91157E-09;1;ОС-1:;состояние1_k-4.sig;1 дополнительное:;состояние2_k-26.sig;-0.08045449;-0.002056573;2.751452;108;3.433994;351;2.574204;6.170559;236;0.6825421
62;62007;60008;55001;5.91157E-09;1;ОС-1:;состояние1_k-4.sig;1 дополнительное:;состояние2_k-27.sig;-0.08045449;-0.01360244;2.751452;108;3.401805;333;2.539337;6.149533;481;0.6503532
62;62007;60008;55001;5.91157E-09;1;ОС-1:;состояние1_k-4.sig;1 дополнительное:;состояние2_k-28.sig;-0.08045449;-0.02161071;2.751452;108;3.339202;102;2.485695;5.962414;120;0.58775
62;62007;60008;55001;5.91157E-09;1;ОС-1:;состояние1_k-4.sig;1 дополнительное:;состояние2_k-29.sig;-0.08045449;-0.01684194;2.751452;108;3.248461;25;2.431016;5.998574;232;0.4970088
62;62007;60008;55001;5.91157E-09;1;ОС-1:;состояние1_k-4.sig;1 дополнительное:;состояние2_k-30.sig;-0.08045449;0;2.751452;108;3.131581;53;2.378521;5.863132;486;0.3801296
62;62007;60008;55001;5.91157E-09;1;ОС-1:;состояние1_k-4.sig;1 дополнительное:;состояние2_k-31.sig;-0.08045449;0.01978895;2.751452;108;2.995295;15;2.323781;5.729348;354;0.2438428
62;62007;60008;55001;5.91157E-09;1;ОС-1:;состояние1_k-4.sig;1 дополнительное:;состояние2_k-32.sig;-0.08045449;0.03175333;2.751452;108;2.840519;73;2.266667;5.574113;229;0.08906746
62;62007;60008;55001;5.91157E-09;1;ОС-1:;состояние1_k-4.sig;1 дополнительное:;состояние2_k-33.sig;-0.08045449;0.03023191;2.751452;108;2.673524;764;2.203324;5.418223;734;0.07792807
62;62007;60008;55001;5.91157E-09;1;ОС-1:;состояние1_k-4.sig;1 дополнительное:;состояние2_k-34.sig;-0.08045449;0.0172182;2.751452;108;2.499272;32;2.132174;5.234047;106;0.2521794
62;62007;60008;55001;5.91157E-09;1;ОС-1:;состояние1_k-4.sig;1 дополнительное:;состояние2_k-35.sig;-0.08045449;0;2.751452;108;2.324069;199;2.064205;5.071686;356;0.4273822
62;62007;60008;55001;5.91157E-09;1;ОС-1:;состояние1_k-4.sig;1 дополнительное:;состояние2_k-36.sig;-0.08045449;-0.01361724;2.751452;108;2.1544;79;1.997469;4.754929;120;0.5970516
62;62007;60008;55001;5.91157E-09;1;ОС-1:;состояние1_k-4.sig;1 дополнительное:;состояние2_k-37.sig;-0.08045449;-0.01915528;2.751452;108;1.996802;452;1.960464;4.738582;357;0.7546501
62;62007;60008;55001;5.91157E-09;1;ОС-1:;состояние1_k-4.sig;1 дополнительное:;состояние2_k-38.sig;-0.08045449;-0.01653948;2.751452;108;1.857015;437;1.932158;4.608256;108;0.8944362
62;62007;60008;55001;5.91157E-09;1;ОС-1:;состояние1_k-4.sig;1 дополнительное:;состояние2_k-39.sig;-0.08045449;-0.008804474;2.751452;108;1.739212;551;1.914531;4.485251;359;1.01224
62;62007;60008;55001;5.91157E-09;1;ОС-1:;состояние1_k-4.sig;1 дополнительное:;состояние2_k-40.sig;-0.08045449;7.927418E-08;2.751452;108;1.63914;9;1.899307;4.38944;234;1.112312
62;62007;60008;55001;5.91157E-09;1;ОС-1:;состояние1_k-5.sig;1 дополнительное:;состояние2_k-21.sig;0;-0.03445686;3.28402;58;3.199959;88;2.604069;6.468992;255;0.08406186
62;62007;60008;55001;5.91157E-09;1;ОС-1:;состояние1_k-5.sig;1 дополнительное:;состояние2_k-22.sig;0;-0.04721271;3.28402;58;3.277252;168;2.628391;6.558702;759;0.006767988
62;62007;60008;55001;5.91157E-09;1;ОС-1:;состояние1_k-5.sig;1 дополнительное:;состояние2_k-23.sig;0;-0.03541024;3.28402;58;3.350201;763;2.662104;6.608285;154;0.06618047
62;62007;60008;55001;5.91157E-09;1;ОС-1:;состояние1_k-5.sig;1 дополнительное:;состояние2_k-24.sig;0;-0.01366758;3.28402;58;3.405085;17;2.68986;6.679587;559;0.1210647
62;62007;60008;55001;5.91157E-09;1;ОС-1:;состояние1_k-5.sig;1 дополнительное:;состояние2_k-25.sig;0;0;3.28402;58;3.427543;11;2.728891;6.463234;70;0.143523
62;62007;60008;55001;5.91157E-09;1;ОС-1:;состояние1_k-5.sig;1 дополнительное:;состояние2_k-26.sig;0;-0.002056573;3.28402;58;3.433994;351;2.742707;6.711598;159;0.1499734
62;62007;60008;55001;5.91157E-09;1;ОС-1:;состояние1_k-5.sig;1 дополнительное:;состояние2_k-27.sig;0;-0.01360244;3.28402;58;3.401805;333;2.723273;6.671923;55;0.1177845
62;62007;60008;55001;5.91157E-09;1;ОС-1:;состояние1_k-5.sig;1 дополнительное:;состояние2_k-28.sig;0;-0.02161071;3.28402;58;3.339202;102;2.684729;6.610057;656;0.05518126
62;62007;60008;55001;5.91157E-09;1;ОС-1:;состояние1_k-5.sig;1 дополнительное:;состояние2_k-29.sig;0;-0.01684194;3.28402;58;3.248461;25;2.644723;6.527791;456;0.03555989
62;62007;60008;55001;5.91157E-09;1;ОС-1:;состояние1_k-5.sig;1 дополнительное:;состояние2_k-30.sig;0;0;3.28402;58;3.131581;53;2.603591;6.379648;153;0.1524391
62;62007;60008;55001;5.91157E-09;1;ОС-1:;состояние1_k-5.sig;1 дополнительное:;состояние2_k-31.sig;0;0.01978895;3.28402;58;2.995295;15;2.55569;6.278391;257;0.2887259
62;62007;60008;55001;5.91157E-09;1;ОС-1:;состояние1_k-5.sig;1 дополнительное:;состояние2_k-32.sig;0;0.03175333;3.28402;58;2.840519;73;2.511932;6.113495;57;0.4435012
62;62007;60008;55001;5.91157E-09;1;ОС-1:;состояние1_k-5.sig;1 дополнительное:;состояние2_k-33.sig;0;0.03023191;3.28402;58;2.673524;764;2.471539;5.957269;158;0.6104968
62;62007;60008;55001;5.91157E-09;1;ОС-1:;состояние1_k-5.sig;1 дополнительное:;состояние2_k-34.sig;0;0.0172182;3.28402;58;2.499272;32;2.42157;5.771818;458;0.7847481
62;62007;60008;55001;5.91157E-09;1;ОС-1:;состояние1_k-5.sig;1 дополнительное:;состояние2_k-35.sig;0;0;3.28402;58;2.324069;199;2.342888;5.357292;70;0.9599509
62;62007;60008;55001;5.91157E-09;1;ОС-1:;состояние1_k-5.sig;1 дополнительное:;состояние2_k-36.sig;0;-0.01361724;3.28402;58;2.1544;79;2.315388;5.434628;357;1.12962
62;62007;60008;55001;5.91157E-09;1;ОС-1:;состояние1_k-5.sig;1 дополнительное:;состояние2_k-37.sig;0;-0.01915528;3.28402;58;1.996802;452;2.275717;5.271853;60;1.287219
62;62007;60008;55001;5.91157E-09;1;ОС-1:;состояние1_k-5.sig;1 дополнительное:;состояние2_k-38.sig;0;-0.01653948;3.28402;58;1.857015;437;2.249247;5.140824;358;1.427005
62;62007;60008;55001;5.91157E-09;1;ОС-1:;состояние1_k-5.sig;1 дополнительное:;состояние2_k-39.sig;0;-0.008804474;3.28402;58;1.739212;551;2.232953;5.017405;256;1.544809
62;62007;60008;55001;5.91157E-09;1;ОС-1:;состояние1_k-5.sig;1 дополнительное:;состояние2_k-40.sig;0;7.927418E-08;3.28402;58;1.63914;9;2.22352;4.920641;159;1.64488
62;62007;60008;55001;5.91157E-09;1;ОС-1:;состояние1_k-6.sig;1 дополнительное:;состояние2_k-21.sig;-0.001409905;-0.03445686;3.723228;191;3.199959;88;2.869528;6.879613;278;0.5232697
62;62007;60008;55001;5.91157E-09;1;ОС-1:;состояние1_k-6.sig;1 дополнительное:;состояние2_k-22.sig;-0.001409905;-0.04721271;3.723228;191;3.277252;168;2.892303;6.998777;191;0.4459758
62;62007;60008;55001;5.91157E-09;1;ОС-1:;состояние1_k-6.sig;1 дополнительное:;состояние2_k-23.sig;-0.001409905;-0.03541024;3.723228;191;3.350201;763;2.885566;7.072866;524;0.3730273
62;62007;60008;55001;5.91157E-09;1;ОС-1:;состояние1_k-6.sig;1 дополнительное:;состояние2_k-24.sig;-0.001409905;-0.01366758;3.723228;191;3.405085;17;2.877074;6.995756;434;0.3181431
62;62007;60008;55001;5.91157E-09;1;ОС-1:;состояние1_k-6.sig;1 дополнительное:;состояние2_k-25.sig;-0.001409905;0;3.723228;191;3.427543;11;2.881809;7.150772;191;0.2956848
62;62007;60008;55001;5.91157E-09;1;ОС-1:;состояние1_k-6.sig;1 дополнительное:;состояние2_k-26.sig;-0.001409905;-0.002056573;3.723228;191;3.433994;351;2.906463;7.156707;24;0.2892344
62;62007;60008;55001;5.91157E-09;1;ОС-1:;состояние1_k-6.sig;1 дополнительное:;состояние2_k-27.sig;-0.001409905;-0.01360244;3.723228;191;3.401805;333;2.920228;7.099398;444;0.3214233
62;62007;60008;55001;5.91157E-09;1;ОС-1:;состояние1_k-6.sig;1 дополнительное:;состояние2_k-28.sig;-0.001409905;-0.02161071;3.723228;191;3.339202;102;2.916443;7.057542;191;0.3840265
62;62007;60008;55001;5.91157E-09;1;ОС-1:;состояние1_k-6.sig;1 дополнительное:;состояние2_k-29.sig;-0.001409905;-0.01684194;3.723228;191;3.248461;25;2.897773;6.970193;525;0.4747677
62;62007;60008;55001;5.91157E-09;1;ОС-1:;состояние1_k-6.sig;1 дополнительное:;состояние2_k-30.sig;-0.001409905;0;3.723228;191;3.131581;53;2.87491;6.48378;36;0.5916469
62;62007;60008;55001;5.91157E-09;1;ОС-1:;состояние1_k-6.sig;1 дополнительное:;состояние2_k-31.sig;-0.001409905;0.01978895;3.723228;191;2.995295;15;2.811633;6.71419;273;0.7279336
62;62007;60008;55001;5.91157E-09;1;ОС-1:;состояние1_k-6.sig;1 дополнительное:;состояние2_k-32.sig;-0.001409905;0.03175333;3.723228;191;2.840519;73;2.761789;6.55395;26;0.882709
62;62007;60008;55001;5.91157E-09;1;ОС-1:;состояние1_k-6.sig;1 дополнительное:;состояние2_k-33.sig;-0.001409905;0.03023191;3.723228;191;2.673524;764;2.717129;6.378664;355;1.049705
62;62007;60008;55001;5.91157E-09;1;ОС-1:;состояние1_k-6.sig;1 дополнительное:;состояние2_k-34.sig;-0.001409905;0.0172182;3.723228;191;2.499272;32;2.679924;6.193542;194;1.223956
62;62007;60008;55001;5.91157E-09;1;ОС-1:;состояние1_k-6.sig;1 дополнительное:;состояние2_k-35.sig;-0.001409905;0;3.723228;191;2.324069;199;2.648054;6.03983;356;1.399159
62;62007;60008;55001;5.91157E-09;1;ОС-1:;состояние1_k-6.sig;1 дополнительное:;состояние2_k-36.sig;-0.001409905;-0.01361724;3.723228;191;2.1544;79;2.611275;5.87496;440;1.568828
62;62007;60008;55001;5.91157E-09;1;ОС-1:;состояние1_k-6.sig;1 дополнительное:;состояние2_k-37.sig;-0.001409905;-0.01915528;3.723228;191;1.996802;452;2.589396;5.710092;357;1.726427
62;62007;60008;55001;5.91157E-09;1;ОС-1:;состояние1_k-6.sig;1 дополнительное:;состояние2_k-38.sig;-0.001409905;-0.01653948;3.723228;191;1.857015;437;2.559396;5.539911;187;1.866213
62;62007;60008;55001;5.91157E-09;1;ОС-1:;состояние1_k-6.sig;1 дополнительное:;состояние2_k-39.sig;-0.001409905;-0.008804474;3.723228;191;1.739212;551;2.535446;5.459221;692;1.984016
62;62007;60008;55001;5.91157E-09;1;ОС-1:;состояние1_k-6.sig;1 дополнительное:;состояние2_k-40.sig;-0.001409905;7.927418E-08;3.723228;191;1.63914;9;2.518001;5.357024;109;2.084088
62;62007;60008;55001;5.91157E-09;1;ОС-1:;состояние1_k-7.sig;1 дополнительное:;состояние2_k-21.sig;-0.06089861;-0.03445686;4.059558;286;3.199959;88;3.190009;6.369854;229;0.8595998
62;62007;60008;55001;5.91157E-09;1;ОС-1:;состояние1_k-7.sig;1 дополнительное:;состояние2_k-22.sig;-0.06089861;-0.04721271;4.059558;286;3.277252;168;3.034274;7.327628;214;0.782306
62;62007;60008;55001;5.91157E-09;1;ОС-1:;состояние1_k-7.sig;1 дополнительное:;состояние2_k-23.sig;-0.06089861;-0.03541024;4.059558;286;3.350201;763;3.047325;7.396986;2;0.7093575
62;62007;60008;55001;5.91157E-09;1;ОС-1:;состояние1_k-7.sig;1 дополнительное:;состояние2_k-24.sig;-0.06089861;-0.01366758;4.059558;286;3.405085;17;3.038444;7.459836;642;0.6544733
62;62007;60008;55001;5.91157E-09;1;ОС-1:;состояние1_k-7.sig;1 дополнительное:;состояние2_k-25.sig;-0.06089861;0;4.059558;286;3.427543;11;3.033501;7.47448;430;0.632015
62;62007;60008;55001;5.91157E-09;1;ОС-1:;состояние1_k-7.sig;1 дополнительное:;состояние2_k-26.sig;-0.06089861;-0.002056573;4.059558;286;3.433994;351;3.042412;7.477814;716;0.6255646
62;62007;60008;55001;5.91157E-09;1;ОС-1:;состояние1_k-7.sig;1 дополнительное:;состояние2_k-27.sig;-0.06089861;-0.01360244;4.059558;286;3.401805;333;3.058843;7.436481;74;0.6577535
62;62007;60008;55001;5.91157E-09;1;ОС-1:;состояние1_k-7.sig;1 дополнительное:;состояние2_k-28.sig;-0.06089861;-0.02161071;4.059558;286;3.339202;102;3.070405;7.293897;781;0.7203567
62;62007;60008;55001;5.91157E-09;1;ОС-1:;состояние1_k-7.sig;1 дополнительное:;состояние2_k-29.sig;-0.06089861;-0.01684194;4.059558;286;3.248461;25;3.056146;7.284496;284;0.8110979
62;62007;60008;55001;5.91157E-09;1;ОС-1:;состояние1_k-7.sig;1 дополнительное:;состояние2_k-30.sig;-0.06089861;0;4.059558;286;3.131581;53;3.026535;7.179901;786;0.9279771
62;62007;60008;55001;5.91157E-09;1;ОС-1:;состояние1_k-7.sig;1 дополнительное:;состояние2_k-31.sig;-0.06089861;0.01978895;4.059558;286;2.995295;15;2.985077;7.047845;499;1.064264
62;62007;60008;55001;5.91157E-09;1;ОС-1:;состояние1_k-7.sig;1 дополнительное:;состояние2_k-32.sig;-0.06089861;0.03175333;4.059558;286;2.840519;73;2.940023;6.893231;73;1.219039
62;62007;60008;55001;5.91157E-09;1;ОС-1:;состояние1_k-7.sig;1 дополнительное:;состояние2_k-33.sig;-0.06089861;0.03023191;4.059558;286;2.673524;764;2.89939;6.730229;143;1.386035
62;62007;60008;55001;5.91157E-09;1;ОС-1:;состояние1_k-7.sig;1 дополнительное:;состояние2_k-34.sig;-0.06089861;0.0172182;4.059558;286;2.499272;32;2.868038;6.558658;429;1.560286
62;62007;60008;55001;5.91157E-09;1;ОС-1:;состояние1_k-7.sig;1 дополнительное:;состояние2_k-35.sig;-0.06089861;0;4.059558;286;2.324069;199;2.761536;5.775241;441;1.735489
62;62007;60008;55001;5.91157E-09;1;ОС-1:;состояние1_k-7.sig;1 дополнительное:;состояние2_k-36.sig;-0.06089861;-0.01361724;4.059558;286;2.1544;79;2.809858;6.210286;357;1.905158
62;62007;60008;55001;5.91157E-09;1;ОС-1:;состояние1_k-7.sig;1 дополнительное:;состояние2_k-37.sig;-0.06089861;-0.01915528;4.059558;286;1.996802;452;2.779756;6.036906;141;2.062757
62;62007;60008;55001;5.91157E-09;1;ОС-1:;состояние1_k-7.sig;1 дополнительное:;состояние2_k-38.sig;-0.06089861;-0.01653948;4.059558;286;1.857015;437;2.748323;5.914921;358;2.202543
62;62007;60008;55001;5.91157E-09;1;ОС-1:;состояние1_k-7.sig;1 дополнительное:;состояние2_k-39.sig;-0.06089861;-0.008804474;4.059558;286;1.739212;551;2.720959;5.795001;0;2.320347
62;62007;60008;55001;5.91157E-09;1;ОС-1:;состояние1_k-7.sig;1 дополнительное:;состояние2_k-40.sig;-0.06089861;7.927418E-08;4.059558;286;1.63914;9;2.700883;5.70309;572;2.420418
62;62007;60008;55001;5.91157E-09;1;ОС-1:;состояние1_k-8.sig;1 дополнительное:;состояние2_k-21.sig;-0.1072451;-0.03445686;4.288363;107;3.199959;88;3.073863;7.480499;731;1.088404
62;62007;60008;55001;5.91157E-09;1;ОС-1:;состояние1_k-8.sig;1 дополнительное:;состояние2_k-22.sig;-0.1072451;-0.04721271;4.288363;107;3.277252;168;3.091088;7.550685;168;1.011111
62;62007;60008;55001;5.91157E-09;1;ОС-1:;состояние1_k-8.sig;1 дополнительное:;состояние2_k-23.sig;-0.1072451;-0.03541024;4.288363;107;3.350201;763;3.095575;7.6244;545;0.9381621
62;62007;60008;55001;5.91157E-09;1;ОС-1:;состояние1_k-8.sig;1 дополнительное:;состояние2_k-24.sig;-0.1072451;-0.01366758;4.288363;107;3.405085;17;3.290833;6.80226;57;0.8832779
62;62007;60008;55001;5.91157E-09;1;ОС-1:;состояние1_k-8.sig;1 дополнительное:;состояние2_k-25.sig;-0.1072451;0;4.288363;107;3.427543;11;3.110696;7.708658;231;0.8608196
62;62007;60008;55001;5.91157E-09;1;ОС-1:;состояние1_k-8.sig;1 дополнительное:;состояние2_k-26.sig;-0.1072451;-0.002056573;4.288363;107;3.433994;351;3.133866;7.702647;43;0.8543692
62;62007;60008;55001;5.91157E-09;1;ОС-1:;состояние1_k-8.sig;1 дополнительное:;состояние2_k-27.sig;-0.1072451;-0.01360244;4.288363;107;3.401805;333;3.156707;7.6806;296;0.8865581
62;62007;60008;55001;5.91157E-09;1;ОС-1:;состояние1_k-8.sig;1 дополнительное:;состояние2_k-28.sig;-0.1072451;-0.02161071;4.288363;107;3.339202;102;3.167298;7.557267;173;0.9491613
62;62007;60008;55001;5.91157E-09;1;ОС-1:;состояние1_k-8.sig;1 дополнительное:;состояние2_k-29.sig;-0.1072451;-0.01684194;4.288363;107;3.248461;25;3.160328;7.536074;732;1.039902
62;62007;60008;55001;5.91157E-09;1;ОС-1:;состояние1_k-8.sig;1 дополнительное:;состояние2_k-30.sig;-0.1072451;0;4.288363;107;3.131581;53;3.127913;7.418386;420;1.156782
62;62007;60008;55001;5.91157E-09;1;ОС-1:;состояние1_k-8.sig;1 дополнительное:;состояние2_k-31.sig;-0.1072451;0.01978895;4.288363;107;2.995295;15;3.079293;7.276431;483;1.293068
62;62007;60008;55001;5.91157E-09;1;ОС-1:;состояние1_k-8.sig;1 дополнительное:;состояние2_k-32.sig;-0.1072451;0.03175333;4.288363;107;2.840519;73;3.026172;7.088409;42;1.447844
62;62007;60008;55001;5.91157E-09;1;ОС-1:;состояние1_k-8.sig;1 дополнительное:;состояние2_k-33.sig;-0.1072451;0.03023191;4.288363;107;2.673524;764;2.985856;6.954666;794;1.614839
62;62007;60008;55001;5.91157E-09;1;ОС-1:;состояние1_k-8.sig;1 дополнительное:;состояние2_k-34.sig;-0.1072451;0.0172182;4.288363;107;2.499272;32;2.954882;6.766623;106;1.789091
62;62007;60008;55001;5.91157E-09;1;ОС-1:;состояние1_k-8.sig;1 дополнительное:;состояние2_k-35.sig;-0.1072451;0;4.288363;107;2.324069;199;2.930639;6.604261;356;1.964293
62;62007;60008;55001;5.91157E-09;1;ОС-1:;состояние1_k-8.sig;1 дополнительное:;состояние2_k-36.sig;-0.1072451;-0.01361724;4.288363;107;2.1544;79;2.904217;6.439692;232;2.133963
62;62007;60008;55001;5.91157E-09;1;ОС-1:;состояние1_k-8.sig;1 дополнительное:;состояние2_k-37.sig;-0.1072451;-0.01915528;4.288363;107;1.996802;452;2.88761;6.276081;357;2.291561
62;62007;60008;55001;5.91157E-09;1;ОС-1:;состояние1_k-8.sig;1 дополнительное:;состояние2_k-38.sig;-0.1072451;-0.01653948;4.288363;107;1.857015;437;2.867472;6.141584;108;2.431347
62;62007;60008;55001;5.91157E-09;1;ОС-1:;состояние1_k-8.sig;1 дополнительное:;состояние2_k-39.sig;-0.1072451;-0.008804474;4.288363;107;1.739212;551;2.850304;6.019265;295;2.549151
62;62007;60008;55001;5.91157E-09;1;ОС-1:;состояние1_k-8.sig;1 дополнительное:;состояние2_k-40.sig;-0.1072451;7.927418E-08;4.288363;107;1.63914;9;2.686304;5.417102;98;2.649223
62;62007;60008;55001;5.91157E-09;1;ОС-1:;состояние1_k-9.sig;1 дополнительное:;состояние2_k-21.sig;-0.08522852;-0.03445686;4.410476;79;3.199959;88;3.193216;7.605215;302;1.210518
62;62007;60008;55001;5.91157E-09;1;ОС-1:;состояние1_k-9.sig;1 дополнительное:;состояние2_k-22.sig;-0.08522852;-0.04721271;4.410476;79;3.277252;168;3.180429;7.681955;191;1.133224
62;62007;60008;55001;5.91157E-09;1;ОС-1:;состояние1_k-9.sig;1 дополнительное:;состояние2_k-23.sig;-0.08522852;-0.03541024;4.410476;79;3.350201;763;3.196866;7.759009;24;1.060275
62;62007;60008;55001;5.91157E-09;1;ОС-1:;состояние1_k-9.sig;1 дополнительное:;состояние2_k-24.sig;-0.08522852;-0.01366758;4.410476;79;3.405085;17;3.181162;7.815614;746;1.005391
62;62007;60008;55001;5.91157E-09;1;ОС-1:;состояние1_k-9.sig;1 дополнительное:;состояние2_k-25.sig;-0.08522852;0;4.410476;79;3.427543;11;3.175994;7.83395;191;0.9829328
62;62007;60008;55001;5.91157E-09;1;ОС-1:;состояние1_k-9.sig;1 дополнительное:;состояние2_k-26.sig;-0.08522852;-0.002056573;4.410476;79;3.433994;351;3.176809;7.84285;524;0.9764824
62;62007;60008;55001;5.91157E-09;1;ОС-1:;состояние1_k-9.sig;1 дополнительное:;состояние2_k-27.sig;-0.08522852;-0.01360244;4.410476;79;3.401805;333;3.415048;6.784438;424;1.008671
62;62007;60008;55001;5.91157E-09;1;ОС-1:;состояние1_k-9.sig;1 дополнительное:;состояние2_k-28.sig;-0.08522852;-0.02161071;4.410476;79;3.339202;102;3.173068;7.744702;245;1.071275
62;62007;60008;55001;5.91157E-09;1;ОС-1:;состояние1_k-9.sig;1 дополнительное:;состояние2_k-29.sig;-0.08522852;-0.01684194;4.410476;79;3.248461;25;3.18855;7.644506;25;1.162016
62;62007;60008;55001;5.91157E-09;1;ОС-1:;состояние1_k-9.sig;1 дополнительное:;состояние2_k-30.sig;-0.08522852;0;4.410476;79;3.131581;53;3.197376;7.522783;303;1.278895
62;62007;60008;55001;5.91157E-09;1;ОС-1:;состояние1_k-9.sig;1 дополнительное:;состояние2_k-31.sig;-0.08522852;0.01978895;4.410476;79;2.995295;15;3.175483;7.390401;467;1.415182
62;62007;60008;55001;5.91157E-09;1;ОС-1:;состояние1_k-9.sig;1 дополнительное:;состояние2_k-32.sig;-0.08522852;0.03175333;4.410476;79;2.840519;73;3.132954;7.246593;745;1.569957
62;62007;60008;55001;5.91157E-09;1;ОС-1:;состояние1_k-9.sig;1 дополнительное:;состояние2_k-33.sig;-0.08522852;0.03023191;4.410476;79;2.673524;764;3.09323;7.024015;82;1.736953
62;62007;60008;55001;5.91157E-09;1;ОС-1:;состояние1_k-9.sig;1 дополнительное:;состояние2_k-34.sig;-0.08522852;0.0172182;4.410476;79;2.499272;32;3.041988;6.908764;635;1.911204
62;62007;60008;55001;5.91157E-09;1;ОС-1:;состояние1_k-9.sig;1 дополнительное:;состояние2_k-35.sig;-0.08522852;0;4.410476;79;2.324069;199;2.99345;6.728399;413;2.086407
62;62007;60008;55001;5.91157E-09;1;ОС-1:;состояние1_k-9.sig;1 дополнительное:;состояние2_k-36.sig;-0.08522852;-0.01361724;4.410476;79;2.1544;79;2.997227;6.564877;579;2.256076
62;62007;60008;55001;5.91157E-09;1;ОС-1:;состояние1_k-9.sig;1 дополнительное:;состояние2_k-37.sig;-0.08522852;-0.01915528;4.410476;79;1.996802;452;2.939247;6.390481;412;2.413675
62;62007;60008;55001;5.91157E-09;1;ОС-1:;состояние1_k-9.sig;1 дополнительное:;состояние2_k-38.sig;-0.08522852;-0.01653948;4.410476;79;1.857015;437;2.935361;6.258811;358;2.553461
62;62007;60008;55001;5.91157E-09;1;ОС-1:;состояние1_k-9.sig;1 дополнительное:;состояние2_k-39.sig;-0.08522852;-0.008804474;4.410476;79;1.739212;551;2.928918;6.112217;77;2.671264
62;62007;60008;55001;5.91157E-09;1;ОС-1:;состояние1_k-9.sig;1 дополнительное:;состояние2_k-40.sig;-0.08522852;7.927418E-08;4.410476;79;1.63914;9;2.915107;6.046503;134;2.771336
62;62007;60008;55001;5.91157E-09;1;ОС-1:;состояние1_k-10.sig;1 дополнительное:;состояние2_k-21.sig;0;-0.03445686;4.429806;57;3.199959;88;3.176538;7.629703;707;1.229848
62;62007;60008;55001;5.91157E-09;1;ОС-1:;состояние1_k-10.sig;1 дополнительное:;состояние2_k-22.sig;0;-0.04721271;4.429806;57;3.277252;168;3.1807;7.675961;55;1.152554
62;62007;60008;55001;5.91157E-09;1;ОС-1:;состояние1_k-10.sig;1 дополнительное:;состояние2_k-23.sig;0;-0.03541024;4.429806;57;3.350201;763;3.209279;7.744089;655;1.079605
62;62007;60008;55001;5.91157E-09;1;ОС-1:;состояние1_k-10.sig;1 дополнительное:;состояние2_k-24.sig;0;-0.01366758;4.429806;57;3.405085;17;3.251499;7.806808;308;1.024721
62;62007;60008;55001;5.91157E-09;1;ОС-1:;состояние1_k-10.sig;1 дополнительное:;состояние2_k-25.sig;0;0;4.429806;57;3.427543;11;3.269513;7.74922;10;1.002263
62;62007;60008;55001;5.91157E-09;1;ОС-1:;состояние1_k-10.sig;1 дополнительное:;состояние2_k-26.sig;0;-0.002056573;4.429806;57;3.433994;351;3.232424;7.84305;5;0.9958124
62;62007;60008;55001;5.91157E-09;1;ОС-1:;состояние1_k-10.sig;1 дополнительное:;состояние2_k-27.sig;0;-0.01360244;4.429806;57;3.401805;333;3.185581;7.831475;407;1.028001
62;62007;60008;55001;5.91157E-09;1;ОС-1:;состояние1_k-10.sig;1 дополнительное:;состояние2_k-28.sig;0;-0.02161071;4.429806;57;3.339202;102;3.147742;7.759324;156;1.090605
62;62007;60008;55001;5.91157E-09;1;ОС-1:;состояние1_k-10.sig;1 дополнительное:;состояние2_k-29.sig;0;-0.01684194;4.429806;57;3.248461;25;3.12651;7.677057;456;1.181346
62;62007;60008;55001;5.91157E-09;1;ОС-1:;состояние1_k-10.sig;1 дополнительное:;состояние2_k-30.sig;0;0;4.429806;57;3.131581;53;3.441675;6.290127;18;1.298225
62;62007;60008;55001;5.91157E-09;1;ОС-1:;состояние1_k-10.sig;1 дополнительное:;состояние2_k-31.sig;0;0.01978895;4.429806;57;2.995295;15;3.125034;7.424898;257;1.434512
62;62007;60008;55001;5.91157E-09;1;ОС-1:;состояние1_k-10.sig;1 дополнительное:;состояние2_k-32.sig;0;0.03175333;4.429806;57;2.840519;73;3.121864;7.260002;57;1.589287
62;62007;60008;55001;5.91157E-09;1;ОС-1:;состояние1_k-10.sig;1 дополнительное:;состояние2_k-33.sig;0;0.03023191;4.429806;57;2.673524;764;3.104137;7.092242;6;1.756283
62;62007;60008;55001;5.91157E-09;1;ОС-1:;состояние1_k-10.sig;1 дополнительное:;состояние2_k-34.sig;0;0.0172182;4.429806;57;2.499272;32;3.070371;6.901326;208;1.930534
62;62007;60008;55001;5.91157E-09;1;ОС-1:;состояние1_k-10.sig;1 дополнительное:;состояние2_k-35.sig;0;0;4.429806;57;2.324069;199;3.019454;6.75175;156;2.105737
62;62007;60008;55001;5.91157E-09;1;ОС-1:;состояние1_k-10.sig;1 дополнительное:;состояние2_k-36.sig;0;-0.01361724;4.429806;57;2.1544;79;2.973328;6.581135;107;2.275406
62;62007;60008;55001;5.91157E-09;1;ОС-1:;состояние1_k-10.sig;1 дополнительное:;состояние2_k-37.sig;0;-0.01915528;4.429806;57;1.996802;452;2.942473;6.425217;506;2.433005
62;62007;60008;55001;5.91157E-09;1;ОС-1:;состояние1_k-10.sig;1 дополнительное:;состояние2_k-38.sig;0;-0.01653948;4.429806;57;1.857015;437;2.923889;6.268612;56;2.572791
62;62007;60008;55001;5.91157E-09;1;ОС-1:;состояние1_k-10.sig;1 дополнительное:;состояние2_k-39.sig;0;-0.008804474;4.429806;57;1.739212;551;2.916319;6.166671;256;2.690594
62;62007;60008;55001;5.91157E-09;1;ОС-1:;состояние1_k-10.sig;1 дополнительное:;состояние2_k-40.sig;0;7.927418E-08;4.429806;57;1.63914;9;2.933409;6.018973;9;2.790666
62;62007;60008;55001;5.91157E-09;1;ОС-1:;состояние1_k-11.sig;1 дополнительное:;состояние2_k-21.sig;0.09175904;-0.03445686;4.362043;38;3.199959;88;3.117153;7.558184;493;1.162084
62;62007;60008;55001;5.91157E-09;1;ОС-1:;состояние1_k-11.sig;1 дополнительное:;состояние2_k-22.sig;0.09175904;-0.04721271;4.362043;38;3.277252;168;3.117257;7.329516;715;1.08479
62;62007;60008;55001;5.91157E-09;1;ОС-1:;состояние1_k-11.sig;1 дополнительное:;состояние2_k-23.sig;0.09175904;-0.03541024;4.362043;38;3.350201;763;3.15657;7.704476;220;1.011842
62;62007;60008;55001;5.91157E-09;1;ОС-1:;состояние1_k-11.sig;1 дополнительное:;состояние2_k-24.sig;0.09175904;-0.01366758;4.362043;38;3.405085;17;3.191786;7.764705;38;0.9569578
62;62007;60008;55001;5.91157E-09;1;ОС-1:;состояние1_k-11.sig;1 дополнительное:;состояние2_k-25.sig;0.09175904;0;4.362043;38;3.427543;11;3.211229;7.788764;311;0.9344995
62;62007;60008;55001;5.91157E-09;1;ОС-1:;состояние1_k-11.sig;1 дополнительное:;состояние2_k-26.sig;0.09175904;-0.002056573;4.362043;38;3.433994;351;3.210657;7.772161;82;0.9280491
62;62007;60008;55001;5.91157E-09;1;ОС-1:;состояние1_k-11.sig;1 дополнительное:;состояние2_k-27.sig;0.09175904;-0.01360244;4.362043;38;3.401805;333;3.190026;7.759976;129;0.960238
62;62007;60008;55001;5.91157E-09;1;ОС-1:;состояние1_k-11.sig;1 дополнительное:;состояние2_k-28.sig;0.09175904;-0.02161071;4.362043;38;3.339202;102;3.151521;7.696658;584;1.022841
62;62007;60008;55001;5.91157E-09;1;ОС-1:;состояние1_k-11.sig;1 дополнительное:;состояние2_k-29.sig;0.09175904;-0.01684194;4.362043;38;3.248461;25;3.108851;7.59774;266;1.113582
62;62007;60008;55001;5.91157E-09;1;ОС-1:;состояние1_k-11.sig;1 дополнительное:;состояние2_k-30.sig;0.09175904;0;4.362043;38;3.131581;53;3.074196;7.492126;720;1.230462
62;62007;60008;55001;5.91157E-09;1;ОС-1:;состояние1_k-11.sig;1 дополнительное:;состояние2_k-31.sig;0.09175904;0.01978895;4.362043;38;2.995295;15;3.04786;7.348409;128;1.366748
62;62007;60008;55001;5.91157E-09;1;ОС-1:;состояние1_k-11.sig;1 дополнительное:;состояние2_k-32.sig;0.09175904;0.03175333;4.362043;38;2.840519;73;3.02036;7.196806;401;1.521524
62;62007;60008;55001;5.91157E-09;1;ОС-1:;состояние1_k-11.sig;1 дополнительное:;состояние2_k-33.sig;0.09175904;0.03023191;4.362043;38;2.673524;764;3.351758;5.419798;459;1.688519
62;62007;60008;55001;5.91157E-09;1;ОС-1:;состояние1_k-11.sig;1 дополнительное:;состояние2_k-34.sig;0.09175904;0.0172182;4.362043;38;2.499272;32;2.945546;6.851832;311;1.862771
62;62007;60008;55001;5.91157E-09;1;ОС-1:;состояние1_k-11.sig;1 дополнительное:;состояние2_k-35.sig;0.09175904;0;4.362043;38;2.324069;199;2.908972;6.666678;128;2.037973
62;62007;60008;55001;5.91157E-09;1;ОС-1:;состояние1_k-11.sig;1 дополнительное:;состояние2_k-36.sig;0.09175904;-0.01361724;4.362043;38;2.1544;79;2.880073;6.506256;357;2.207643
62;62007;60008;55001;5.91157E-09;1;ОС-1:;состояние1_k-11.sig;1 дополнительное:;состояние2_k-37.sig;0.09175904;-0.01915528;4.362043;38;1.996802;452;2.866941;6.345482;493;2.365241
62;62007;60008;55001;5.91157E-09;1;ОС-1:;состояние1_k-11.sig;1 дополнительное:;состояние2_k-38.sig;0.09175904;-0.01653948;4.362043;38;1.857015;437;2.861587;6.216619;174;2.505027
62;62007;60008;55001;5.91157E-09;1;ОС-1:;состояние1_k-11.sig;1 дополнительное:;состояние2_k-39.sig;0.09175904;-0.008804474;4.362043;38;1.739212;551;2.853603;6.092668;128;2.622831
62;62007;60008;55001;5.91157E-09;1;ОС-1:;состояние1_k-11.sig;1 дополнительное:;состояние2_k-40.sig;0.09175904;7.927418E-08;4.362043;38;1.63914;9;2.849648;5.997987;84;2.722903
62;62007;60008;55001;5.91157E-09;1;ОС-1:;состояние1_k-12.sig;1 дополнительное:;состояние2_k-21.sig;0.1313405;-0.03445686;4.218472;189;3.199959;88;3.114483;7.417426;564;1.018513
62;62007;60008;55001;5.91157E-09;1;ОС-1:;состояние1_k-12.sig;1 дополнительное:;состояние2_k-22.sig;0.1313405;-0.04721271;4.218472;189;3.277252;168;3.084454;7.466311;190;0.9412196
62;62007;60008;55001;5.91157E-09;1;ОС-1:;состояние1_k-12.sig;1 дополнительное:;состояние2_k-23.sig;0.1313405;-0.03541024;4.218472;189;3.350201;763;3.084085;7.536345;523;0.8682711
62;62007;60008;55001;5.91157E-09;1;ОС-1:;состояние1_k-12.sig;1 дополнительное:;состояние2_k-24.sig;0.1313405;-0.01366758;4.218472;189;3.405085;17;3.108407;7.350745;60;0.8133869
62;62007;60008;55001;5.91157E-09;1;ОС-1:;состояние1_k-12.sig;1 дополнительное:;состояние2_k-25.sig;0.1313405;0;4.218472;189;3.427543;11;3.143208;7.644945;731;0.7909286
62;62007;60008;55001;5.91157E-09;1;ОС-1:;состояние1_k-12.sig;1 дополнительное:;состояние2_k-26.sig;0.1313405;-0.002056573;4.218472;189;3.433994;351;3.149367;7.630601;313;0.7844782
62;62007;60008;55001;5.91157E-09;1;ОС-1:;состояние1_k-12.sig;1 дополнительное:;состояние2_k-27.sig;0.1313405;-0.01360244;4.218472;189;3.401805;333;3.126421;7.618395;481;0.8166671
62;62007;60008;55001;5.91157E-09;1;ОС-1:;состояние1_k-12.sig;1 дополнительное:;состояние2_k-28.sig;0.1313405;-0.02161071;4.218472;189;3.339202;102;3.09698;7.506477;66;0.8792703
62;62007;60008;55001;5.91157E-09;1;ОС-1:;состояние1_k-12.sig;1 дополнительное:;состояние2_k-29.sig;0.1313405;-0.01684194;4.218472;189;3.248461;25;3.075829;7.445929;232;0.9700115
62;62007;60008;55001;5.91157E-09;1;ОС-1:;состояние1_k-12.sig;1 дополнительное:;состояние2_k-30.sig;0.1313405;0;4.218472;189;3.131581;53;3.058718;7.286016;437;1.086891
62;62007;60008;55001;5.91157E-09;1;ОС-1:;состояние1_k-12.sig;1 дополнительное:;состояние2_k-31.sig;0.1313405;0.01978895;4.218472;189;2.995295;15;3.025304;7.208689;773;1.223177
62;62007;60008;55001;5.91157E-09;1;ОС-1:;состояние1_k-12.sig;1 дополнительное:;состояние2_k-32.sig;0.1313405;0.03175333;4.218472;189;2.840519;73;2.984175;7.025394;230;1.377953
62;62007;60008;55001;5.91157E-09;1;ОС-1:;состояние1_k-12.sig;1 дополнительное:;состояние2_k-33.sig;0.1313405;0.03023191;4.218472;189;2.673524;764;2.93996;6.885571;355;1.544948
62;62007;60008;55001;5.91157E-09;1;ОС-1:;состояние1_k-12.sig;1 дополнительное:;состояние2_k-34.sig;0.1313405;0.0172182;4.218472;189;2.499272;32;2.88134;6.702909;106;1.7192
62;62007;60008;55001;5.91157E-09;1;ОС-1:;состояние1_k-12.sig;1 дополнительное:;состояние2_k-35.sig;0.1313405;0;4.218472;189;2.324069;199;2.82503;6.540548;356;1.894403
62;62007;60008;55001;5.91157E-09;1;ОС-1:;состояние1_k-12.sig;1 дополнительное:;состояние2_k-36.sig;0.1313405;-0.01361724;4.218472;189;2.1544;79;3.123405;4.828857;95;2.064072
62;62007;60008;55001;5.91157E-09;1;ОС-1:;состояние1_k-12.sig;1 дополнительное:;состояние2_k-37.sig;0.1313405;-0.01915528;4.218472;189;1.996802;452;2.753529;6.210339;398;2.22167
62;62007;60008;55001;5.91157E-09;1;ОС-1:;состояние1_k-12.sig;1 дополнительное:;состояние2_k-38.sig;0.1313405;-0.01653948;4.218472;189;1.857015;437;2.741067;6.059396;148;2.361456
62;62007;60008;55001;5.91157E-09;1;ОС-1:;состояние1_k-12.sig;1 дополнительное:;состояние2_k-39.sig;0.1313405;-0.008804474;4.218472;189;1.739212;551;2.741037;5.956399;64;2.47926
62;62007;60008;55001;5.91157E-09;1;ОС-1:;состояние1_k-12.sig;1 дополнительное:;состояние2_k-40.sig;0.1313405;7.927418E-08;4.218472;189;1.63914;9;2.749617;5.86081;22;2.579332
62;62007;60008;55001;5.91157E-09;1;ОС-1:;состояние1_k-13.sig;1 дополнительное:;состояние2_k-21.sig;0.1037476;-0.03445686;4.021561;9;3.199959;88;3.055486;7.214616;278;0.8216021
62;62007;60008;55001;5.91157E-09;1;ОС-1:;состояние1_k-13.sig;1 дополнительное:;состояние2_k-22.sig;0.1037476;-0.04721271;4.021561;9;3.277252;168;3.069731;7.298763;9;0.7443082
62;62007;60008;55001;5.91157E-09;1;ОС-1:;состояние1_k-13.sig;1 дополнительное:;состояние2_k-23.sig;0.1037476;-0.03541024;4.021561;9;3.350201;763;3.037359;7.359814;393;0.6713598
62;62007;60008;55001;5.91157E-09;1;ОС-1:;состояние1_k-13.sig;1 дополнительное:;состояние2_k-24.sig;0.1037476;-0.01366758;4.021561;9;3.405085;17;3.003743;7.423832;163;0.6164756
62;62007;60008;55001;5.91157E-09;1;ОС-1:;состояние1_k-13.sig;1 дополнительное:;состояние2_k-25.sig;0.1037476;0;4.021561;9;3.427543;11;3.004066;7.446027;471;0.5940173
62;62007;60008;55001;5.91157E-09;1;ОС-1:;состояние1_k-13.sig;1 дополнительное:;состояние2_k-26.sig;0.1037476;-0.002056573;4.021561;9;3.433994;351;3.075253;7.280221;275;0.5875669
62;62007;60008;55001;5.91157E-09;1;ОС-1:;состояние1_k-13.sig;1 дополнительное:;состояние2_k-27.sig;0.1037476;-0.01360244;4.021561;9;3.401805;333;3.062812;7.415143;240;0.6197557
62;62007;60008;55001;5.91157E-09;1;ОС-1:;состояние1_k-13.sig;1 дополнительное:;состояние2_k-28.sig;0.1037476;-0.02161071;4.021561;9;3.339202;102;3.049579;7.346124;548;0.682359
62;62007;60008;55001;5.91157E-09;1;ОС-1:;состояние1_k-13.sig;1 дополнительное:;состояние2_k-29.sig;0.1037476;-0.01684194;4.021561;9;3.248461;25;3.008225;7.253552;8;0.7731001
62;62007;60008;55001;5.91157E-09;1;ОС-1:;состояние1_k-13.sig;1 дополнительное:;состояние2_k-30.sig;0.1037476;0;4.021561;9;3.131581;53;2.960912;7.148391;470;0.8899794
62;62007;60008;55001;5.91157E-09;1;ОС-1:;состояние1_k-13.sig;1 дополнительное:;состояние2_k-31.sig;0.1037476;0.01978895;4.021561;9;2.995295;15;2.916697;7.010297;47;1.026266
62;62007;60008;55001;5.91157E-09;1;ОС-1:;состояние1_k-13.sig;1 дополнительное:;состояние2_k-32.sig;0.1037476;0.03175333;4.021561;9;2.840519;73;2.88318;6.839697;354;1.181041
62;62007;60008;55001;5.91157E-09;1;ОС-1:;состояние1_k-13.sig;1 дополнительное:;состояние2_k-33.sig;0.1037476;0.03023191;4.021561;9;2.673524;764;2.851151;6.685621;279;1.348037
62;62007;60008;55001;5.91157E-09;1;ОС-1:;состояние1_k-13.sig;1 дополнительное:;состояние2_k-34.sig;0.1037476;0.0172182;4.021561;9;2.499272;32;2.824769;6.51255;547;1.522288
62;62007;60008;55001;5.91157E-09;1;ОС-1:;состояние1_k-13.sig;1 дополнительное:;состояние2_k-35.sig;0.1037476;0;4.021561;9;2.324069;199;2.797683;6.332358;470;1.697491
62;62007;60008;55001;5.91157E-09;1;ОС-1:;состояние1_k-13.sig;1 дополнительное:;состояние2_k-36.sig;0.1037476;-0.01361724;4.021561;9;2.1544;79;2.758131;6.16117;662;1.867161
62;62007;60008;55001;5.91157E-09;1;ОС-1:;состояние1_k-13.sig;1 дополнительное:;состояние2_k-37.sig;0.1037476;-0.01915528;4.021561;9;1.996802;452;2.706943;6.007085;47;2.024759
62;62007;60008;55001;5.91157E-09;1;ОС-1:;состояние1_k-13.sig;1 дополнительное:;состояние2_k-38.sig;0.1037476;-0.01653948;4.021561;9;1.857015;437;2.66488;5.871023;240;2.164545
62;62007;60008;55001;5.91157E-09;1;ОС-1:;состояние1_k-13.sig;1 дополнительное:;состояние2_k-39.sig;0.1037476;-0.008804474;4.021561;9;1.739212;551;2.87012;4.873864;117;2.282349
62;62007;60008;55001;5.91157E-09;1;ОС-1:;состояние1_k-13.sig;1 дополнительное:;состояние2_k-40.sig;0.1037476;7.927418E-08;4.021561;9;1.63914;9;2.620325;5.662858;547;2.382421
62;62007;60008;55001;5.91157E-09;1;ОС-1:;состояние1_k-14.sig;1 дополнительное:;состояние2_k-21.sig;0.0433256;-0.03445686;3.79606;283;3.199959;88;2.91731;6.795979;780;0.596101
62;62007;60008;55001;5.91157E-09;1;ОС-1:;состояние1_k-14.sig;1 дополнительное:;состояние2_k-22.sig;0.0433256;-0.04721271;3.79606;283;3.277252;168;2.972562;7.053945;32;0.5188072
62;62007;60008;55001;5.91157E-09;1;ОС-1:;состояние1_k-14.sig;1 дополнительное:;состояние2_k-23.sig;0.0433256;-0.03541024;3.79606;283;3.350201;763;2.955849;7.146037;676;0.4458587
62;62007;60008;55001;5.91157E-09;1;ОС-1:;состояние1_k-14.sig;1 дополнительное:;состояние2_k-24.sig;0.0433256;-0.01366758;3.79606;283;3.405085;17;2.934437;7.175385;496;0.3909745
62;62007;60008;55001;5.91157E-09;1;ОС-1:;состояние1_k-14.sig;1 дополнительное:;состояние2_k-25.sig;0.0433256;0;3.79606;283;3.427543;11;2.9094;7.218017;711;0.3685162
62;62007;60008;55001;5.91157E-09;1;ОС-1:;состояние1_k-14.sig;1 дополнительное:;состояние2_k-26.sig;0.0433256;-0.002056573;3.79606;283;3.433994;351;2.89941;7.21705;140;0.3620658
62;62007;60008;55001;5.91157E-09;1;ОС-1:;состояние1_k-14.sig;1 дополнительное:;состояние2_k-27.sig;0.0433256;-0.01360244;3.79606;283;3.401805;333;2.90098;7.188919;426;0.3942547
62;62007;60008;55001;5.91157E-09;1;ОС-1:;состояние1_k-14.sig;1 дополнительное:;состояние2_k-28.sig;0.0433256;-0.02161071;3.79606;283;3.339202;102;2.995972;7.066635;174;0.4568579
62;62007;60008;55001;5.91157E-09;1;ОС-1:;состояние1_k-14.sig;1 дополнительное:;состояние2_k-29.sig;0.0433256;-0.01684194;3.79606;283;3.248461;25;2.900602;7.024796;283;0.5475991
62;62007;60008;55001;5.91157E-09;1;ОС-1:;состояние1_k-14.sig;1 дополнительное:;состояние2_k-30.sig;0.0433256;0;3.79606;283;3.131581;53;2.859829;6.904047;70;0.6644783
62;62007;60008;55001;5.91157E-09;1;ОС-1:;состояние1_k-14.sig;1 дополнительное:;состояние2_k-31.sig;0.0433256;0.01978895;3.79606;283;2.995295;15;2.799506;6.786308;176;0.800765
62;62007;60008;55001;5.91157E-09;1;ОС-1:;состояние1_k-14.sig;1 дополнительное:;состояние2_k-32.sig;0.0433256;0.03175333;3.79606;283;2.840519;73;2.745872;6.628197;104;0.9555404
62;62007;60008;55001;5.91157E-09;1;ОС-1:;состояние1_k-14.sig;1 дополнительное:;состояние2_k-33.sig;0.0433256;0.03023191;3.79606;283;2.673524;764;2.708427;6.465009;355;1.122536
62;62007;60008;55001;5.91157E-09;1;ОС-1:;состояние1_k-14.sig;1 дополнительное:;состояние2_k-34.sig;0.0433256;0.0172182;3.79606;283;2.499272;32;2.673903;6.27927;32;1.296787
62;62007;60008;55001;5.91157E-09;1;ОС-1:;состояние1_k-14.sig;1 дополнительное:;состояние2_k-35.sig;0.0433256;0;3.79606;283;2.324069;199;2.645205;6.088036;213;1.47199
62;62007;60008;55001;5.91157E-09;1;ОС-1:;состояние1_k-14.sig;1 дополнительное:;состояние2_k-36.sig;0.0433256;-0.01361724;3.79606;283;2.1544;79;2.61943;5.947988;426;1.641659
62;62007;60008;55001;5.91157E-09;1;ОС-1:;состояние1_k-14.sig;1 дополнительное:;состояние2_k-37.sig;0.0433256;-0.01915528;3.79606;283;1.996802;452;2.60104;5.792461;533;1.799258
62;62007;60008;55001;5.91157E-09;1;ОС-1:;состояние1_k-14.sig;1 дополнительное:;состояние2_k-38.sig;0.0433256;-0.01653948;3.79606;283;1.857015;437;2.579358;5.619458;213;1.939044
62;62007;60008;55001;5.91157E-09;1;ОС-1:;состояние1_k-14.sig;1 дополнительное:;состояние2_k-39.sig;0.0433256;-0.008804474;3.79606;283;1.739212;551;2.561687;5.52281;641;2.056848
62;62007;60008;55001;5.91157E-09;1;ОС-1:;состояние1_k-14.sig;1 дополнительное:;состояние2_k-40.sig;0.0433256;7.927418E-08;3.79606;283;1.63914;9;2.531914;5.438396;497;2.156919
62;62007;60008;55001;5.91157E-09;1;ОС-1:;состояние1_k-15.sig;1 дополнительное:;состояние2_k-21.sig;0;-0.03445686;3.569384;187;3.199959;88;2.763791;6.760393;421;0.3694255
62;62007;60008;55001;5.91157E-09;1;ОС-1:;состояние1_k-15.sig;1 дополнительное:;состояние2_k-22.sig;0;-0.04721271;3.569384;187;3.277252;168;2.861363;6.840491;54;0.2921317
62;62007;60008;55001;5.91157E-09;1;ОС-1:;состояние1_k-15.sig;1 дополнительное:;состояние2_k-23.sig;0;-0.03541024;3.569384;187;3.350201;763;2.887243;6.914784;154;0.2191832
62;62007;60008;55001;5.91157E-09;1;ОС-1:;состояние1_k-15.sig;1 дополнительное:;состояние2_k-24.sig;0;-0.01366758;3.569384;187;3.405085;17;2.859412;6.968877;121;0.164299
62;62007;60008;55001;5.91157E-09;1;ОС-1:;состояние1_k-15.sig;1 дополнительное:;состояние2_k-25.sig;0;0;3.569384;187;3.427543;11;2.841296;6.853258;90;0.1418407
62;62007;60008;55001;5.91157E-09;1;ОС-1:;состояние1_k-15.sig;1 дополнительное:;состояние2_k-26.sig;0;-0.002056573;3.569384;187;3.433994;351;2.828681;6.998256;620;0.1353903
62;62007;60008;55001;5.91157E-09;1;ОС-1:;состояние1_k-15.sig;1 дополнительное:;состояние2_k-27.sig;0;-0.01360244;3.569384;187;3.401805;333;2.80391;6.943373;55;0.1675792
62;62007;60008;55001;5.91157E-09;1;ОС-1:;состояние1_k-15.sig;1 дополнительное:;состояние2_k-28.sig;0;-0.02161071;3.569384;187;3.339202;102;2.780516;6.905517;120;0.2301824
62;62007;60008;55001;5.91157E-09;1;ОС-1:;состояние1_k-15.sig;1 дополнительное:;состояние2_k-29.sig;0;-0.01684194;3.569384;187;3.248461;25;2.757744;6.817702;387;0.3209236
62;62007;60008;55001;5.91157E-09;1;ОС-1:;состояние1_k-15.sig;1 дополнительное:;состояние2_k-30.sig;0;0;3.569384;187;3.131581;53;2.831262;6.697493;20;0.4378028
62;62007;60008;55001;5.91157E-09;1;ОС-1:;состояние1_k-15.sig;1 дополнительное:;состояние2_k-31.sig;0;0.01978895;3.569384;187;2.995295;15;2.670893;6.54703;386;0.5740895
62;62007;60008;55001;5.91157E-09;1;ОС-1:;состояние1_k-15.sig;1 дополнительное:;состояние2_k-32.sig;0;0.03175333;3.569384;187;2.840519;73;2.633108;6.407407;120;0.7288649
62;62007;60008;55001;5.91157E-09;1;ОС-1:;состояние1_k-15.sig;1 дополнительное:;состояние2_k-33.sig;0;0.03023191;3.569384;187;2.673524;764;2.59843;6.200063;219;0.8958604
62;62007;60008;55001;5.91157E-09;1;ОС-1:;состояние1_k-15.sig;1 дополнительное:;состояние2_k-34.sig;0;0.0172182;3.569384;187;2.499272;32;2.560738;6.063721;620;1.070112
62;62007;60008;55001;5.91157E-09;1;ОС-1:;состояние1_k-15.sig;1 дополнительное:;состояние2_k-35.sig;0;0;3.569384;187;2.324069;199;2.524515;5.821682;85;1.245315
62;62007;60008;55001;5.91157E-09;1;ОС-1:;состояние1_k-15.sig;1 дополнительное:;состояние2_k-36.sig;0;-0.01361724;3.569384;187;2.1544;79;2.485736;5.722612;454;1.414984
62;62007;60008;55001;5.91157E-09;1;ОС-1:;состояние1_k-15.sig;1 дополнительное:;состояние2_k-37.sig;0;-0.01915528;3.569384;187;1.996802;452;2.456636;5.553988;20;1.572582
62;62007;60008;55001;5.91157E-09;1;ОС-1:;состояние1_k-15.sig;1 дополнительное:;состояние2_k-38.sig;0;-0.01653948;3.569384;187;1.857015;437;2.431498;5.4264;187;1.712369
62;62007;60008;55001;5.91157E-09;1;ОС-1:;состояние1_k-15.sig;1 дополнительное:;состояние2_k-39.sig;0;-0.008804474;3.569384;187;1.739212;551;2.396089;5.236753;89;1.830172
62;62007;60008;55001;5.91157E-09;1;ОС-1:;состояние1_k-15.sig;1 дополнительное:;состояние2_k-40.sig;0;7.927418E-08;3.569384;187;1.63914;9;2.391898;5.172305;122;1.930244
62;62007;60008;55001;5.91157E-09;1;ОС-1:;состояние1_k-16.sig;1 дополнительное:;состояние2_k-21.sig;-0.001356244;-0.03445686;3.368756;103;3.199959;88;2.666938;6.562149;540;0.168797
62;62007;60008;55001;5.91157E-09;1;ОС-1:;состояние1_k-16.sig;1 дополнительное:;состояние2_k-22.sig;-0.001356244;-0.04721271;3.368756;103;3.277252;168;2.725995;6.645755;259;0.09150314
62;62007;60008;55001;5.91157E-09;1;ОС-1:;состояние1_k-16.sig;1 дополнительное:;состояние2_k-23.sig;-0.001356244;-0.03541024;3.368756;103;3.350201;763;2.803031;6.694634;197;0.01855469
62;62007;60008;55001;5.91157E-09;1;ОС-1:;состояние1_k-16.sig;1 дополнительное:;состояние2_k-24.sig;-0.001356244;-0.01366758;3.368756;103;3.405085;17;2.824421;6.678799;39;0.03632951
62;62007;60008;55001;5.91157E-09;1;ОС-1:;состояние1_k-16.sig;1 дополнительное:;состояние2_k-25.sig;-0.001356244;0;3.368756;103;3.427543;11;2.819905;6.790323;791;0.05878782
62;62007;60008;55001;5.91157E-09;1;ОС-1:;состояние1_k-16.sig;1 дополнительное:;состояние2_k-26.sig;-0.001356244;-0.002056573;3.368756;103;3.433994;351;2.78083;6.799518;197;0.06523824
62;62007;60008;55001;5.91157E-09;1;ОС-1:;состояние1_k-16.sig;1 дополнительное:;состояние2_k-27.sig;-0.001356244;-0.01360244;3.368756;103;3.401805;333;2.731718;6.769958;259;0.03304935
62;62007;60008;55001;5.91157E-09;1;ОС-1:;состояние1_k-16.sig;1 дополнительное:;состояние2_k-28.sig;-0.001356244;-0.02161071;3.368756;103;3.339202;102;2.683141;6.694386;227;0.02955389
62;62007;60008;55001;5.91157E-09;1;ОС-1:;состояние1_k-16.sig;1 дополнительное:;состояние2_k-29.sig;-0.001356244;-0.01684194;3.368756;103;3.248461;25;2.649596;6.607301;353;0.120295
62;62007;60008;55001;5.91157E-09;1;ОС-1:;состояние1_k-16.sig;1 дополнительное:;состояние2_k-30.sig;-0.001356244;0;3.368756;103;3.131581;53;2.629575;6.500337;103;0.2371743
62;62007;60008;55001;5.91157E-09;1;ОС-1:;состояние1_k-16.sig;1 дополнительное:;состояние2_k-31.sig;-0.001356244;0.01978895;3.368756;103;2.995295;15;2.587561;6.338974;354;0.373461
62;62007;60008;55001;5.91157E-09;1;ОС-1:;состояние1_k-16.sig;1 дополнительное:;состояние2_k-32.sig;-0.001356244;0.03175333;3.368756;103;2.840519;73;2.640287;6.179782;10;0.5282364
62;62007;60008;55001;5.91157E-09;1;ОС-1:;состояние1_k-16.sig;1 дополнительное:;состояние2_k-33.sig;-0.001356244;0.03023191;3.368756;103;2.673524;764;2.492324;6.025057;415;0.6952319
62;62007;60008;55001;5.91157E-09;1;ОС-1:;состояние1_k-16.sig;1 дополнительное:;состояние2_k-34.sig;-0.001356244;0.0172182;3.368756;103;2.499272;32;2.457799;5.855536;385;0.8694832
62;62007;60008;55001;5.91157E-09;1;ОС-1:;состояние1_k-16.sig;1 дополнительное:;состояние2_k-35.sig;-0.001356244;0;3.368756;103;2.324069;199;2.427311;5.681839;728;1.044686
62;62007;60008;55001;5.91157E-09;1;ОС-1:;состояние1_k-16.sig;1 дополнительное:;состояние2_k-36.sig;-0.001356244;-0.01361724;3.368756;103;2.1544;79;2.385384;5.506838;134;1.214355
62;62007;60008;55001;5.91157E-09;1;ОС-1:;состояние1_k-16.sig;1 дополнительное:;состояние2_k-37.sig;-0.001356244;-0.01915528;3.368756;103;1.996802;452;2.345955;5.361691;790;1.371954
62;62007;60008;55001;5.91157E-09;1;ОС-1:;состояние1_k-16.sig;1 дополнительное:;состояние2_k-38.sig;-0.001356244;-0.01653948;3.368756;103;1.857015;437;2.324618;5.217937;384;1.51174
62;62007;60008;55001;5.91157E-09;1;ОС-1:;состояние1_k-16.sig;1 дополнительное:;состояние2_k-39.sig;-0.001356244;-0.008804474;3.368756;103;1.739212;551;2.312862;5.09342;666;1.629544
62;62007;60008;55001;5.91157E-09;1;ОС-1:;состояние1_k-16.sig;1 дополнительное:;состояние2_k-40.sig;-0.001356244;7.927418E-08;3.368756;103;1.63914;9;2.304884;5.007692;9;1.729615
62;62007;60008;55001;5.91157E-09;1;ОС-1:;состояние1_k-17.sig;1 дополнительное:;состояние2_k-21.sig;0.02493083;-0.03445686;3.217759;205;3.199959;88;2.614207;6.408592;469;0.01780057
62;62007;60008;55001;5.91157E-09;1;ОС-1:;состояние1_k-17.sig;1 дополнительное:;состояние2_k-22.sig;0.02493083;-0.04721271;3.217759;205;3.277252;168;2.625458;6.47958;146;0.0594933
62;62007;60008;55001;5.91157E-09;1;ОС-1:;состояние1_k-17.sig;1 дополнительное:;состояние2_k-23.sig;0.02493083;-0.03541024;3.217759;205;3.350201;763;2.691955;6.555613;263;0.1324418
62;62007;60008;55001;5.91157E-09;1;ОС-1:;состояние1_k-17.sig;1 дополнительное:;состояние2_k-24.sig;0.02493083;-0.01366758;3.217759;205;3.405085;17;2.772149;6.610969;58;0.187326
62;62007;60008;55001;5.91157E-09;1;ОС-1:;состояние1_k-17.sig;1 дополнительное:;состояние2_k-25.sig;0.02493083;0;3.217759;205;3.427543;11;2.790872;6.645035;411;0.2097843
62;62007;60008;55001;5.91157E-09;1;ОС-1:;состояние1_k-17.sig;1 дополнительное:;состояние2_k-26.sig;0.02493083;-0.002056573;3.217759;205;3.433994;351;2.761792;6.645984;793;0.2162347
62;62007;60008;55001;5.91157E-09;1;ОС-1:;состояние1_k-17.sig;1 дополнительное:;состояние2_k-27.sig;0.02493083;-0.01360244;3.217759;205;3.401805;333;2.69848;6.599152;0;0.1840458
62;62007;60008;55001;5.91157E-09;1;ОС-1:;состояние1_k-17.sig;1 дополнительное:;состояние2_k-28.sig;0.02493083;-0.02161071;3.217759;205;3.339202;102;2.622571;6.556904;352;0.1214426
62;62007;60008;55001;5.91157E-09;1;ОС-1:;состояние1_k-17.sig;1 дополнительное:;состояние2_k-29.sig;0.02493083;-0.01684194;3.217759;205;3.248461;25;2.562503;6.45996;146;0.0307014
62;62007;60008;55001;5.91157E-09;1;ОС-1:;состояние1_k-17.sig;1 дополнительное:;состояние2_k-30.sig;0.02493083;0;3.217759;205;3.131581;53;2.524606;6.332986;353;0.08617783
62;62007;60008;55001;5.91157E-09;1;ОС-1:;состояние1_k-17.sig;1 дополнительное:;состояние2_k-31.sig;0.02493083;0.01978895;3.217759;205;2.995295;15;2.501223;6.204949;176;0.2224646
62;62007;60008;55001;5.91157E-09;1;ОС-1:;состояние1_k-17.sig;1 дополнительное:;состояние2_k-32.sig;0.02493083;0.03175333;3.217759;205;2.840519;73;2.480605;6.039557;558;0.3772399
62;62007;60008;55001;5.91157E-09;1;ОС-1:;состояние1_k-17.sig;1 дополнительное:;состояние2_k-33.sig;0.02493083;0.03023191;3.217759;205;2.673524;764;2.443308;5.89069;264;0.5442355
62;62007;60008;55001;5.91157E-09;1;ОС-1:;состояние1_k-17.sig;1 дополнительное:;состояние2_k-34.sig;0.02493083;0.0172182;3.217759;205;2.499272;32;2.414188;5.552421;237;0.7184868
62;62007;60008;55001;5.91157E-09;1;ОС-1:;состояние1_k-17.sig;1 дополнительное:;состояние2_k-35.sig;0.02493083;0;3.217759;205;2.324069;199;2.329336;5.541587;499;0.8936896
62;62007;60008;55001;5.91157E-09;1;ОС-1:;состояние1_k-17.sig;1 дополнительное:;состояние2_k-36.sig;0.02493083;-0.01361724;3.217759;205;2.1544;79;2.287362;5.366629;676;1.063359
62;62007;60008;55001;5.91157E-09;1;ОС-1:;состояние1_k-17.sig;1 дополнительное:;состояние2_k-37.sig;0.02493083;-0.01915528;3.217759;205;1.996802;452;2.250198;5.211255;87;1.220958
62;62007;60008;55001;5.91157E-09;1;ОС-1:;состояние1_k-17.sig;1 дополнительное:;состояние2_k-38.sig;0.02493083;-0.01653948;3.217759;205;1.857015;437;2.228167;5.069942;29;1.360744
62;62007;60008;55001;5.91157E-09;1;ОС-1:;состояние1_k-17.sig;1 дополнительное:;состояние2_k-39.sig;0.02493083;-0.008804474;3.217759;205;1.739212;551;2.216189;4.956076;205;1.478547
62;62007;60008;55001;5.91157E-09;1;ОС-1:;состояние1_k-17.sig;1 дополнительное:;состояние2_k-40.sig;0.02493083;7.927418E-08;3.217759;205;1.63914;9;2.197921;4.854083;322;1.578619
62;62007;60008;55001;5.91157E-09;1;ОС-1:;состояние1_k-18.sig;1 дополнительное:;состояние2_k-21.sig;0.04451578;-0.03445686;3.129848;129;3.199959;88;2.661486;6.307261;17;0.07011056
62;62007;60008;55001;5.91157E-09;1;ОС-1:;состояние1_k-18.sig;1 дополнительное:;состояние2_k-22.sig;0.04451578;-0.04721271;3.129848;129;3.277252;168;2.627505;6.391911;213;0.1474044
62;62007;60008;55001;5.91157E-09;1;ОС-1:;состояние1_k-18.sig;1 дополнительное:;состояние2_k-23.sig;0.04451578;-0.03541024;3.129848;129;3.350201;763;2.644928;6.473574;546;0.2203529
62;62007;60008;55001;5.91157E-09;1;ОС-1:;состояние1_k-18.sig;1 дополнительное:;состояние2_k-24.sig;0.04451578;-0.01366758;3.129848;129;3.405085;17;2.689754;6.520749;434;0.2752371
62;62007;60008;55001;5.91157E-09;1;ОС-1:;состояние1_k-18.sig;1 дополнительное:;состояние2_k-25.sig;0.04451578;0;3.129848;129;3.427543;11;2.741976;6.555998;351;0.2976954
62;62007;60008;55001;5.91157E-09;1;ОС-1:;состояние1_k-18.sig;1 дополнительное:;состояние2_k-26.sig;0.04451578;-0.002056573;3.129848;129;3.433994;351;2.745983;6.513271;158;0.3041458
62;62007;60008;55001;5.91157E-09;1;ОС-1:;состояние1_k-18.sig;1 дополнительное:;состояние2_k-27.sig;0.04451578;-0.01360244;3.129848;129;3.401805;333;2.704271;6.530259;18;0.2719569
62;62007;60008;55001;5.91157E-09;1;ОС-1:;состояние1_k-18.sig;1 дополнительное:;состояние2_k-28.sig;0.04451578;-0.02161071;3.129848;129;3.339202;102;2.621449;6.458362;102;0.2093537
62;62007;60008;55001;5.91157E-09;1;ОС-1:;состояние1_k-18.sig;1 дополнительное:;состояние2_k-29.sig;0.04451578;-0.01684194;3.129848;129;3.248461;25;2.550692;6.360992;629;0.1186125
62;62007;60008;55001;5.91157E-09;1;ОС-1:;состояние1_k-18.sig;1 дополнительное:;состояние2_k-30.sig;0.04451578;0;3.129848;129;3.131581;53;2.503324;6.062898;154;0.001733303
62;62007;60008;55001;5.91157E-09;1;ОС-1:;состояние1_k-18.sig;1 дополнительное:;состояние2_k-31.sig;0.04451578;0.01978895;3.129848;129;2.995295;15;2.434102;6.110612;434;0.1345534
62;62007;60008;55001;5.91157E-09;1;ОС-1:;состояние1_k-18.sig;1 дополнительное:;состояние2_k-32.sig;0.04451578;0.03175333;3.129848;129;2.840519;73;2.400325;5.965605;323;0.2893288
62;62007;60008;55001;5.91157E-09;1;ОС-1:;состояние1_k-18.sig;1 дополнительное:;состояние2_k-33.sig;0.04451578;0.03023191;3.129848;129;2.673524;764;2.371003;5.785201;491;0.4563243
62;62007;60008;55001;5.91157E-09;1;ОС-1:;состояние1_k-18.sig;1 дополнительное:;состояние2_k-34.sig;0.04451578;0.0172182;3.129848;129;2.499272;32;2.338738;5.607488;17;0.6305757
62;62007;60008;55001;5.91157E-09;1;ОС-1:;состояние1_k-18.sig;1 дополнительное:;состояние2_k-35.sig;0.04451578;0;3.129848;129;2.324069;199;2.310848;5.445739;185;0.8057785
62;62007;60008;55001;5.91157E-09;1;ОС-1:;состояние1_k-18.sig;1 дополнительное:;состояние2_k-36.sig;0.04451578;-0.01361724;3.129848;129;2.1544;79;2.159953;4.847465;272;0.9754479
62;62007;60008;55001;5.91157E-09;1;ОС-1:;состояние1_k-18.sig;1 дополнительное:;состояние2_k-37.sig;0.04451578;-0.01915528;3.129848;129;1.996802;452;2.225238;5.11879;101;1.133046
62;62007;60008;55001;5.91157E-09;1;ОС-1:;состояние1_k-18.sig;1 дополнительное:;состояние2_k-38.sig;0.04451578;-0.01653948;3.129848;129;1.857015;437;2.179774;4.979685;240;1.272833
62;62007;60008;55001;5.91157E-09;1;ОС-1:;состояние1_k-18.sig;1 дополнительное:;состояние2_k-39.sig;0.04451578;-0.008804474;3.129848;129;1.739212;551;2.152045;4.853593;602;1.390636
62;62007;60008;55001;5.91157E-09;1;ОС-1:;состояние1_k-18.sig;1 дополнительное:;состояние2_k-40.sig;0.04451578;7.927418E-08;3.129848;129;1.63914;9;2.133197;4.761802;434;1.490708
62;62007;60008;55001;5.91157E-09;1;ОС-1:;состояние1_k-19.sig;1 дополнительное:;состояние2_k-21.sig;0.03449766;-0.03445686;3.106428;798;3.199959;88;2.808355;6.299856;88;0.09353065
62;62007;60008;55001;5.91157E-09;1;ОС-1:;состояние1_k-19.sig;1 дополнительное:;состояние2_k-22.sig;0.03449766;-0.04721271;3.106428;798;3.277252;168;2.725113;6.378304;9;0.1708245
62;62007;60008;55001;5.91157E-09;1;ОС-1:;состояние1_k-19.sig;1 дополнительное:;состояние2_k-23.sig;0.03449766;-0.03541024;3.106428;798;3.350201;763;2.677656;6.446426;219;0.243773
62;62007;60008;55001;5.91157E-09;1;ОС-1:;состояние1_k-19.sig;1 дополнительное:;состояние2_k-24.sig;0.03449766;-0.01366758;3.106428;798;3.405085;17;2.662067;6.502481;746;0.2986572
62;62007;60008;55001;5.91157E-09;1;ОС-1:;состояние1_k-19.sig;1 дополнительное:;состояние2_k-25.sig;0.03449766;0;3.106428;798;3.427543;11;2.680382;6.524135;271;0.3211155
62;62007;60008;55001;5.91157E-09;1;ОС-1:;состояние1_k-19.sig;1 дополнительное:;состояние2_k-26.sig;0.03449766;-0.002056573;3.106428;798;3.433994;351;2.718235;6.537138;351;0.3275659
62;62007;60008;55001;5.91157E-09;1;ОС-1:;состояние1_k-19.sig;1 дополнительное:;состояние2_k-27.sig;0.03449766;-0.01360244;3.106428;798;3.401805;333;2.705109;6.499784;166;0.295377
62;62007;60008;55001;5.91157E-09;1;ОС-1:;состояние1_k-19.sig;1 дополнительное:;состояние2_k-28.sig;0.03449766;-0.02161071;3.106428;798;3.339202;102;2.654221;6.442187;245;0.2327738
62;62007;60008;55001;5.91157E-09;1;ОС-1:;состояние1_k-19.sig;1 дополнительное:;состояние2_k-29.sig;0.03449766;-0.01684194;3.106428;798;3.248461;25;2.583124;6.345617;8;0.1420326
62;62007;60008;55001;5.91157E-09;1;ОС-1:;состояние1_k-19.sig;1 дополнительное:;состояние2_k-30.sig;0.03449766;0;3.106428;798;3.131581;53;2.505435;6.218806;87;0.0251534
62;62007;60008;55001;5.91157E-09;1;ОС-1:;состояние1_k-19.sig;1 дополнительное:;состояние2_k-31.sig;0.03449766;0.01978895;3.106428;798;2.995295;15;2.434474;6.083693;483;0.1111333
62;62007;60008;55001;5.91157E-09;1;ОС-1:;состояние1_k-19.sig;1 дополнительное:;состояние2_k-32.sig;0.03449766;0.03175333;3.106428;798;2.840519;73;2.372441;5.944078;745;0.2659087
62;62007;60008;55001;5.91157E-09;1;ОС-1:;состояние1_k-19.sig;1 дополнительное:;состояние2_k-33.sig;0.03449766;0.03023191;3.106428;798;2.673524;764;2.333191;5.759741;325;0.4329042
62;62007;60008;55001;5.91157E-09;1;ОС-1:;состояние1_k-19.sig;1 дополнительное:;состояние2_k-34.sig;0.03449766;0.0172182;3.106428;798;2.499272;32;2.31565;5.59867;429;0.6071556
62;62007;60008;55001;5.91157E-09;1;ОС-1:;состояние1_k-19.sig;1 дополнительное:;состояние2_k-35.sig;0.03449766;0;3.106428;798;2.324069;199;2.280462;5.42925;456;0.7823584
62;62007;60008;55001;5.91157E-09;1;ОС-1:;состояние1_k-19.sig;1 дополнительное:;состояние2_k-36.sig;0.03449766;-0.01361724;3.106428;798;2.1544;79;2.253488;5.256936;482;0.9520278
62;62007;60008;55001;5.91157E-09;1;ОС-1:;состояние1_k-19.sig;1 дополнительное:;состояние2_k-37.sig;0.03449766;-0.01915528;3.106428;798;1.996802;452;2.234371;5.100581;114;1.109626
62;62007;60008;55001;5.91157E-09;1;ОС-1:;состояние1_k-19.sig;1 дополнительное:;состояние2_k-38.sig;0.03449766;-0.01653948;3.106428;798;1.857015;437;2.074227;4.463763;215;1.249412
62;62007;60008;55001;5.91157E-09;1;ОС-1:;состояние1_k-19.sig;1 дополнительное:;состояние2_k-39.sig;0.03449766;-0.008804474;3.106428;798;1.739212;551;2.168972;4.834096;192;1.367216
62;62007;60008;55001;5.91157E-09;1;ОС-1:;состояние1_k-19.sig;1 дополнительное:;состояние2_k-40.sig;0.03449766;7.927418E-08;3.106428;798;1.63914;9;2.129094;4.747913;272;1.467288
62;62007;60008;55001;5.91157E-09;1;ОС-1:;состояние1_k-20.sig;1 дополнительное:;состояние2_k-21.sig;0;-0.03445686;3.135536;0;3.199959;88;3.014148;6.335239;350;0.06442213
62;62007;60008;55001;5.91157E-09;1;ОС-1:;состояние1_k-20.sig;1 дополнительное:;состояние2_k-22.sig;0;-0.04721271;3.135536;0;3.277252;168;2.882612;6.412171;100;0.141716
62;62007;60008;55001;5.91157E-09;1;ОС-1:;состояние1_k-20.sig;1 дополнительное:;состояние2_k-23.sig;0;-0.03541024;3.135536;0;3.350201;763;2.777779;6.485725;350;0.2146645
62;62007;60008;55001;5.91157E-09;1;ОС-1:;состояние1_k-20.sig;1 дополнительное:;состояние2_k-24.sig;0;-0.01366758;3.135536;0;3.405085;17;2.707476;6.539018;225;0.2695487
62;62007;60008;55001;5.91157E-09;1;ОС-1:;состояние1_k-20.sig;1 дополнительное:;состояние2_k-25.sig;0;0;3.135536;0;3.427543;11;2.677112;6.555905;150;0.292007
62;62007;60008;55001;5.91157E-09;1;ОС-1:;состояние1_k-20.sig;1 дополнительное:;состояние2_k-26.sig;0;-0.002056573;3.135536;0;3.433994;351;2.676043;6.552373;101;0.2984574
62;62007;60008;55001;5.91157E-09;1;ОС-1:;состояние1_k-20.sig;1 дополнительное:;состояние2_k-27.sig;0;-0.01360244;3.135536;0;3.401805;333;2.694959;6.531311;500;0.2662685
62;62007;60008;55001;5.91157E-09;1;ОС-1:;состояние1_k-20.sig;1 дополнительное:;состояние2_k-28.sig;0;-0.02161071;3.135536;0;3.339202;102;2.682105;6.426927;49;0.2036653
62;62007;60008;55001;5.91157E-09;1;ОС-1:;состояние1_k-20.sig;1 дополнительное:;состояние2_k-29.sig;0;-0.01684194;3.135536;0;3.248461;25;2.625817;6.383997;25;0.1129241
62;62007;60008;55001;5.91157E-09;1;ОС-1:;состояние1_k-20.sig;1 дополнительное:;состояние2_k-30.sig;0;0;3.135536;0;3.131581;53;2.525953;6.113059;2;0.003955126
62;62007;60008;55001;5.91157E-09;1;ОС-1:;состояние1_k-20.sig;1 дополнительное:;состояние2_k-31.sig;0;0.01978895;3.135536;0;2.995295;15;2.450873;6.125095;725;0.1402419
62;62007;60008;55001;5.91157E-09;1;ОС-1:;состояние1_k-20.sig;1 дополнительное:;состояние2_k-32.sig;0;0.03175333;3.135536;0;2.840519;73;2.380222;5.95725;151;0.2950172
62;62007;60008;55001;5.91157E-09;1;ОС-1:;состояние1_k-20.sig;1 дополнительное:;состояние2_k-33.sig;0;0.03023191;3.135536;0;2.673524;764;2.33386;5.775289;749;0.4620128
62;62007;60008;55001;5.91157E-09;1;ОС-1:;состояние1_k-20.sig;1 дополнительное:;состояние2_k-34.sig;0;0.0172182;3.135536;0;2.499272;32;2.303547;5.626847;400;0.6362641
62;62007;60008;55001;5.91157E-09;1;ОС-1:;состояние1_k-20.sig;1 дополнительное:;состояние2_k-35.sig;0;0;3.135536;0;2.324069;199;2.275927;5.427315;99;0.8114669
62;62007;60008;55001;5.91157E-09;1;ОС-1:;состояние1_k-20.sig;1 дополнительное:;состояние2_k-36.sig;0;-0.01361724;3.135536;0;2.1544;79;2.26579;5.239784;24;0.9811363
62;62007;60008;55001;5.91157E-09;1;ОС-1:;состояние1_k-20.sig;1 дополнительное:;состояние2_k-37.sig;0;-0.01915528;3.135536;0;1.996802;452;2.238784;5.132313;425;1.138735
62;62007;60008;55001;5.91157E-09;1;ОС-1:;состояние1_k-20.sig;1 дополнительное:;состояние2_k-38.sig;0;-0.01653948;3.135536;0;1.857015;437;2.204232;4.991038;450;1.278521
62;62007;60008;55001;5.91157E-09;1;ОС-1:;состояние1_k-20.sig;1 дополнительное:;состояние2_k-39.sig;0;-0.008804474;3.135536;0;1.739212;551;2.165299;4.871221;0;1.396325
62;62007;60008;55001;5.91157E-09;1;ОС-1:;состояние1_k-20.sig;1 дополнительное:;состояние2_k-40.sig;0;7.927418E-08;3.135536;0;1.63914;9;2.145931;4.598083;48;1.496396
62;62008;60009;59007;-1.606677E-09;0.9999998;ОС-1:;состояние1_k-1.sig;1 дополнительное:;состояние2_k-21.sig;-0.07949656;-0.00508391;0.2947651;0;1.782405;461;1.151023;2.121948;413;1.48764
62;62008;60009;59007;-1.606677E-09;0.9999998;ОС-1:;состояние1_k-1.sig;1 дополнительное:;состояние2_k-22.sig;-0.07949656;0.008707684;0.2947651;0;2.290602;432;1.467978;2.630461;432;1.995837
62;62008;60009;59007;-1.606677E-09;0.9999998;ОС-1:;состояние1_k-1.sig;1 дополнительное:;состояние2_k-23.sig;-0.07949656;0.0249676;0.2947651;0;2.611856;580;1.663063;2.952706;406;2.317091
62;62008;60009;59007;-1.606677E-09;0.9999998;ОС-1:;состояние1_k-1.sig;1 дополнительное:;состояние2_k-24.sig;-0.07949656;0.02197224;0.2947651;0;2.711729;91;1.732787;3.05122;424;2.416964
62;62008;60009;59007;-1.606677E-09;0.9999998;ОС-1:;состояние1_k-1.sig;1 дополнительное:;состояние2_k-25.sig;-0.07949656;0;0.2947651;0;2.593592;1;1.657199;2.933816;401;2.298827
62;62008;60009;59007;-1.606677E-09;0.9999998;ОС-1:;состояние1_k-1.sig;1 дополнительное:;состояние2_k-26.sig;-0.07949656;-0.02047447;0.2947651;0;2.282067;149;1.455662;2.622445;418;1.987302
62;62008;60009;59007;-1.606677E-09;0.9999998;ОС-1:;состояние1_k-1.sig;1 дополнительное:;состояние2_k-27.sig;-0.07949656;-0.02334054;0.2947651;0;1.816901;323;1.16755;2.156144;397;1.522136
62;62008;60009;59007;-1.606677E-09;0.9999998;ОС-1:;состояние1_k-1.sig;1 дополнительное:;состояние2_k-28.sig;-0.07949656;-0.01247388;0.2947651;0;1.24837;56;0.8096548;1.589554;413;0.9536052
62;62008;60009;59007;-1.606677E-09;0.9999998;ОС-1:;состояние1_k-1.sig;1 дополнительное:;состояние2_k-29.sig;-0.07949656;-0.002445983;0.2947651;0;0.6318147;635;0.4274271;0.97233;428;0.3370495
62;62008;60009;59007;-1.606677E-09;0.9999998;ОС-1:;состояние1_k-1.sig;1 дополнительное:;состояние2_k-30.sig;-0.07949656;0;0.2947651;0;0.02627036;6;0.1927762;0.3673115;406;0.2684948
62;62008;60009;59007;-1.606677E-09;0.9999998;ОС-1:;состояние1_k-1.sig;1 дополнительное:;состояние2_k-31.sig;-0.07949656;0.0003567362;0.2947651;0;0.5280781;20;0.3663307;0.8691324;407;0.233313
62;62008;60009;59007;-1.606677E-09;0.9999998;ОС-1:;состояние1_k-1.sig;1 дополнительное:;состояние2_k-32.sig;-0.07949656;0.004707093;0.2947651;0;0.9765859;77;0.6370076;1.317846;421;0.6818208
62;62008;60009;59007;-1.606677E-09;0.9999998;ОС-1:;состояние1_k-1.sig;1 дополнительное:;состояние2_k-33.sig;-0.07949656;0.01001738;0.2947651;0;1.292415;252;0.8317943;1.630774;434;0.9976494
62;62008;60009;59007;-1.606677E-09;0.9999998;ОС-1:;состояние1_k-1.sig;1 дополнительное:;состояние2_k-34.sig;-0.07949656;0.008765392;0.2947651;0;1.456774;446;0.9373893;1.792844;417;1.162009
62;62008;60009;59007;-1.606677E-09;0.9999998;ОС-1:;состояние1_k-1.sig;1 дополнительное:;состояние2_k-35.sig;-0.07949656;0;0.2947651;0;1.465796;86;0.9433954;1.806165;429;1.171031
62;62008;60009;59007;-1.606677E-09;0.9999998;ОС-1:;состояние1_k-1.sig;1 дополнительное:;состояние2_k-36.sig;-0.07949656;-0.008571012;0.2947651;0;1.329756;135;0.8573185;1.669497;413;1.034991
62;62008;60009;59007;-1.606677E-09;0.9999998;ОС-1:;состояние1_k-1.sig;1 дополнительное:;состояние2_k-37.sig;-0.07949656;-0.009730555;0.2947651;0;1.070388;19;0.6984267;1.405544;424;0.7756232
62;62008;60009;59007;-1.606677E-09;0.9999998;ОС-1:;состояние1_k-1.sig;1 дополнительное:;состояние2_k-38.sig;-0.07949656;-0.004737558;0.2947651;0;0.7207533;67;0.4821721;1.061964;409;0.4259882
62;62008;60009;59007;-1.606677E-09;0.9999998;ОС-1:;состояние1_k-1.sig;1 дополнительное:;состояние2_k-39.sig;-0.07949656;-0.0003707852;0.2947651;0;0.3262159;599;0.2586513;0.6653749;420;0.03145072
62;62008;60009;59007;-1.606677E-09;0.9999998;ОС-1:;состояние1_k-1.sig;1 дополнительное:;состояние2_k-40.sig;-0.07949656;-1.180917E-08;0.2947651;0;0.1700659;22;0.2097238;0.5114576;422;0.1246992
62;62008;60009;59007;-1.606677E-09;0.9999998;ОС-1:;состояние1_k-2.sig;1 дополнительное:;состояние2_k-21.sig;-0.1539014;-0.00508391;0.8170675;407;1.782405;461;1.199804;2.593818;651;0.9653375
62;62008;60009;59007;-1.606677E-09;0.9999998;ОС-1:;состояние1_k-2.sig;1 дополнительное:;состояние2_k-22.sig;-0.1539014;0.008707684;0.8170675;407;2.290602;432;1.505961;3.106034;159;1.473535
62;62008;60009;59007;-1.606677E-09;0.9999998;ОС-1:;состояние1_k-2.sig;1 дополнительное:;состояние2_k-23.sig;-0.1539014;0.0249676;0.8170675;407;2.611856;580;1.695889;3.422477;667;1.794789
62;62008;60009;59007;-1.606677E-09;0.9999998;ОС-1:;состояние1_k-2.sig;1 дополнительное:;состояние2_k-24.sig;-0.1539014;0.02197224;0.8170675;407;2.711729;91;1.762932;3.522622;403;1.894661
62;62008;60009;59007;-1.606677E-09;0.9999998;ОС-1:;состояние1_k-2.sig;1 дополнительное:;состояние2_k-25.sig;-0.1539014;0;0.8170675;407;2.593592;1;1.688246;3.409649;161;1.776525
62;62008;60009;59007;-1.606677E-09;0.9999998;ОС-1:;состояние1_k-2.sig;1 дополнительное:;состояние2_k-26.sig;-0.1539014;-0.02047447;0.8170675;407;2.282067;149;1.491943;3.094963;149;1.465
62;62008;60009;59007;-1.606677E-09;0.9999998;ОС-1:;состояние1_k-2.sig;1 дополнительное:;состояние2_k-27.sig;-0.1539014;-0.02334054;0.8170675;407;1.816901;323;1.214581;2.631252;656;0.9998332
62;62008;60009;59007;-1.606677E-09;0.9999998;ОС-1:;состояние1_k-2.sig;1 дополнительное:;состояние2_k-28.sig;-0.1539014;-0.01247388;0.8170675;407;1.24837;56;0.8800398;2.062714;163;0.4313028
62;62008;60009;59007;-1.606677E-09;0.9999998;ОС-1:;состояние1_k-2.sig;1 дополнительное:;состояние2_k-29.sig;-0.1539014;-0.002445983;0.8170675;407;0.6318147;635;0.5900906;1.44768;411;0.1852528
62;62008;60009;59007;-1.606677E-09;0.9999998;ОС-1:;состояние1_k-2.sig;1 дополнительное:;состояние2_k-30.sig;-0.1539014;0;0.8170675;407;0.02627036;6;0.4976795;0.8294551;171;0.7907972
62;62008;60009;59007;-1.606677E-09;0.9999998;ОС-1:;состояние1_k-2.sig;1 дополнительное:;состояние2_k-31.sig;-0.1539014;0.0003567362;0.8170675;407;0.5280781;20;0.5637313;1.340959;149;0.2889894
62;62008;60009;59007;-1.606677E-09;0.9999998;ОС-1:;состояние1_k-2.sig;1 дополнительное:;состояние2_k-32.sig;-0.1539014;0.004707093;0.8170675;407;0.9765859;77;0.729986;1.792562;405;0.1595184
62;62008;60009;59007;-1.606677E-09;0.9999998;ОС-1:;состояние1_k-2.sig;1 дополнительное:;состояние2_k-33.sig;-0.1539014;0.01001738;0.8170675;407;1.292415;252;0.8995859;2.108298;161;0.475347
62;62008;60009;59007;-1.606677E-09;0.9999998;ОС-1:;состояние1_k-2.sig;1 дополнительное:;состояние2_k-34.sig;-0.1539014;0.008765392;0.8170675;407;1.456774;446;0.9962195;2.271755;152;0.6397067
62;62008;60009;59007;-1.606677E-09;0.9999998;ОС-1:;состояние1_k-2.sig;1 дополнительное:;состояние2_k-35.sig;-0.1539014;0;0.8170675;407;1.465796;86;1.002528;2.274462;657;0.6487287
62;62008;60009;59007;-1.606677E-09;0.9999998;ОС-1:;состояние1_k-2.sig;1 дополнительное:;состояние2_k-36.sig;-0.1539014;-0.008571012;0.8170675;407;1.329756;135;0.9225288;2.142656;163;0.5126884
62;62008;60009;59007;-1.606677E-09;0.9999998;ОС-1:;состояние1_k-2.sig;1 дополнительное:;состояние2_k-37.sig;-0.1539014;-0.009730555;0.8170675;407;1.070388;19;0.7814505;1.886451;411;0.2533208
62;62008;60009;59007;-1.606677E-09;0.9999998;ОС-1:;состояние1_k-2.sig;1 дополнительное:;состояние2_k-38.sig;-0.1539014;-0.004737558;0.8170675;407;0.7207533;67;0.6193307;1.529874;146;0.09631419
62;62008;60009;59007;-1.606677E-09;0.9999998;ОС-1:;состояние1_k-2.sig;1 дополнительное:;состояние2_k-39.sig;-0.1539014;-0.0003707852;0.8170675;407;0.3262159;599;0.5217033;1.142321;407;0.4908516
62;62008;60009;59007;-1.606677E-09;0.9999998;ОС-1:;состояние1_k-2.sig;1 дополнительное:;состояние2_k-40.sig;-0.1539014;-1.180917E-08;0.8170675;407;0.1700659;22;0.5034744;0.9876606;410;0.6470016
62;62008;60009;59007;-1.606677E-09;0.9999998;ОС-1:;состояние1_k-3.sig;1 дополнительное:;состояние2_k-21.sig;-0.1859082;-0.00508391;1.474074;232;1.782405;461;1.348874;3.199848;413;0.3083315
62;62008;60009;59007;-1.606677E-09;0.9999998;ОС-1:;состояние1_k-3.sig;1 дополнительное:;состояние2_k-22.sig;-0.1859082;0.008707684;1.474074;232;2.290602;432;1.625738;3.760034;68;0.8165289
62;62008;60009;59007;-1.606677E-09;0.9999998;ОС-1:;состояние1_k-3.sig;1 дополнительное:;состояние2_k-23.sig;-0.1859082;0.0249676;1.474074;232;2.611856;580;1.805673;4.071121;406;1.137783
62;62008;60009;59007;-1.606677E-09;0.9999998;ОС-1:;состояние1_k-3.sig;1 дополнительное:;состояние2_k-24.sig;-0.1859082;0.02197224;1.474074;232;2.711729;91;1.867976;4.179753;570;1.237655
62;62008;60009;59007;-1.606677E-09;0.9999998;ОС-1:;состояние1_k-3.sig;1 дополнительное:;состояние2_k-25.sig;-0.1859082;0;1.474074;232;2.593592;1;1.79003;4.066062;401;1.119519
62;62008;60009;59007;-1.606677E-09;0.9999998;ОС-1:;состояние1_k-3.sig;1 дополнительное:;состояние2_k-26.sig;-0.1859082;-0.02047447;1.474074;232;2.282067;149;1.601836;3.746877;726;0.8079935
62;62008;60009;59007;-1.606677E-09;0.9999998;ОС-1:;состояние1_k-3.sig;1 дополнительное:;состояние2_k-27.sig;-0.1859082;-0.02334054;1.474074;232;1.816901;323;1.353612;3.290288;397;0.3428272
62;62008;60009;59007;-1.606677E-09;0.9999998;ОС-1:;состояние1_k-3.sig;1 дополнительное:;состояние2_k-28.sig;-0.1859082;-0.01247388;1.474074;232;1.24837;56;1.123514;2.716436;735;0.2257032
62;62008;60009;59007;-1.606677E-09;0.9999998;ОС-1:;состояние1_k-3.sig;1 дополнительное:;состояние2_k-29.sig;-0.1859082;-0.002445983;1.474074;232;0.6318147;635;1.002354;2.099055;394;0.8422589
62;62008;60009;59007;-1.606677E-09;0.9999998;ОС-1:;состояние1_k-3.sig;1 дополнительное:;состояние2_k-30.sig;-0.1859082;0;1.474074;232;0.02627036;6;0.967942;1.490942;70;1.447803
62;62008;60009;59007;-1.606677E-09;0.9999998;ОС-1:;состояние1_k-3.sig;1 дополнительное:;состояние2_k-31.sig;-0.1859082;0.0003567362;1.474074;232;0.5280781;20;0.9935056;2.000267;230;0.9459954
62;62008;60009;59007;-1.606677E-09;0.9999998;ОС-1:;состояние1_k-3.sig;1 дополнительное:;состояние2_k-32.sig;-0.1859082;0.004707093;1.474074;232;0.9765859;77;1.064819;2.448064;733;0.4974877
62;62008;60009;59007;-1.606677E-09;0.9999998;ОС-1:;состояние1_k-3.sig;1 дополнительное:;состояние2_k-33.sig;-0.1859082;0.01001738;1.474074;232;1.292415;252;1.146396;2.759627;70;0.181659
62;62008;60009;59007;-1.606677E-09;0.9999998;ОС-1:;состояние1_k-3.sig;1 дополнительное:;состояние2_k-34.sig;-0.1859082;0.008765392;1.474074;232;1.456774;446;1.202243;2.926387;64;0.01729929
62;62008;60009;59007;-1.606677E-09;0.9999998;ОС-1:;состояние1_k-3.sig;1 дополнительное:;состояние2_k-35.sig;-0.1859082;0;1.474074;232;1.465796;86;1.200274;2.935146;400;0.008277297
62;62008;60009;59007;-1.606677E-09;0.9999998;ОС-1:;состояние1_k-3.sig;1 дополнительное:;состояние2_k-36.sig;-0.1859082;-0.008571012;1.474074;232;1.329756;135;1.146766;2.802349;232;0.1443176
62;62008;60009;59007;-1.606677E-09;0.9999998;ОС-1:;состояние1_k-3.sig;1 дополнительное:;состояние2_k-37.sig;-0.1859082;-0.009730555;1.474074;232;1.070388;19;1.075825;2.538522;397;0.4036852
62;62008;60009;59007;-1.606677E-09;0.9999998;ОС-1:;состояние1_k-3.sig;1 дополнительное:;состояние2_k-38.sig;-0.1859082;-0.004737558;1.474074;232;0.7207533;67;1.013332;2.193973;67;0.7533202
62;62008;60009;59007;-1.606677E-09;0.9999998;ОС-1:;состояние1_k-3.sig;1 дополнительное:;состояние2_k-39.sig;-0.1859082;-0.0003707852;1.474074;232;0.3262159;599;0.9786327;1.79477;394;1.147858
62;62008;60009;59007;-1.606677E-09;0.9999998;ОС-1:;состояние1_k-3.sig;1 дополнительное:;состояние2_k-40.sig;-0.1859082;-1.180917E-08;1.474074;232;0.1700659;22;0.9728374;1.643559;398;1.304008
62;62008;60009;59007;-1.606677E-09;0.9999998;ОС-1:;состояние1_k-4.sig;1 дополнительное:;состояние2_k-21.sig;-0.1313243;-0.00508391;2.292105;141;1.782405;461;1.708509;4.070026;390;0.5096997
62;62008;60009;59007;-1.606677E-09;0.9999998;ОС-1:;состояние1_k-4.sig;1 дополнительное:;состояние2_k-22.sig;-0.1313243;0.008707684;2.292105;141;2.290602;432;1.881816;4.563365;137;0.001502275
62;62008;60009;59007;-1.606677E-09;0.9999998;ОС-1:;состояние1_k-4.sig;1 дополнительное:;состояние2_k-23.sig;-0.1313243;0.0249676;2.292105;141;2.611856;580;2.038054;4.901196;15;0.3197517
62;62008;60009;59007;-1.606677E-09;0.9999998;ОС-1:;состояние1_k-4.sig;1 дополнительное:;состояние2_k-24.sig;-0.1313243;0.02197224;2.292105;141;2.711729;91;2.08466;4.946835;8;0.4196241
62;62008;60009;59007;-1.606677E-09;0.9999998;ОС-1:;состояние1_k-4.sig;1 дополнительное:;состояние2_k-25.sig;-0.1313243;0;2.292105;141;2.593592;1;2.007239;4.885697;141;0.3014874
62;62008;60009;59007;-1.606677E-09;0.9999998;ОС-1:;состояние1_k-4.sig;1 дополнительное:;состояние2_k-26.sig;-0.1313243;-0.02047447;2.292105;141;2.282067;149;1.850836;4.565966;264;0.01003766
62;62008;60009;59007;-1.606677E-09;0.9999998;ОС-1:;состояние1_k-4.sig;1 дополнительное:;состояние2_k-27.sig;-0.1313243;-0.02334054;2.292105;141;1.816901;323;1.699435;4.104177;767;0.475204
62;62008;60009;59007;-1.606677E-09;0.9999998;ОС-1:;состояние1_k-4.sig;1 дополнительное:;состояние2_k-28.sig;-0.1313243;-0.01247388;2.292105;141;1.24837;56;1.590796;3.530096;20;1.043734
62;62008;60009;59007;-1.606677E-09;0.9999998;ОС-1:;состояние1_k-4.sig;1 дополнительное:;состояние2_k-29.sig;-0.1313243;-0.002445983;2.292105;141;0.6318147;635;1.532301;2.918571;14;1.66029
62;62008;60009;59007;-1.606677E-09;0.9999998;ОС-1:;состояние1_k-4.sig;1 дополнительное:;состояние2_k-30.sig;-0.1313243;0;2.292105;141;0.02627036;6;1.499937;2.317153;391;2.265834
62;62008;60009;59007;-1.606677E-09;0.9999998;ОС-1:;состояние1_k-4.sig;1 дополнительное:;состояние2_k-31.sig;-0.1313243;0.0003567362;2.292105;141;0.5280781;20;1.51372;2.820178;391;1.764027
62;62008;60009;59007;-1.606677E-09;0.9999998;ОС-1:;состояние1_k-4.sig;1 дополнительное:;состояние2_k-32.sig;-0.1313243;0.004707093;2.292105;141;0.9765859;77;1.564868;3.264366;15;1.315519
62;62008;60009;59007;-1.606677E-09;0.9999998;ОС-1:;состояние1_k-4.sig;1 дополнительное:;состояние2_k-33.sig;-0.1313243;0.01001738;2.292105;141;1.292415;252;1.619367;3.583965;767;0.9996902
62;62008;60009;59007;-1.606677E-09;0.9999998;ОС-1:;состояние1_k-4.sig;1 дополнительное:;состояние2_k-34.sig;-0.1313243;0.008765392;2.292105;141;1.456774;446;1.649297;3.735139;269;0.8353305
62;62008;60009;59007;-1.606677E-09;0.9999998;ОС-1:;состояние1_k-4.sig;1 дополнительное:;состояние2_k-35.sig;-0.1313243;0;2.292105;141;1.465796;86;1.642133;3.755078;643;0.8263085
62;62008;60009;59007;-1.606677E-09;0.9999998;ОС-1:;состояние1_k-4.sig;1 дополнительное:;состояние2_k-36.sig;-0.1313243;-0.008571012;2.292105;141;1.329756;135;1.610188;3.580843;24;0.9623488
62;62008;60009;59007;-1.606677E-09;0.9999998;ОС-1:;состояние1_k-4.sig;1 дополнительное:;состояние2_k-37.sig;-0.1313243;-0.009730555;2.292105;141;1.070388;19;1.565453;3.359556;141;1.221716
62;62008;60009;59007;-1.606677E-09;0.9999998;ОС-1:;состояние1_k-4.sig;1 дополнительное:;состояние2_k-38.sig;-0.1313243;-0.004737558;2.292105;141;0.7207533;67;1.527574;3.005986;14;1.571351
62;62008;60009;59007;-1.606677E-09;0.9999998;ОС-1:;состояние1_k-4.sig;1 дополнительное:;состояние2_k-39.sig;-0.1313243;-0.0003707852;2.292105;141;0.3262159;599;1.504;2.617195;266;1.965889
62;62008;60009;59007;-1.606677E-09;0.9999998;ОС-1:;состояние1_k-4.sig;1 дополнительное:;состояние2_k-40.sig;-0.1313243;-1.180917E-08;2.292105;141;0.1700659;22;1.499453;2.440428;22;2.122039
62;62008;60009;59007;-1.606677E-09;0.9999998;ОС-1:;состояние1_k-5.sig;1 дополнительное:;состояние2_k-21.sig;0;-0.00508391;3.217678;86;1.782405;461;2.211241;4.998035;485;1.435273
62;62008;60009;59007;-1.606677E-09;0.9999998;ОС-1:;состояние1_k-5.sig;1 дополнительное:;состояние2_k-22.sig;0;0.008707684;3.217678;86;2.290602;432;2.334131;5.502248;386;0.9270756
62;62008;60009;59007;-1.606677E-09;0.9999998;ОС-1:;состояние1_k-5.sig;1 дополнительное:;состояние2_k-23.sig;0;0.0249676;3.217678;86;2.611856;580;2.428962;5.812109;189;0.6058216
62;62008;60009;59007;-1.606677E-09;0.9999998;ОС-1:;состояние1_k-5.sig;1 дополнительное:;состояние2_k-24.sig;0;0.02197224;3.217678;86;2.711729;91;2.452498;5.925912;487;0.5059493
62;62008;60009;59007;-1.606677E-09;0.9999998;ОС-1:;состояние1_k-5.sig;1 дополнительное:;состояние2_k-25.sig;0;0;3.217678;86;2.593592;1;2.404669;5.465756;0;0.6240859
62;62008;60009;59007;-1.606677E-09;0.9999998;ОС-1:;состояние1_k-5.sig;1 дополнительное:;состояние2_k-26.sig;0;-0.02047447;3.217678;86;2.282067;149;2.295969;5.492229;187;0.935611
62;62008;60009;59007;-1.606677E-09;0.9999998;ОС-1:;состояние1_k-5.sig;1 дополнительное:;состояние2_k-27.sig;0;-0.02334054;3.217678;86;1.816901;323;2.194539;5.008642;489;1.400777
62;62008;60009;59007;-1.606677E-09;0.9999998;ОС-1:;состояние1_k-5.sig;1 дополнительное:;состояние2_k-28.sig;0;-0.01247388;3.217678;86;1.24837;56;2.115533;4.458885;288;1.969308
62;62008;60009;59007;-1.606677E-09;0.9999998;ОС-1:;состояние1_k-5.sig;1 дополнительное:;состояние2_k-29.sig;0;-0.002445983;3.217678;86;0.6318147;635;2.067992;3.846932;187;2.585863
62;62008;60009;59007;-1.606677E-09;0.9999998;ОС-1:;состояние1_k-5.sig;1 дополнительное:;состояние2_k-30.sig;0;0;3.217678;86;0.02627036;6;2.048481;3.239585;87;3.191408
62;62008;60009;59007;-1.606677E-09;0.9999998;ОС-1:;состояние1_k-5.sig;1 дополнительное:;состояние2_k-31.sig;0;0.0003567362;3.217678;86;0.5280781;20;2.061006;3.738404;488;2.6896
62;62008;60009;59007;-1.606677E-09;0.9999998;ОС-1:;состояние1_k-5.sig;1 дополнительное:;состояние2_k-32.sig;0;0.004707093;3.217678;86;0.9765859;77;2.094218;4.189954;686;2.241092
62;62008;60009;59007;-1.606677E-09;0.9999998;ОС-1:;состояние1_k-5.sig;1 дополнительное:;состояние2_k-33.sig;0;0.01001738;3.217678;86;1.292415;252;2.134809;4.505815;85;1.925264
62;62008;60009;59007;-1.606677E-09;0.9999998;ОС-1:;состояние1_k-5.sig;1 дополнительное:;состояние2_k-34.sig;0;0.008765392;3.217678;86;1.456774;446;2.156913;4.67162;387;1.760904
62;62008;60009;59007;-1.606677E-09;0.9999998;ОС-1:;состояние1_k-5.sig;1 дополнительное:;состояние2_k-35.sig;0;0;3.217678;86;1.465796;86;2.181181;4.378178;72;1.751882
62;62008;60009;59007;-1.606677E-09;0.9999998;ОС-1:;состояние1_k-5.sig;1 дополнительное:;состояние2_k-36.sig;0;-0.008571012;3.217678;86;1.329756;135;2.12167;4.546036;385;1.887922
62;62008;60009;59007;-1.606677E-09;0.9999998;ОС-1:;состояние1_k-5.sig;1 дополнительное:;состояние2_k-37.sig;0;-0.009730555;3.217678;86;1.070388;19;2.089218;4.282258;87;2.14729
62;62008;60009;59007;-1.606677E-09;0.9999998;ОС-1:;состояние1_k-5.sig;1 дополнительное:;состояние2_k-38.sig;0;-0.004737558;3.217678;86;0.7207533;67;2.06472;3.933666;685;2.496925
62;62008;60009;59007;-1.606677E-09;0.9999998;ОС-1:;состояние1_k-5.sig;1 дополнительное:;состояние2_k-39.sig;0;-0.0003707852;3.217678;86;0.3262159;599;2.053263;3.536431;484;2.891462
62;62008;60009;59007;-1.606677E-09;0.9999998;ОС-1:;состояние1_k-5.sig;1 дополнительное:;состояние2_k-40.sig;0;-1.180917E-08;3.217678;86;0.1700659;22;2.051102;3.387438;85;3.047612
62;62008;60009;59007;-1.606677E-09;0.9999998;ОС-1:;состояние1_k-6.sig;1 дополнительное:;состояние2_k-21.sig;0.1270414;-0.00508391;4.180577;215;1.782405;461;2.742193;5.925193;795;2.398172
62;62008;60009;59007;-1.606677E-09;0.9999998;ОС-1:;состояние1_k-6.sig;1 дополнительное:;состояние2_k-22.sig;0.1270414;0.008707684;4.180577;215;2.290602;432;2.8389;6.453469;46;1.889975
62;62008;60009;59007;-1.606677E-09;0.9999998;ОС-1:;состояние1_k-6.sig;1 дополнительное:;состояние2_k-23.sig;0.1270414;0.0249676;4.180577;215;2.611856;580;2.925078;6.783998;797;1.568721
62;62008;60009;59007;-1.606677E-09;0.9999998;ОС-1:;состояние1_k-6.sig;1 дополнительное:;состояние2_k-24.sig;0.1270414;0.02197224;4.180577;215;2.711729;91;2.962633;6.88881;299;1.468848
62;62008;60009;59007;-1.606677E-09;0.9999998;ОС-1:;состояние1_k-6.sig;1 дополнительное:;состояние2_k-25.sig;0.1270414;0;4.180577;215;2.593592;1;2.928962;6.773326;381;1.586985
62;62008;60009;59007;-1.606677E-09;0.9999998;ОС-1:;состояние1_k-6.sig;1 дополнительное:;состояние2_k-26.sig;0.1270414;-0.02047447;4.180577;215;2.282067;149;2.84632;6.399755;52;1.89851
62;62008;60009;59007;-1.606677E-09;0.9999998;ОС-1:;состояние1_k-6.sig;1 дополнительное:;состояние2_k-27.sig;0.1270414;-0.02334054;4.180577;215;1.816901;323;2.774334;5.972764;379;2.363677
62;62008;60009;59007;-1.606677E-09;0.9999998;ОС-1:;состояние1_k-6.sig;1 дополнительное:;состояние2_k-28.sig;0.1270414;-0.01247388;4.180577;215;1.24837;56;2.71345;5.415216;216;2.932207
62;62008;60009;59007;-1.606677E-09;0.9999998;ОС-1:;состояние1_k-6.sig;1 дополнительное:;состояние2_k-29.sig;0.1270414;-0.002445983;4.180577;215;0.6318147;635;2.666556;4.810158;549;3.548763
62;62008;60009;59007;-1.606677E-09;0.9999998;ОС-1:;состояние1_k-6.sig;1 дополнительное:;состояние2_k-30.sig;0.1270414;0;4.180577;215;0.02627036;6;2.645702;4.185118;49;4.154307
62;62008;60009;59007;-1.606677E-09;0.9999998;ОС-1:;состояние1_k-6.sig;1 дополнительное:;состояние2_k-31.sig;0.1270414;0.0003567362;4.180577;215;0.5280781;20;2.652349;4.704432;714;3.652499
62;62008;60009;59007;-1.606677E-09;0.9999998;ОС-1:;состояние1_k-6.sig;1 дополнительное:;состояние2_k-32.sig;0.1270414;0.004707093;4.180577;215;0.9765859;77;2.682306;5.142452;296;3.203991
62;62008;60009;59007;-1.606677E-09;0.9999998;ОС-1:;состояние1_k-6.sig;1 дополнительное:;состояние2_k-33.sig;0.1270414;0.01001738;4.180577;215;1.292415;252;2.726848;5.470767;131;2.888163
62;62008;60009;59007;-1.606677E-09;0.9999998;ОС-1:;состояние1_k-6.sig;1 дополнительное:;состояние2_k-34.sig;0.1270414;0.008765392;4.180577;215;1.456774;446;2.742209;5.635449;49;2.723803
62;62008;60009;59007;-1.606677E-09;0.9999998;ОС-1:;состояние1_k-6.sig;1 дополнительное:;состояние2_k-35.sig;0.1270414;0;4.180577;215;1.465796;86;2.73475;5.641765;215;2.714781
62;62008;60009;59007;-1.606677E-09;0.9999998;ОС-1:;состояние1_k-6.sig;1 дополнительное:;состояние2_k-36.sig;0.1270414;-0.008571012;4.180577;215;1.329756;135;2.707758;5.47801;468;2.850821
62;62008;60009;59007;-1.606677E-09;0.9999998;ОС-1:;состояние1_k-6.sig;1 дополнительное:;состояние2_k-37.sig;0.1270414;-0.009730555;4.180577;215;1.070388;19;2.675587;5.236358;546;3.110189
62;62008;60009;59007;-1.606677E-09;0.9999998;ОС-1:;состояние1_k-6.sig;1 дополнительное:;состояние2_k-38.sig;0.1270414;-0.004737558;4.180577;215;0.7207533;67;2.651047;4.875167;212;3.459824
62;62008;60009;59007;-1.606677E-09;0.9999998;ОС-1:;состояние1_k-6.sig;1 дополнительное:;состояние2_k-39.sig;0.1270414;-0.0003707852;4.180577;215;0.3262159;599;2.645029;4.505929;381;3.854362
62;62008;60009;59007;-1.606677E-09;0.9999998;ОС-1:;состояние1_k-6.sig;1 дополнительное:;состояние2_k-40.sig;0.1270414;-1.180917E-08;4.180577;215;0.1700659;22;2.648327;4.350036;298;4.010511
62;62008;60009;59007;-1.606677E-09;0.9999998;ОС-1:;состояние1_k-7.sig;1 дополнительное:;состояние2_k-21.sig;0.1617247;-0.00508391;5.105508;21;1.782405;461;3.458261;6.331553;83;3.323103
62;62008;60009;59007;-1.606677E-09;0.9999998;ОС-1:;состояние1_k-7.sig;1 дополнительное:;состояние2_k-22.sig;0.1617247;0.008707684;5.105508;21;2.290602;432;3.387204;7.387684;591;2.814905
62;62008;60009;59007;-1.606677E-09;0.9999998;ОС-1:;состояние1_k-7.sig;1 дополнительное:;состояние2_k-23.sig;0.1617247;0.0249676;5.105508;21;2.611856;580;3.409647;7.675652;233;2.493651
62;62008;60009;59007;-1.606677E-09;0.9999998;ОС-1:;состояние1_k-7.sig;1 дополнительное:;состояние2_k-24.sig;0.1617247;0.02197224;5.105508;21;2.711729;91;3.430286;7.808912;91;2.393779
62;62008;60009;59007;-1.606677E-09;0.9999998;ОС-1:;состояние1_k-7.sig;1 дополнительное:;состояние2_k-25.sig;0.1617247;0;5.105508;21;2.593592;1;3.449793;7.6991;21;2.511916
62;62008;60009;59007;-1.606677E-09;0.9999998;ОС-1:;состояние1_k-7.sig;1 дополнительное:;состояние2_k-26.sig;0.1617247;-0.02047447;5.105508;21;2.282067;149;3.43599;7.376864;591;2.823441
62;62008;60009;59007;-1.606677E-09;0.9999998;ОС-1:;состояние1_k-7.sig;1 дополнительное:;состояние2_k-27.sig;0.1617247;-0.02334054;5.105508;21;1.816901;323;3.364909;6.902577;305;3.288607
62;62008;60009;59007;-1.606677E-09;0.9999998;ОС-1:;состояние1_k-7.sig;1 дополнительное:;состояние2_k-28.sig;0.1617247;-0.01247388;5.105508;21;1.24837;56;3.336627;6.352003;92;3.857138
62;62008;60009;59007;-1.606677E-09;0.9999998;ОС-1:;состояние1_k-7.sig;1 дополнительное:;состояние2_k-29.sig;0.1617247;-0.002445983;5.105508;21;0.6318147;635;3.266379;5.734751;307;4.473693
62;62008;60009;59007;-1.606677E-09;0.9999998;ОС-1:;состояние1_k-7.sig;1 дополнительное:;состояние2_k-30.sig;0.1617247;0;5.105508;21;0.02627036;6;3.264551;5.13043;21;5.079237
62;62008;60009;59007;-1.606677E-09;0.9999998;ОС-1:;состояние1_k-7.sig;1 дополнительное:;состояние2_k-31.sig;0.1617247;0.0003567362;5.105508;21;0.5280781;20;3.27472;5.625449;165;4.57743
62;62008;60009;59007;-1.606677E-09;0.9999998;ОС-1:;состояние1_k-7.sig;1 дополнительное:;состояние2_k-32.sig;0.1617247;0.004707093;5.105508;21;0.9765859;77;3.280893;6.078538;593;4.128922
62;62008;60009;59007;-1.606677E-09;0.9999998;ОС-1:;состояние1_k-7.sig;1 дополнительное:;состояние2_k-33.sig;0.1617247;0.01001738;5.105508;21;1.292415;252;3.286915;6.396966;449;3.813093
62;62008;60009;59007;-1.606677E-09;0.9999998;ОС-1:;состояние1_k-7.sig;1 дополнительное:;состояние2_k-34.sig;0.1617247;0.008765392;5.105508;21;1.456774;446;3.301557;6.559845;93;3.648734
62;62008;60009;59007;-1.606677E-09;0.9999998;ОС-1:;состояние1_k-7.sig;1 дополнительное:;состояние2_k-35.sig;0.1617247;0;5.105508;21;1.465796;86;3.375101;6.403362;444;3.639712
62;62008;60009;59007;-1.606677E-09;0.9999998;ОС-1:;состояние1_k-7.sig;1 дополнительное:;состояние2_k-36.sig;0.1617247;-0.008571012;5.105508;21;1.329756;135;3.322258;6.430809;663;3.775752
62;62008;60009;59007;-1.606677E-09;0.9999998;ОС-1:;состояние1_k-7.sig;1 дополнительное:;состояние2_k-37.sig;0.1617247;-0.009730555;5.105508;21;1.070388;19;3.314246;6.173804;235;4.03512
62;62008;60009;59007;-1.606677E-09;0.9999998;ОС-1:;состояние1_k-7.sig;1 дополнительное:;состояние2_k-38.sig;0.1617247;-0.004737558;5.105508;21;0.7207533;67;3.287335;5.822103;93;4.384755
62;62008;60009;59007;-1.606677E-09;0.9999998;ОС-1:;состояние1_k-7.sig;1 дополнительное:;состояние2_k-39.sig;0.1617247;-0.0003707852;5.105508;21;0.3262159;599;3.267085;5.425511;22;4.779292
62;62008;60009;59007;-1.606677E-09;0.9999998;ОС-1:;состояние1_k-7.sig;1 дополнительное:;состояние2_k-40.sig;0.1617247;-1.180917E-08;5.105508;21;0.1700659;22;3.266958;5.276612;735;4.935442
62;62008;60009;59007;-1.606677E-09;0.9999998;ОС-1:;состояние1_k-8.sig;1 дополнительное:;состояние2_k-21.sig;0.09496246;-0.00508391;5.918431;0;1.782405;461;3.896557;7.66837;627;4.136026
62;62008;60009;59007;-1.606677E-09;0.9999998;ОС-1:;состояние1_k-8.sig;1 дополнительное:;состояние2_k-22.sig;0.09496246;0.008707684;5.918431;0;2.290602;432;3.930857;8.208469;0;3.627829
62;62008;60009;59007;-1.606677E-09;0.9999998;ОС-1:;состояние1_k-8.sig;1 дополнительное:;состояние2_k-23.sig;0.09496246;0.0249676;5.918431;0;2.611856;580;3.897145;8.516356;188;3.306575
62;62008;60009;59007;-1.606677E-09;0.9999998;ОС-1:;состояние1_k-8.sig;1 дополнительное:;состояние2_k-24.sig;0.09496246;0.02197224;5.918431;0;2.711729;91;4.151841;7.574978;52;3.206702
62;62008;60009;59007;-1.606677E-09;0.9999998;ОС-1:;состояние1_k-8.sig;1 дополнительное:;состояние2_k-25.sig;0.09496246;0;5.918431;0;2.593592;1;3.853505;8.506552;501;3.324839
62;62008;60009;59007;-1.606677E-09;0.9999998;ОС-1:;состояние1_k-8.sig;1 дополнительное:;состояние2_k-26.sig;0.09496246;-0.02047447;5.918431;0;2.282067;149;3.832397;8.191887;187;3.636364
62;62008;60009;59007;-1.606677E-09;0.9999998;ОС-1:;состояние1_k-8.sig;1 дополнительное:;состояние2_k-27.sig;0.09496246;-0.02334054;5.918431;0;1.816901;323;3.792736;7.725652;749;4.101531
62;62008;60009;59007;-1.606677E-09;0.9999998;ОС-1:;состояние1_k-8.sig;1 дополнительное:;состояние2_k-28.sig;0.09496246;-0.01247388;5.918431;0;1.24837;56;3.762996;7.137253;2;4.670061
62;62008;60009;59007;-1.606677E-09;0.9999998;ОС-1:;состояние1_k-8.sig;1 дополнительное:;состояние2_k-29.sig;0.09496246;-0.002445983;5.918431;0;0.6318147;635;3.74485;6.546591;187;5.286617
62;62008;60009;59007;-1.606677E-09;0.9999998;ОС-1:;состояние1_k-8.sig;1 дополнительное:;состояние2_k-30.sig;0.09496246;0;5.918431;0;0.02627036;6;3.740911;5.94296;438;5.892161
62;62008;60009;59007;-1.606677E-09;0.9999998;ОС-1:;состояние1_k-8.sig;1 дополнительное:;состояние2_k-31.sig;0.09496246;0.0003567362;5.918431;0;0.5280781;20;3.752438;6.43138;439;5.390353
62;62008;60009;59007;-1.606677E-09;0.9999998;ОС-1:;состояние1_k-8.sig;1 дополнительное:;состояние2_k-32.sig;0.09496246;0.004707093;5.918431;0;0.9765859;77;3.791554;6.885741;124;4.941845
62;62008;60009;59007;-1.606677E-09;0.9999998;ОС-1:;состояние1_k-8.sig;1 дополнительное:;состояние2_k-33.sig;0.09496246;0.01001738;5.918431;0;1.292415;252;3.787357;7.205428;313;4.626017
62;62008;60009;59007;-1.606677E-09;0.9999998;ОС-1:;состояние1_k-8.sig;1 дополнительное:;состояние2_k-34.sig;0.09496246;0.008765392;5.918431;0;1.456774;446;3.800243;7.360369;63;4.461657
62;62008;60009;59007;-1.606677E-09;0.9999998;ОС-1:;состояние1_k-8.sig;1 дополнительное:;состояние2_k-35.sig;0.09496246;0;5.918431;0;1.465796;86;3.791111;7.38007;500;4.452635
62;62008;60009;59007;-1.606677E-09;0.9999998;ОС-1:;состояние1_k-8.sig;1 дополнительное:;состояние2_k-36.sig;0.09496246;-0.008571012;5.918431;0;1.329756;135;3.767962;7.196528;190;4.588675
62;62008;60009;59007;-1.606677E-09;0.9999998;ОС-1:;состояние1_k-8.sig;1 дополнительное:;состояние2_k-37.sig;0.09496246;-0.009730555;5.918431;0;1.070388;19;3.75764;6.978086;249;4.848043
62;62008;60009;59007;-1.606677E-09;0.9999998;ОС-1:;состояние1_k-8.sig;1 дополнительное:;состояние2_k-38.sig;0.09496246;-0.004737558;5.918431;0;0.7207533;67;3.742751;6.632938;1;5.197678
62;62008;60009;59007;-1.606677E-09;0.9999998;ОС-1:;состояние1_k-8.sig;1 дополнительное:;состояние2_k-39.sig;0.09496246;-0.0003707852;5.918431;0;0.3262159;599;3.74031;6.243345;125;5.592216
62;62008;60009;59007;-1.606677E-09;0.9999998;ОС-1:;состояние1_k-8.sig;1 дополнительное:;состояние2_k-40.sig;0.09496246;-1.180917E-08;5.918431;0;0.1700659;22;3.725493;5.82721;3;5.748365
62;62008;60009;59007;-1.606677E-09;0.9999998;ОС-1:;состояние1_k-9.sig;1 дополнительное:;состояние2_k-21.sig;0.00971135;-0.00508391;6.5533;95;1.782405;461;4.198509;8.032778;202;4.770895
62;62008;60009;59007;-1.606677E-09;0.9999998;ОС-1:;состояние1_k-9.sig;1 дополнительное:;состояние2_k-22.sig;0.00971135;0.008707684;6.5533;95;2.290602;432;4.27817;8.834227;318;4.262698
62;62008;60009;59007;-1.606677E-09;0.9999998;ОС-1:;состояние1_k-9.sig;1 дополнительное:;состояние2_k-23.sig;0.00971135;0.0249676;6.5533;95;2.611856;580;4.303176;9.163465;428;3.941444
62;62008;60009;59007;-1.606677E-09;0.9999998;ОС-1:;состояние1_k-9.sig;1 дополнительное:;состояние2_k-24.sig;0.00971135;0.02197224;6.5533;95;2.711729;91;4.307408;9.195018;653;3.841572
62;62008;60009;59007;-1.606677E-09;0.9999998;ОС-1:;состояние1_k-9.sig;1 дополнительное:;состояние2_k-25.sig;0.00971135;0;6.5533;95;2.593592;1;4.267184;9.120035;41;3.959708
62;62008;60009;59007;-1.606677E-09;0.9999998;ОС-1:;состояние1_k-9.sig;1 дополнительное:;состояние2_k-26.sig;0.00971135;-0.02047447;6.5533;95;2.282067;149;4.215111;8.822843;207;4.271234
62;62008;60009;59007;-1.606677E-09;0.9999998;ОС-1:;состояние1_k-9.sig;1 дополнительное:;состояние2_k-27.sig;0.00971135;-0.02334054;6.5533;95;1.816901;323;4.411734;7.191666;197;4.7364
62;62008;60009;59007;-1.606677E-09;0.9999998;ОС-1:;состояние1_k-9.sig;1 дополнительное:;состояние2_k-28.sig;0.00971135;-0.01247388;6.5533;95;1.24837;56;4.110417;7.794965;484;5.30493
62;62008;60009;59007;-1.606677E-09;0.9999998;ОС-1:;состояние1_k-9.sig;1 дополнительное:;состояние2_k-29.sig;0.00971135;-0.002445983;6.5533;95;0.6318147;635;4.095953;7.166453;151;5.921486
62;62008;60009;59007;-1.606677E-09;0.9999998;ОС-1:;состояние1_k-9.sig;1 дополнительное:;состояние2_k-30.sig;0.00971135;0;6.5533;95;0.02627036;6;4.110956;6.57955;706;6.52703
62;62008;60009;59007;-1.606677E-09;0.9999998;ОС-1:;состояние1_k-9.sig;1 дополнительное:;состояние2_k-31.sig;0.00971135;0.0003567362;6.5533;95;0.5280781;20;4.13271;7.06949;150;6.025222
62;62008;60009;59007;-1.606677E-09;0.9999998;ОС-1:;состояние1_k-9.sig;1 дополнительное:;состояние2_k-32.sig;0.00971135;0.004707093;6.5533;95;0.9765859;77;4.144731;7.521625;484;5.576715
62;62008;60009;59007;-1.606677E-09;0.9999998;ОС-1:;состояние1_k-9.sig;1 дополнительное:;состояние2_k-33.sig;0.00971135;0.01001738;6.5533;95;1.292415;252;4.160498;7.84386;373;5.260886
62;62008;60009;59007;-1.606677E-09;0.9999998;ОС-1:;состояние1_k-9.sig;1 дополнительное:;состояние2_k-34.sig;0.00971135;0.008765392;6.5533;95;1.456774;446;4.15235;7.986369;152;5.096526
62;62008;60009;59007;-1.606677E-09;0.9999998;ОС-1:;состояние1_k-9.sig;1 дополнительное:;состояние2_k-35.sig;0.00971135;0;6.5533;95;1.465796;86;4.157491;8.01189;372;5.087504
62;62008;60009;59007;-1.606677E-09;0.9999998;ОС-1:;состояние1_k-9.sig;1 дополнительное:;состояние2_k-36.sig;0.00971135;-0.008571012;6.5533;95;1.329756;135;4.187821;7.861663;427;5.223545
62;62008;60009;59007;-1.606677E-09;0.9999998;ОС-1:;состояние1_k-9.sig;1 дополнительное:;состояние2_k-37.sig;0.00971135;-0.009730555;6.5533;95;1.070388;19;4.147642;7.619714;262;5.482912
62;62008;60009;59007;-1.606677E-09;0.9999998;ОС-1:;состояние1_k-9.sig;1 дополнительное:;состояние2_k-38.sig;0.00971135;-0.004737558;6.5533;95;0.7207533;67;4.12736;7.273755;317;5.832547
62;62008;60009;59007;-1.606677E-09;0.9999998;ОС-1:;состояние1_k-9.sig;1 дополнительное:;состояние2_k-39.sig;0.00971135;-0.0003707852;6.5533;95;0.3262159;599;4.112158;6.797516;97;6.227085
62;62008;60009;59007;-1.606677E-09;0.9999998;ОС-1:;состояние1_k-9.sig;1 дополнительное:;состояние2_k-40.sig;0.00971135;-1.180917E-08;6.5533;95;0.1700659;22;4.114184;6.722114;373;6.383235
62;62008;60009;59007;-1.606677E-09;0.9999998;ОС-1:;состояние1_k-10.sig;1 дополнительное:;состояние2_k-21.sig;0;-0.00508391;6.955371;71;1.782405;461;4.513116;8.734041;771;5.172966
62;62008;60009;59007;-1.606677E-09;0.9999998;ОС-1:;состояние1_k-10.sig;1 дополнительное:;состояние2_k-22.sig;0;0.008707684;6.955371;71;2.290602;432;4.565059;9.206517;22;4.664768
62;62008;60009;59007;-1.606677E-09;0.9999998;ОС-1:;состояние1_k-10.sig;1 дополнительное:;состояние2_k-23.sig;0;0.0249676;6.955371;71;2.611856;580;4.598056;9.564754;471;4.343514
62;62008;60009;59007;-1.606677E-09;0.9999998;ОС-1:;состояние1_k-10.sig;1 дополнительное:;состояние2_k-24.sig;0;0.02197224;6.955371;71;2.711729;91;4.601528;9.66184;70;4.243642
62;62008;60009;59007;-1.606677E-09;0.9999998;ОС-1:;состояние1_k-10.sig;1 дополнительное:;состояние2_k-25.sig;0;0;6.955371;71;2.593592;1;4.60304;9.548964;121;4.361779
62;62008;60009;59007;-1.606677E-09;0.9999998;ОС-1:;состояние1_k-10.sig;1 дополнительное:;состояние2_k-26.sig;0;-0.02047447;6.955371;71;2.282067;149;4.551621;9.180248;169;4.673304
62;62008;60009;59007;-1.606677E-09;0.9999998;ОС-1:;состояние1_k-10.sig;1 дополнительное:;состояние2_k-27.sig;0;-0.02334054;6.955371;71;1.816901;323;4.515272;8.753531;620;5.13847
62;62008;60009;59007;-1.606677E-09;0.9999998;ОС-1:;состояние1_k-10.sig;1 дополнительное:;состояние2_k-28.sig;0;-0.01247388;6.955371;71;1.24837;56;4.462689;8.196817;20;5.707001
62;62008;60009;59007;-1.606677E-09;0.9999998;ОС-1:;состояние1_k-10.sig;1 дополнительное:;состояние2_k-29.sig;0;-0.002445983;6.955371;71;0.6318147;635;4.427017;7.586726;221;6.323556
62;62008;60009;59007;-1.606677E-09;0.9999998;ОС-1:;состояние1_k-10.sig;1 дополнительное:;состояние2_k-30.sig;0;0;6.955371;71;0.02627036;6;4.434271;6.930449;21;6.929101
62;62008;60009;59007;-1.606677E-09;0.9999998;ОС-1:;состояние1_k-10.sig;1 дополнительное:;состояние2_k-31.sig;0;0.0003567362;6.955371;71;0.5280781;20;4.458488;7.478184;20;6.427293
62;62008;60009;59007;-1.606677E-09;0.9999998;ОС-1:;состояние1_k-10.sig;1 дополнительное:;состояние2_k-32.sig;0;0.004707093;6.955371;71;0.9765859;77;4.49293;7.931746;421;5.978785
62;62008;60009;59007;-1.606677E-09;0.9999998;ОС-1:;состояние1_k-10.sig;1 дополнительное:;состояние2_k-33.sig;0;0.01001738;6.955371;71;1.292415;252;4.504721;8.241714;570;5.662956
62;62008;60009;59007;-1.606677E-09;0.9999998;ОС-1:;состояние1_k-10.sig;1 дополнительное:;состояние2_k-34.sig;0;0.008765392;6.955371;71;1.456774;446;4.495775;8.382549;122;5.498597
62;62008;60009;59007;-1.606677E-09;0.9999998;ОС-1:;состояние1_k-10.sig;1 дополнительное:;состояние2_k-35.sig;0;0;6.955371;71;1.465796;86;4.48199;8.399969;71;5.489574
62;62008;60009;59007;-1.606677E-09;0.9999998;ОС-1:;состояние1_k-10.sig;1 дополнительное:;состояние2_k-36.sig;0;-0.008571012;6.955371;71;1.329756;135;4.460188;8.284806;371;5.625615
62;62008;60009;59007;-1.606677E-09;0.9999998;ОС-1:;состояние1_k-10.sig;1 дополнительное:;состояние2_k-37.sig;0;-0.009730555;6.955371;71;1.070388;19;4.451215;8.009284;721;5.884983
62;62008;60009;59007;-1.606677E-09;0.9999998;ОС-1:;состояние1_k-10.sig;1 дополнительное:;состояние2_k-38.sig;0;-0.004737558;6.955371;71;0.7207533;67;4.442193;7.667835;120;6.234618
62;62008;60009;59007;-1.606677E-09;0.9999998;ОС-1:;состояние1_k-10.sig;1 дополнительное:;состояние2_k-39.sig;0;-0.0003707852;6.955371;71;0.3262159;599;4.432178;7.273945;420;6.629155
62;62008;60009;59007;-1.606677E-09;0.9999998;ОС-1:;состояние1_k-10.sig;1 дополнительное:;состояние2_k-40.sig;0;-1.180917E-08;6.955371;71;0.1700659;22;4.429668;7.115267;21;6.785305
62;62008;60009;59007;-1.606677E-09;0.9999998;ОС-1:;состояние1_k-11.sig;1 дополнительное:;состояние2_k-21.sig;0.07783215;-0.00508391;7.092639;778;1.782405;461;4.580065;8.85956;460;5.310235
62;62008;60009;59007;-1.606677E-09;0.9999998;ОС-1:;состояние1_k-11.sig;1 дополнительное:;состояние2_k-22.sig;0.07783215;0.008707684;7.092639;778;2.290602;432;4.69586;9.132706;48;4.802037
62;62008;60009;59007;-1.606677E-09;0.9999998;ОС-1:;состояние1_k-11.sig;1 дополнительное:;состояние2_k-23.sig;0.07783215;0.0249676;7.092639;778;2.611856;580;4.750687;9.678004;188;4.480783
62;62008;60009;59007;-1.606677E-09;0.9999998;ОС-1:;состояние1_k-11.sig;1 дополнительное:;состояние2_k-24.sig;0.07783215;0.02197224;7.092639;778;2.711729;91;4.740056;9.799249;778;4.380911
62;62008;60009;59007;-1.606677E-09;0.9999998;ОС-1:;состояние1_k-11.sig;1 дополнительное:;состояние2_k-25.sig;0.07783215;0;7.092639;778;2.593592;1;4.683043;9.678972;141;4.499047
62;62008;60009;59007;-1.606677E-09;0.9999998;ОС-1:;состояние1_k-11.sig;1 дополнительное:;состояние2_k-26.sig;0.07783215;-0.02047447;7.092639;778;2.282067;149;4.619548;9.368767;187;4.810573
62;62008;60009;59007;-1.606677E-09;0.9999998;ОС-1:;состояние1_k-11.sig;1 дополнительное:;состояние2_k-27.sig;0.07783215;-0.02334054;7.092639;778;1.816901;323;4.583272;8.894364;415;5.275739
62;62008;60009;59007;-1.606677E-09;0.9999998;ОС-1:;состояние1_k-11.sig;1 дополнительное:;состояние2_k-28.sig;0.07783215;-0.01247388;7.092639;778;1.24837;56;4.569536;8.335959;324;5.844269
62;62008;60009;59007;-1.606677E-09;0.9999998;ОС-1:;состояние1_k-11.sig;1 дополнительное:;состояние2_k-29.sig;0.07783215;-0.002445983;7.092639;778;0.6318147;635;4.555393;7.723471;187;6.460825
62;62008;60009;59007;-1.606677E-09;0.9999998;ОС-1:;состояние1_k-11.sig;1 дополнительное:;состояние2_k-30.sig;0.07783215;0;7.092639;778;0.02627036;6;4.539175;7.116972;5;7.066369
62;62008;60009;59007;-1.606677E-09;0.9999998;ОС-1:;состояние1_k-11.sig;1 дополнительное:;состояние2_k-31.sig;0.07783215;0.0003567362;7.092639;778;0.5280781;20;4.54251;7.620666;278;6.564561
62;62008;60009;59007;-1.606677E-09;0.9999998;ОС-1:;состояние1_k-11.sig;1 дополнительное:;состояние2_k-32.sig;0.07783215;0.004707093;7.092639;778;0.9765859;77;4.575277;8.063878;687;6.116054
62;62008;60009;59007;-1.606677E-09;0.9999998;ОС-1:;состояние1_k-11.sig;1 дополнительное:;состояние2_k-33.sig;0.07783215;0.01001738;7.092639;778;1.292415;252;4.435117;8.193886;417;5.800225
62;62008;60009;59007;-1.606677E-09;0.9999998;ОС-1:;состояние1_k-11.sig;1 дополнительное:;состояние2_k-34.sig;0.07783215;0.008765392;7.092639;778;1.456774;446;4.657787;8.546967;5;5.635865
62;62008;60009;59007;-1.606677E-09;0.9999998;ОС-1:;состояние1_k-11.sig;1 дополнительное:;состояние2_k-35.sig;0.07783215;0;7.092639;778;1.465796;86;4.643149;8.547366;415;5.626843
62;62008;60009;59007;-1.606677E-09;0.9999998;ОС-1:;состояние1_k-11.sig;1 дополнительное:;состояние2_k-36.sig;0.07783215;-0.008571012;7.092639;778;1.329756;135;4.602904;8.415533;232;5.762884
62;62008;60009;59007;-1.606677E-09;0.9999998;ОС-1:;состояние1_k-11.sig;1 дополнительное:;состояние2_k-37.sig;0.07783215;-0.009730555;7.092639;778;1.070388;19;4.568187;8.15283;141;6.022251
62;62008;60009;59007;-1.606677E-09;0.9999998;ОС-1:;состояние1_k-11.sig;1 дополнительное:;состояние2_k-38.sig;0.07783215;-0.004737558;7.092639;778;0.7207533;67;4.548518;7.808483;278;6.371886
62;62008;60009;59007;-1.606677E-09;0.9999998;ОС-1:;состояние1_k-11.sig;1 дополнительное:;состояние2_k-39.sig;0.07783215;-0.0003707852;7.092639;778;0.3262159;599;4.541897;7.412905;369;6.766424
62;62008;60009;59007;-1.606677E-09;0.9999998;ОС-1:;состояние1_k-11.sig;1 дополнительное:;состояние2_k-40.sig;0.07783215;-1.180917E-08;7.092639;778;0.1700659;22;4.540828;7.251881;97;6.922574
62;62008;60009;59007;-1.606677E-09;0.9999998;ОС-1:;состояние1_k-12.sig;1 дополнительное:;состояние2_k-21.sig;0.1648393;-0.00508391;6.945171;34;1.782405;461;4.474947;8.704758;200;5.162766
62;62008;60009;59007;-1.606677E-09;0.9999998;ОС-1:;состояние1_k-12.sig;1 дополнительное:;состояние2_k-22.sig;0.1648393;0.008707684;6.945171;34;2.290602;432;4.528784;9.234385;159;4.654569
62;62008;60009;59007;-1.606677E-09;0.9999998;ОС-1:;состояние1_k-12.sig;1 дополнительное:;состояние2_k-23.sig;0.1648393;0.0249676;6.945171;34;2.611856;580;4.596081;9.549159;493;4.333315
62;62008;60009;59007;-1.606677E-09;0.9999998;ОС-1:;состояние1_k-12.sig;1 дополнительное:;состояние2_k-24.sig;0.1648393;0.02197224;6.945171;34;2.711729;91;4.643922;9.279556;114;4.233442
62;62008;60009;59007;-1.606677E-09;0.9999998;ОС-1:;состояние1_k-12.sig;1 дополнительное:;состояние2_k-25.sig;0.1648393;0;6.945171;34;2.593592;1;4.630039;9.537045;701;4.351579
62;62008;60009;59007;-1.606677E-09;0.9999998;ОС-1:;состояние1_k-12.sig;1 дополнительное:;состояние2_k-26.sig;0.1648393;-0.02047447;6.945171;34;2.282067;149;4.551169;9.222116;284;4.663104
62;62008;60009;59007;-1.606677E-09;0.9999998;ОС-1:;состояние1_k-12.sig;1 дополнительное:;состояние2_k-27.sig;0.1648393;-0.02334054;6.945171;34;1.816901;323;4.482759;8.720311;785;5.128271
62;62008;60009;59007;-1.606677E-09;0.9999998;ОС-1:;состояние1_k-12.sig;1 дополнительное:;состояние2_k-28.sig;0.1648393;-0.01247388;6.945171;34;1.24837;56;4.440055;8.029287;36;5.696801
62;62008;60009;59007;-1.606677E-09;0.9999998;ОС-1:;состояние1_k-12.sig;1 дополнительное:;состояние2_k-29.sig;0.1648393;-0.002445983;6.945171;34;0.6318147;635;4.428658;7.568563;618;6.313357
62;62008;60009;59007;-1.606677E-09;0.9999998;ОС-1:;состояние1_k-12.sig;1 дополнительное:;состояние2_k-30.sig;0.1648393;0;6.945171;34;0.02627036;6;4.422566;6.967462;409;6.918901
62;62008;60009;59007;-1.606677E-09;0.9999998;ОС-1:;состояние1_k-12.sig;1 дополнительное:;состояние2_k-31.sig;0.1648393;0.0003567362;6.945171;34;0.5280781;20;4.423817;7.470109;617;6.417093
62;62008;60009;59007;-1.606677E-09;0.9999998;ОС-1:;состояние1_k-12.sig;1 дополнительное:;состояние2_k-32.sig;0.1648393;0.004707093;6.945171;34;0.9765859;77;4.438551;7.896296;76;5.968585
62;62008;60009;59007;-1.606677E-09;0.9999998;ОС-1:;состояние1_k-12.sig;1 дополнительное:;состояние2_k-33.sig;0.1648393;0.01001738;6.945171;34;1.292415;252;4.464559;8.202536;783;5.652757
62;62008;60009;59007;-1.606677E-09;0.9999998;ОС-1:;состояние1_k-12.sig;1 дополнительное:;состояние2_k-34.sig;0.1648393;0.008765392;6.945171;34;1.456774;446;4.488957;8.400079;284;5.488397
62;62008;60009;59007;-1.606677E-09;0.9999998;ОС-1:;состояние1_k-12.sig;1 дополнительное:;состояние2_k-35.sig;0.1648393;0;6.945171;34;1.465796;86;4.500971;8.401787;743;5.479375
62;62008;60009;59007;-1.606677E-09;0.9999998;ОС-1:;состояние1_k-12.sig;1 дополнительное:;состояние2_k-36.sig;0.1648393;-0.008571012;6.945171;34;1.329756;135;4.297965;8.101944;78;5.615416
62;62008;60009;59007;-1.606677E-09;0.9999998;ОС-1:;состояние1_k-12.sig;1 дополнительное:;состояние2_k-37.sig;0.1648393;-0.009730555;6.945171;34;1.070388;19;4.492258;7.989115;33;5.874783
62;62008;60009;59007;-1.606677E-09;0.9999998;ОС-1:;состояние1_k-12.sig;1 дополнительное:;состояние2_k-38.sig;0.1648393;-0.004737558;6.945171;34;0.7207533;67;4.463247;7.665765;409;6.224418
62;62008;60009;59007;-1.606677E-09;0.9999998;ОС-1:;состояние1_k-12.sig;1 дополнительное:;состояние2_k-39.sig;0.1648393;-0.0003707852;6.945171;34;0.3262159;599;4.435115;7.266621;201;6.618956
62;62008;60009;59007;-1.606677E-09;0.9999998;ОС-1:;состояние1_k-12.sig;1 дополнительное:;состояние2_k-40.sig;0.1648393;-1.180917E-08;6.945171;34;0.1700659;22;4.420368;7.111464;34;6.775105
62;62008;60009;59007;-1.606677E-09;0.9999998;ОС-1:;состояние1_k-13.sig;1 дополнительное:;состояние2_k-21.sig;0.1747085;-0.00508391;6.519453;789;1.782405;461;4.242808;8.300854;366;4.737048
62;62008;60009;59007;-1.606677E-09;0.9999998;ОС-1:;состояние1_k-13.sig;1 дополнительное:;состояние2_k-22.sig;0.1747085;0.008707684;6.519453;789;2.290602;432;4.293711;8.802376;750;4.22885
62;62008;60009;59007;-1.606677E-09;0.9999998;ОС-1:;состояние1_k-13.sig;1 дополнительное:;состояние2_k-23.sig;0.1747085;0.0249676;6.519453;789;2.611856;580;4.34724;9.127994;58;3.907596
62;62008;60009;59007;-1.606677E-09;0.9999998;ОС-1:;состояние1_k-13.sig;1 дополнительное:;состояние2_k-24.sig;0.1747085;0.02197224;6.519453;789;2.711729;91;4.372256;9.226837;674;3.807724
62;62008;60009;59007;-1.606677E-09;0.9999998;ОС-1:;состояние1_k-13.sig;1 дополнительное:;состояние2_k-25.sig;0.1747085;0;6.519453;789;2.593592;1;4.354782;9.081968;21;3.92586
62;62008;60009;59007;-1.606677E-09;0.9999998;ОС-1:;состояние1_k-13.sig;1 дополнительное:;состояние2_k-26.sig;0.1747085;-0.02047447;6.519453;789;2.282067;149;4.309155;8.428327;632;4.237386
62;62008;60009;59007;-1.606677E-09;0.9999998;ОС-1:;состояние1_k-13.sig;1 дополнительное:;состояние2_k-27.sig;0.1747085;-0.02334054;6.519453;789;1.816901;323;4.271454;8.335698;212;4.702552
62;62008;60009;59007;-1.606677E-09;0.9999998;ОС-1:;состояние1_k-13.sig;1 дополнительное:;состояние2_k-28.sig;0.1747085;-0.01247388;6.519453;789;1.24837;56;4.21586;7.76535;520;5.271082
62;62008;60009;59007;-1.606677E-09;0.9999998;ОС-1:;состояние1_k-13.sig;1 дополнительное:;состояние2_k-29.sig;0.1747085;-0.002445983;6.519453;789;0.6318147;635;4.179559;7.136847;289;5.887638
62;62008;60009;59007;-1.606677E-09;0.9999998;ОС-1:;состояние1_k-13.sig;1 дополнительное:;состояние2_k-30.sig;0.1747085;0;6.519453;789;0.02627036;6;4.166319;6.545659;789;6.493182
62;62008;60009;59007;-1.606677E-09;0.9999998;ОС-1:;состояние1_k-13.sig;1 дополнительное:;состояние2_k-31.sig;0.1747085;0.0003567362;6.519453;789;0.5280781;20;4.17468;7.039287;327;5.991374
62;62008;60009;59007;-1.606677E-09;0.9999998;ОС-1:;состояние1_k-13.sig;1 дополнительное:;состояние2_k-32.sig;0.1747085;0.004707093;6.519453;789;0.9765859;77;4.196845;7.487903;405;5.542867
62;62008;60009;59007;-1.606677E-09;0.9999998;ОС-1:;состояние1_k-13.sig;1 дополнительное:;состояние2_k-33.sig;0.1747085;0.01001738;6.519453;789;1.292415;252;4.216585;7.804585;328;5.227038
62;62008;60009;59007;-1.606677E-09;0.9999998;ОС-1:;состояние1_k-13.sig;1 дополнительное:;состояние2_k-34.sig;0.1747085;0.008765392;6.519453;789;1.456774;446;4.224257;7.968114;20;5.062678
62;62008;60009;59007;-1.606677E-09;0.9999998;ОС-1:;состояние1_k-13.sig;1 дополнительное:;состояние2_k-35.sig;0.1747085;0;6.519453;789;1.465796;86;4.219798;7.97471;58;5.053657
62;62008;60009;59007;-1.606677E-09;0.9999998;ОС-1:;состояние1_k-13.sig;1 дополнительное:;состояние2_k-36.sig;0.1747085;-0.008571012;6.519453;789;1.329756;135;4.211561;7.848463;135;5.189697
62;62008;60009;59007;-1.606677E-09;0.9999998;ОС-1:;состояние1_k-13.sig;1 дополнительное:;состояние2_k-37.sig;0.1747085;-0.009730555;6.519453;789;1.070388;19;4.203556;7.58687;289;5.449064
62;62008;60009;59007;-1.606677E-09;0.9999998;ОС-1:;состояние1_k-13.sig;1 дополнительное:;состояние2_k-38.sig;0.1747085;-0.004737558;6.519453;789;0.7207533;67;4.198751;7.238368;712;5.798699
62;62008;60009;59007;-1.606677E-09;0.9999998;ОС-1:;состояние1_k-13.sig;1 дополнительное:;состояние2_k-39.sig;0.1747085;-0.0003707852;6.519453;789;0.3262159;599;4.111144;6.811237;482;6.193237
62;62008;60009;59007;-1.606677E-09;0.9999998;ОС-1:;состояние1_k-13.sig;1 дополнительное:;состояние2_k-40.sig;0.1747085;-1.180917E-08;6.519453;789;0.1700659;22;4.165392;6.689865;635;6.349387
62;62008;60009;59007;-1.606677E-09;0.9999998;ОС-1:;состояние1_k-14.sig;1 дополнительное:;состояние2_k-21.sig;0.09734344;-0.00508391;5.841449;436;1.782405;461;3.852021;7.612444;8;4.059044
62;62008;60009;59007;-1.606677E-09;0.9999998;ОС-1:;состояние1_k-14.sig;1 дополнительное:;состояние2_k-22.sig;0.09734344;0.008707684;5.841449;436;2.290602;432;3.875196;8.122164;114;3.550847
62;62008;60009;59007;-1.606677E-09;0.9999998;ОС-1:;состояние1_k-14.sig;1 дополнительное:;состояние2_k-23.sig;0.09734344;0.0249676;5.841449;436;2.611856;580;3.911371;8.427059;80;3.229593
62;62008;60009;59007;-1.606677E-09;0.9999998;ОС-1:;состояние1_k-14.sig;1 дополнительное:;состояние2_k-24.sig;0.09734344;0.02197224;5.841449;436;2.711729;91;3.948953;8.542278;258;3.12972
62;62008;60009;59007;-1.606677E-09;0.9999998;ОС-1:;состояние1_k-14.sig;1 дополнительное:;состояние2_k-25.sig;0.09734344;0;5.841449;436;2.593592;1;3.980605;8.425545;401;3.247857
62;62008;60009;59007;-1.606677E-09;0.9999998;ОС-1:;состояние1_k-14.sig;1 дополнительное:;состояние2_k-26.sig;0.09734344;-0.02047447;5.841449;436;2.282067;149;3.938811;8.098034;187;3.559382
62;62008;60009;59007;-1.606677E-09;0.9999998;ОС-1:;состояние1_k-14.sig;1 дополнительное:;состояние2_k-27.sig;0.09734344;-0.02334054;5.841449;436;1.816901;323;3.868783;7.651846;8;4.024549
62;62008;60009;59007;-1.606677E-09;0.9999998;ОС-1:;состояние1_k-14.sig;1 дополнительное:;состояние2_k-28.sig;0.09734344;-0.01247388;5.841449;436;1.24837;56;3.798125;6.826784;148;4.593079
62;62008;60009;59007;-1.606677E-09;0.9999998;ОС-1:;состояние1_k-14.sig;1 дополнительное:;состояние2_k-29.sig;0.09734344;-0.002445983;5.841449;436;0.6318147;635;3.762171;6.467736;186;5.209635
62;62008;60009;59007;-1.606677E-09;0.9999998;ОС-1:;состояние1_k-14.sig;1 дополнительное:;состояние2_k-30.sig;0.09734344;0;5.841449;436;0.02627036;6;3.74989;5.866454;222;5.815179
62;62008;60009;59007;-1.606677E-09;0.9999998;ОС-1:;состояние1_k-14.sig;1 дополнительное:;состояние2_k-31.sig;0.09734344;0.0003567362;5.841449;436;0.5280781;20;3.754979;6.367057;472;5.313371
62;62008;60009;59007;-1.606677E-09;0.9999998;ОС-1:;состояние1_k-14.sig;1 дополнительное:;состояние2_k-32.sig;0.09734344;0.004707093;5.841449;436;0.9765859;77;3.76605;6.813725;436;4.864863
62;62008;60009;59007;-1.606677E-09;0.9999998;ОС-1:;состояние1_k-14.sig;1 дополнительное:;состояние2_k-33.sig;0.09734344;0.01001738;5.841449;436;1.292415;252;3.786155;7.130094;722;4.549035
62;62008;60009;59007;-1.606677E-09;0.9999998;ОС-1:;состояние1_k-14.sig;1 дополнительное:;состояние2_k-34.sig;0.09734344;0.008765392;5.841449;436;1.456774;446;3.811157;7.284348;79;4.384675
62;62008;60009;59007;-1.606677E-09;0.9999998;ОС-1:;состояние1_k-14.sig;1 дополнительное:;состояние2_k-35.sig;0.09734344;0;5.841449;436;1.465796;86;3.83415;7.307245;686;4.375653
62;62008;60009;59007;-1.606677E-09;0.9999998;ОС-1:;состояние1_k-14.sig;1 дополнительное:;состояние2_k-36.sig;0.09734344;-0.008571012;5.841449;436;1.329756;135;3.82391;7.164833;329;4.511693
62;62008;60009;59007;-1.606677E-09;0.9999998;ОС-1:;состояние1_k-14.sig;1 дополнительное:;состояние2_k-37.sig;0.09734344;-0.009730555;5.841449;436;1.070388;19;3.793844;6.909194;222;4.771061
62;62008;60009;59007;-1.606677E-09;0.9999998;ОС-1:;состояние1_k-14.sig;1 дополнительное:;состояние2_k-38.sig;0.09734344;-0.004737558;5.841449;436;0.7207533;67;3.76567;6.535547;80;5.120696
62;62008;60009;59007;-1.606677E-09;0.9999998;ОС-1:;состояние1_k-14.sig;1 дополнительное:;состояние2_k-39.sig;0.09734344;-0.0003707852;5.841449;436;0.3262159;599;3.753157;6.164258;150;5.515234
62;62008;60009;59007;-1.606677E-09;0.9999998;ОС-1:;состояние1_k-14.sig;1 дополнительное:;состояние2_k-40.sig;0.09734344;-1.180917E-08;5.841449;436;0.1700659;22;3.756071;6.010482;472;5.671383
62;62008;60009;59007;-1.606677E-09;0.9999998;ОС-1:;состояние1_k-15.sig;1 дополнительное:;состояние2_k-21.sig;0;-0.00508391;4.956912;130;1.782405;461;3.280985;6.686242;31;3.174507
62;62008;60009;59007;-1.606677E-09;0.9999998;ОС-1:;состояние1_k-15.sig;1 дополнительное:;состояние2_k-22.sig;0;0.008707684;4.956912;130;2.290602;432;3.322193;7.234625;296;2.666309
62;62008;60009;59007;-1.606677E-09;0.9999998;ОС-1:;состояние1_k-15.sig;1 дополнительное:;состояние2_k-23.sig;0;0.0249676;4.956912;130;2.611856;580;3.340598;7.56213;363;2.345055
62;62008;60009;59007;-1.606677E-09;0.9999998;ОС-1:;состояние1_k-15.sig;1 дополнительное:;состояние2_k-24.sig;0;0.02197224;4.956912;130;2.711729;91;3.368537;7.636508;529;2.245183
62;62008;60009;59007;-1.606677E-09;0.9999998;ОС-1:;состояние1_k-15.sig;1 дополнительное:;состояние2_k-25.sig;0;0;4.956912;130;2.593592;1;3.353471;7.484474;62;2.363319
62;62008;60009;59007;-1.606677E-09;0.9999998;ОС-1:;состояние1_k-15.sig;1 дополнительное:;состояние2_k-26.sig;0;-0.02047447;4.956912;130;2.282067;149;3.368294;7.236985;130;2.674845
62;62008;60009;59007;-1.606677E-09;0.9999998;ОС-1:;состояние1_k-15.sig;1 дополнительное:;состояние2_k-27.sig;0;-0.02334054;4.956912;130;1.816901;323;3.311551;6.642803;195;3.140011
62;62008;60009;59007;-1.606677E-09;0.9999998;ОС-1:;состояние1_k-15.sig;1 дополнительное:;состояние2_k-28.sig;0;-0.01247388;4.956912;130;1.24837;56;3.232157;6.202453;163;3.708541
62;62008;60009;59007;-1.606677E-09;0.9999998;ОС-1:;состояние1_k-15.sig;1 дополнительное:;состояние2_k-29.sig;0;-0.002445983;4.956912;130;0.6318147;635;3.174036;5.586175;497;4.325097
62;62008;60009;59007;-1.606677E-09;0.9999998;ОС-1:;состояние1_k-15.sig;1 дополнительное:;состояние2_k-30.sig;0;0;4.956912;130;0.02627036;6;3.15546;4.962034;130;4.930641
62;62008;60009;59007;-1.606677E-09;0.9999998;ОС-1:;состояние1_k-15.sig;1 дополнительное:;состояние2_k-31.sig;0;0.0003567362;4.956912;130;0.5280781;20;3.167114;5.480663;197;4.428833
62;62008;60009;59007;-1.606677E-09;0.9999998;ОС-1:;состояние1_k-15.sig;1 дополнительное:;состояние2_k-32.sig;0;0.004707093;4.956912;130;0.9765859;77;3.184976;5.932677;530;3.980326
62;62008;60009;59007;-1.606677E-09;0.9999998;ОС-1:;состояние1_k-15.sig;1 дополнительное:;состояние2_k-33.sig;0;0.01001738;4.956912;130;1.292415;252;3.196977;6.186996;162;3.664497
62;62008;60009;59007;-1.606677E-09;0.9999998;ОС-1:;состояние1_k-15.sig;1 дополнительное:;состояние2_k-34.sig;0;0.008765392;4.956912;130;1.456774;446;3.206093;6.404008;196;3.500137
62;62008;60009;59007;-1.606677E-09;0.9999998;ОС-1:;состояние1_k-15.sig;1 дополнительное:;состояние2_k-35.sig;0;0;4.956912;130;1.465796;86;3.239797;6.400773;29;3.491115
62;62008;60009;59007;-1.606677E-09;0.9999998;ОС-1:;состояние1_k-15.sig;1 дополнительное:;состояние2_k-36.sig;0;-0.008571012;4.956912;130;1.329756;135;3.229141;6.282395;163;3.627156
62;62008;60009;59007;-1.606677E-09;0.9999998;ОС-1:;состояние1_k-15.sig;1 дополнительное:;состояние2_k-37.sig;0;-0.009730555;4.956912;130;1.070388;19;3.214429;6.026866;330;3.886523
62;62008;60009;59007;-1.606677E-09;0.9999998;ОС-1:;состояние1_k-15.sig;1 дополнительное:;состояние2_k-38.sig;0;-0.004737558;4.956912;130;0.7207533;67;3.187894;5.667896;396;4.236158
62;62008;60009;59007;-1.606677E-09;0.9999998;ОС-1:;состояние1_k-15.sig;1 дополнительное:;состояние2_k-39.sig;0;-0.0003707852;4.956912;130;0.3262159;599;3.1619;5.282579;330;4.630696
62;62008;60009;59007;-1.606677E-09;0.9999998;ОС-1:;состояние1_k-15.sig;1 дополнительное:;состояние2_k-40.sig;0;-1.180917E-08;4.956912;130;0.1700659;22;3.156084;5.12448;97;4.786846
62;62008;60009;59007;-1.606677E-09;0.9999998;ОС-1:;состояние1_k-16.sig;1 дополнительное:;состояние2_k-21.sig;-0.04625038;-0.00508391;3.928865;112;1.782405;461;2.619377;5.70383;675;2.14646
62;62008;60009;59007;-1.606677E-09;0.9999998;ОС-1:;состояние1_k-16.sig;1 дополнительное:;состояние2_k-22.sig;-0.04625038;0.008707684;3.928865;112;2.290602;432;2.715789;6.208452;205;1.638263
62;62008;60009;59007;-1.606677E-09;0.9999998;ОС-1:;состояние1_k-16.sig;1 дополнительное:;состояние2_k-23.sig;-0.04625038;0.0249676;3.928865;112;2.611856;580;2.768081;6.531571;580;1.317008
62;62008;60009;59007;-1.606677E-09;0.9999998;ОС-1:;состояние1_k-16.sig;1 дополнительное:;состояние2_k-24.sig;-0.04625038;0.02197224;3.928865;112;2.711729;91;2.821296;6.638876;112;1.217136
62;62008;60009;59007;-1.606677E-09;0.9999998;ОС-1:;состояние1_k-16.sig;1 дополнительное:;состояние2_k-25.sig;-0.04625038;0;3.928865;112;2.593592;1;2.765733;6.520545;81;1.335273
62;62008;60009;59007;-1.606677E-09;0.9999998;ОС-1:;состояние1_k-16.sig;1 дополнительное:;состояние2_k-26.sig;-0.04625038;-0.02047447;3.928865;112;2.282067;149;2.734666;6.195555;456;1.646798
62;62008;60009;59007;-1.606677E-09;0.9999998;ОС-1:;состояние1_k-16.sig;1 дополнительное:;состояние2_k-27.sig;-0.04625038;-0.02334054;3.928865;112;1.816901;323;2.66315;5.738773;675;2.111964
62;62008;60009;59007;-1.606677E-09;0.9999998;ОС-1:;состояние1_k-16.sig;1 дополнительное:;состояние2_k-28.sig;-0.04625038;-0.01247388;3.928865;112;1.24837;56;2.584564;5.131895;19;2.680495
62;62008;60009;59007;-1.606677E-09;0.9999998;ОС-1:;состояние1_k-16.sig;1 дополнительное:;состояние2_k-29.sig;-0.04625038;-0.002445983;3.928865;112;0.6318147;635;2.522395;4.556621;549;3.29705
62;62008;60009;59007;-1.606677E-09;0.9999998;ОС-1:;состояние1_k-16.sig;1 дополнительное:;состояние2_k-30.sig;-0.04625038;0;3.928865;112;0.02627036;6;2.494404;3.953223;206;3.902595
62;62008;60009;59007;-1.606677E-09;0.9999998;ОС-1:;состояние1_k-16.sig;1 дополнительное:;состояние2_k-31.sig;-0.04625038;0.0003567362;3.928865;112;0.5280781;20;2.500408;4.451318;487;3.400787
62;62008;60009;59007;-1.606677E-09;0.9999998;ОС-1:;состояние1_k-16.sig;1 дополнительное:;состояние2_k-32.sig;-0.04625038;0.004707093;3.928865;112;0.9765859;77;2.53587;4.779554;79;2.952279
62;62008;60009;59007;-1.606677E-09;0.9999998;ОС-1:;состояние1_k-16.sig;1 дополнительное:;состояние2_k-33.sig;-0.04625038;0.01001738;3.928865;112;1.292415;252;2.562529;5.220548;237;2.63645
62;62008;60009;59007;-1.606677E-09;0.9999998;ОС-1:;состояние1_k-16.sig;1 дополнительное:;состояние2_k-34.sig;-0.04625038;0.008765392;3.928865;112;1.456774;446;2.58087;5.381912;49;2.472091
62;62008;60009;59007;-1.606677E-09;0.9999998;ОС-1:;состояние1_k-16.sig;1 дополнительное:;состояние2_k-35.sig;-0.04625038;0;3.928865;112;1.465796;86;2.581541;5.392735;143;2.463069
62;62008;60009;59007;-1.606677E-09;0.9999998;ОС-1:;состояние1_k-16.sig;1 дополнительное:;состояние2_k-36.sig;-0.04625038;-0.008571012;3.928865;112;1.329756;135;2.567934;5.238489;80;2.599109
62;62008;60009;59007;-1.606677E-09;0.9999998;ОС-1:;состояние1_k-16.sig;1 дополнительное:;состояние2_k-37.sig;-0.04625038;-0.009730555;3.928865;112;1.070388;19;2.547244;4.986079;19;2.858477
62;62008;60009;59007;-1.606677E-09;0.9999998;ОС-1:;состояние1_k-16.sig;1 дополнительное:;состояние2_k-38.sig;-0.04625038;-0.004737558;3.928865;112;0.7207533;67;2.522389;4.640059;330;3.208112
62;62008;60009;59007;-1.606677E-09;0.9999998;ОС-1:;состояние1_k-16.sig;1 дополнительное:;состояние2_k-39.sig;-0.04625038;-0.0003707852;3.928865;112;0.3262159;599;2.502233;4.254745;612;3.602649
62;62008;60009;59007;-1.606677E-09;0.9999998;ОС-1:;состояние1_k-16.sig;1 дополнительное:;состояние2_k-40.sig;-0.04625038;-1.180917E-08;3.928865;112;0.1700659;22;2.494637;4.077859;112;3.758799
62;62008;60009;59007;-1.606677E-09;0.9999998;ОС-1:;состояние1_k-17.sig;1 дополнительное:;состояние2_k-21.sig;-0.03116396;-0.00508391;2.840191;272;1.782405;461;1.919691;4.617191;390;1.057786
62;62008;60009;59007;-1.606677E-09;0.9999998;ОС-1:;состояние1_k-17.sig;1 дополнительное:;состояние2_k-22.sig;-0.03116396;0.008707684;2.840191;272;2.290602;432;2.108046;5.123471;478;0.5495882
62;62008;60009;59007;-1.606677E-09;0.9999998;ОС-1:;состояние1_k-17.sig;1 дополнительное:;состояние2_k-23.sig;-0.03116396;0.0249676;2.840191;272;2.611856;580;2.231274;5.444042;37;0.2283342
62;62008;60009;59007;-1.606677E-09;0.9999998;ОС-1:;состояние1_k-17.sig;1 дополнительное:;состояние2_k-24.sig;-0.03116396;0.02197224;2.840191;272;2.711729;91;2.265106;5.540551;7;0.1284618
62;62008;60009;59007;-1.606677E-09;0.9999998;ОС-1:;состояние1_k-17.sig;1 дополнительное:;состояние2_k-25.sig;-0.03116396;0;2.840191;272;2.593592;1;2.202405;5.423576;361;0.2465985
62;62008;60009;59007;-1.606677E-09;0.9999998;ОС-1:;состояние1_k-17.sig;1 дополнительное:;состояние2_k-26.sig;-0.03116396;-0.02047447;2.840191;272;2.282067;149;2.095707;5.10388;418;0.5581236
62;62008;60009;59007;-1.606677E-09;0.9999998;ОС-1:;состояние1_k-17.sig;1 дополнительное:;состояние2_k-27.sig;-0.03116396;-0.02334054;2.840191;272;1.816901;323;2.003043;4.656414;360;1.02329
62;62008;60009;59007;-1.606677E-09;0.9999998;ОС-1:;состояние1_k-17.sig;1 дополнительное:;состояние2_k-28.sig;-0.03116396;-0.01247388;2.840191;272;1.24837;56;1.928119;4.063696;771;1.59182
62;62008;60009;59007;-1.606677E-09;0.9999998;ОС-1:;состояние1_k-17.sig;1 дополнительное:;состояние2_k-29.sig;-0.03116396;-0.002445983;2.840191;272;0.6318147;635;1.850239;3.463599;360;2.208376
62;62008;60009;59007;-1.606677E-09;0.9999998;ОС-1:;состояние1_k-17.sig;1 дополнительное:;состояние2_k-30.sig;-0.03116396;0;2.840191;272;0.02627036;6;1.813168;2.866228;772;2.81392
62;62008;60009;59007;-1.606677E-09;0.9999998;ОС-1:;состояние1_k-17.sig;1 дополнительное:;состояние2_k-31.sig;-0.03116396;0.0003567362;2.840191;272;0.5280781;20;1.821681;3.360691;36;2.312113
62;62008;60009;59007;-1.606677E-09;0.9999998;ОС-1:;состояние1_k-17.sig;1 дополнительное:;состояние2_k-32.sig;-0.03116396;0.004707093;2.840191;272;0.9765859;77;1.861006;3.80855;155;1.863605
62;62008;60009;59007;-1.606677E-09;0.9999998;ОС-1:;состояние1_k-17.sig;1 дополнительное:;состояние2_k-33.sig;-0.03116396;0.01001738;2.840191;272;1.292415;252;1.896192;4.12751;449;1.547776
62;62008;60009;59007;-1.606677E-09;0.9999998;ОС-1:;состояние1_k-17.sig;1 дополнительное:;состояние2_k-34.sig;-0.03116396;0.008765392;2.840191;272;1.456774;446;1.977998;4.232275;535;1.383416
62;62008;60009;59007;-1.606677E-09;0.9999998;ОС-1:;состояние1_k-17.sig;1 дополнительное:;состояние2_k-35.sig;-0.03116396;0;2.840191;272;1.465796;86;1.928558;4.304359;272;1.374394
62;62008;60009;59007;-1.606677E-09;0.9999998;ОС-1:;состояние1_k-17.sig;1 дополнительное:;состояние2_k-36.sig;-0.03116396;-0.008571012;2.840191;272;1.329756;135;1.909813;4.162724;566;1.510435
62;62008;60009;59007;-1.606677E-09;0.9999998;ОС-1:;состояние1_k-17.sig;1 дополнительное:;состояние2_k-37.sig;-0.03116396;-0.009730555;2.840191;272;1.070388;19;1.877335;3.902682;478;1.769802
62;62008;60009;59007;-1.606677E-09;0.9999998;ОС-1:;состояние1_k-17.sig;1 дополнительное:;состояние2_k-38.sig;-0.03116396;-0.004737558;2.840191;272;0.7207533;67;1.848652;3.551982;449;2.119437
62;62008;60009;59007;-1.606677E-09;0.9999998;ОС-1:;состояние1_k-17.sig;1 дополнительное:;состояние2_k-39.sig;-0.03116396;-0.0003707852;2.840191;272;0.3262159;599;1.823171;3.163892;419;2.513975
62;62008;60009;59007;-1.606677E-09;0.9999998;ОС-1:;состояние1_k-17.sig;1 дополнительное:;состояние2_k-40.sig;-0.03116396;-1.180917E-08;2.840191;272;0.1700659;22;1.812075;3.010257;772;2.670125
62;62008;60009;59007;-1.606677E-09;0.9999998;ОС-1:;состояние1_k-18.sig;1 дополнительное:;состояние2_k-21.sig;0.001496172;-0.00508391;1.811495;413;1.782405;461;1.330764;3.592921;580;0.02909029
62;62008;60009;59007;-1.606677E-09;0.9999998;ОС-1:;состояние1_k-18.sig;1 дополнительное:;состояние2_k-22.sig;0.001496172;0.008707684;1.811495;413;2.290602;432;1.628437;4.089809;136;0.4791071
62;62008;60009;59007;-1.606677E-09;0.9999998;ОС-1:;состояние1_k-18.sig;1 дополнительное:;состояние2_k-23.sig;0.001496172;0.0249676;1.811495;413;2.611856;580;1.872872;4.422386;80;0.8003612
62;62008;60009;59007;-1.606677E-09;0.9999998;ОС-1:;состояние1_k-18.sig;1 дополнительное:;состояние2_k-24.sig;0.001496172;0.02197224;1.811495;413;2.711729;91;1.954026;4.463104;50;0.9002335
62;62008;60009;59007;-1.606677E-09;0.9999998;ОС-1:;состояние1_k-18.sig;1 дополнительное:;состояние2_k-25.sig;0.001496172;0;1.811495;413;2.593592;1;1.873263;4.40473;441;0.7820969
62;62008;60009;59007;-1.606677E-09;0.9999998;ОС-1:;состояние1_k-18.sig;1 дополнительное:;состояние2_k-26.sig;0.001496172;-0.02047447;1.811495;413;2.282067;149;1.687986;4.07125;245;0.4705718
62;62008;60009;59007;-1.606677E-09;0.9999998;ОС-1:;состояние1_k-18.sig;1 дополнительное:;состояние2_k-27.sig;0.001496172;-0.02334054;1.811495;413;1.816901;323;1.460274;3.576905;637;0.005405426
62;62008;60009;59007;-1.606677E-09;0.9999998;ОС-1:;состояние1_k-18.sig;1 дополнительное:;состояние2_k-28.sig;0.001496172;-0.01247388;1.811495;413;1.24837;56;1.294666;3.05943;163;0.563125
62;62008;60009;59007;-1.606677E-09;0.9999998;ОС-1:;состояние1_k-18.sig;1 дополнительное:;состояние2_k-29.sig;0.001496172;-0.002445983;1.811495;413;0.6318147;635;1.194779;2.442524;135;1.179681
62;62008;60009;59007;-1.606677E-09;0.9999998;ОС-1:;состояние1_k-18.sig;1 дополнительное:;состояние2_k-30.sig;0.001496172;0;1.811495;413;0.02627036;6;1.149598;1.836741;24;1.785225
62;62008;60009;59007;-1.606677E-09;0.9999998;ОС-1:;состояние1_k-18.sig;1 дополнительное:;состояние2_k-31.sig;0.001496172;0.0003567362;1.811495;413;0.5280781;20;1.160165;2.338829;52;1.283417
62;62008;60009;59007;-1.606677E-09;0.9999998;ОС-1:;состояние1_k-18.sig;1 дополнительное:;состояние2_k-32.sig;0.001496172;0.004707093;1.811495;413;0.9765859;77;1.220438;2.782784;108;0.8349094
62;62008;60009;59007;-1.606677E-09;0.9999998;ОС-1:;состояние1_k-18.sig;1 дополнительное:;состояние2_k-33.sig;0.001496172;0.01001738;1.811495;413;1.292415;252;1.302839;3.100806;358;0.5190808
62;62008;60009;59007;-1.606677E-09;0.9999998;ОС-1:;состояние1_k-18.sig;1 дополнительное:;состояние2_k-34.sig;0.001496172;0.008765392;1.811495;413;1.456774;446;1.355606;3.248661;79;0.3547211
62;62008;60009;59007;-1.606677E-09;0.9999998;ОС-1:;состояние1_k-18.sig;1 дополнительное:;состояние2_k-35.sig;0.001496172;0;1.811495;413;1.465796;86;1.344128;3.266173;357;0.3456991
62;62008;60009;59007;-1.606677E-09;0.9999998;ОС-1:;состояние1_k-18.sig;1 дополнительное:;состояние2_k-36.sig;0.001496172;-0.008571012;1.811495;413;1.329756;135;1.364681;3.140481;274;0.4817394
62;62008;60009;59007;-1.606677E-09;0.9999998;ОС-1:;состояние1_k-18.sig;1 дополнительное:;состояние2_k-37.sig;0.001496172;-0.009730555;1.811495;413;1.070388;19;1.240465;2.878922;357;0.741107
62;62008;60009;59007;-1.606677E-09;0.9999998;ОС-1:;состояние1_k-18.sig;1 дополнительное:;состояние2_k-38.sig;0.001496172;-0.004737558;1.811495;413;0.7207533;67;1.194998;2.530873;80;1.090742
62;62008;60009;59007;-1.606677E-09;0.9999998;ОС-1:;состояние1_k-18.sig;1 дополнительное:;состояние2_k-39.sig;0.001496172;-0.0003707852;1.811495;413;0.3262159;599;1.161528;2.13762;163;1.485279
62;62008;60009;59007;-1.606677E-09;0.9999998;ОС-1:;состояние1_k-18.sig;1 дополнительное:;состояние2_k-40.sig;0.001496172;-1.180917E-08;1.811495;413;0.1700659;22;1.150183;1.981866;135;1.641429
62;62008;60009;59007;-1.606677E-09;0.9999998;ОС-1:;состояние1_k-19.sig;1 дополнительное:;состояние2_k-21.sig;0.01134853;-0.00508391;1.115378;694;1.782405;461;1.206657;2.890554;9;0.6670274
62;62008;60009;59007;-1.606677E-09;0.9999998;ОС-1:;состояние1_k-19.sig;1 дополнительное:;состояние2_k-22.sig;0.01134853;0.008707684;1.115378;694;2.290602;432;1.48839;3.405689;273;1.175225
62;62008;60009;59007;-1.606677E-09;0.9999998;ОС-1:;состояние1_k-19.sig;1 дополнительное:;состояние2_k-23.sig;0.01134853;0.0249676;1.115378;694;2.611856;580;1.697444;3.723583;167;1.496479
62;62008;60009;59007;-1.606677E-09;0.9999998;ОС-1:;состояние1_k-19.sig;1 дополнительное:;состояние2_k-24.sig;0.01134853;0.02197224;1.115378;694;2.711729;91;1.802161;3.824904;299;1.596351
62;62008;60009;59007;-1.606677E-09;0.9999998;ОС-1:;состояние1_k-19.sig;1 дополнительное:;состояние2_k-25.sig;0.01134853;0;1.115378;694;2.593592;1;1.753005;3.705123;221;1.478215
62;62008;60009;59007;-1.606677E-09;0.9999998;ОС-1:;состояние1_k-19.sig;1 дополнительное:;состояние2_k-26.sig;0.01134853;-0.02047447;1.115378;694;2.282067;149;1.56398;3.395344;168;1.166689
62;62008;60009;59007;-1.606677E-09;0.9999998;ОС-1:;состояние1_k-19.sig;1 дополнительное:;состояние2_k-27.sig;0.01134853;-0.02334054;1.115378;694;1.816901;323;1.289164;2.924331;378;0.7015231
62;62008;60009;59007;-1.606677E-09;0.9999998;ОС-1:;состояние1_k-19.sig;1 дополнительное:;состояние2_k-28.sig;0.01134853;-0.01247388;1.115378;694;1.24837;56;0.97491;2.363521;431;0.1329926
62;62008;60009;59007;-1.606677E-09;0.9999998;ОС-1:;состояние1_k-19.sig;1 дополнительное:;состояние2_k-29.sig;0.01134853;-0.002445983;1.115378;694;0.6318147;635;0.7718028;1.747114;273;0.483563
62;62008;60009;59007;-1.606677E-09;0.9999998;ОС-1:;состояние1_k-19.sig;1 дополнительное:;состояние2_k-30.sig;0.01134853;0;1.115378;694;0.02627036;6;0.7125828;1.141577;773;1.089107
62;62008;60009;59007;-1.606677E-09;0.9999998;ОС-1:;состояние1_k-19.sig;1 дополнительное:;состояние2_k-31.sig;0.01134853;0.0003567362;1.115378;694;0.5280781;20;0.7448921;1.640061;246;0.5872995
62;62008;60009;59007;-1.606677E-09;0.9999998;ОС-1:;состояние1_k-19.sig;1 дополнительное:;состояние2_k-32.sig;0.01134853;0.004707093;1.115378;694;0.9765859;77;0.8449324;2.085485;62;0.1387918
62;62008;60009;59007;-1.606677E-09;0.9999998;ОС-1:;состояние1_k-19.sig;1 дополнительное:;состояние2_k-33.sig;0.01134853;0.01001738;1.115378;694;1.292415;252;0.9732218;2.398865;404;0.1770369
62;62008;60009;59007;-1.606677E-09;0.9999998;ОС-1:;состояние1_k-19.sig;1 дополнительное:;состояние2_k-34.sig;0.01134853;0.008765392;1.115378;694;1.456774;446;1.06935;2.571543;299;0.3413966
62;62008;60009;59007;-1.606677E-09;0.9999998;ОС-1:;состояние1_k-19.sig;1 дополнительное:;состояние2_k-35.sig;0.01134853;0;1.115378;694;1.465796;86;1.081824;2.572604;457;0.3504186
62;62008;60009;59007;-1.606677E-09;0.9999998;ОС-1:;состояние1_k-19.sig;1 дополнительное:;состояние2_k-36.sig;0.01134853;-0.008571012;1.115378;694;1.329756;135;1.012975;2.444742;10;0.2143782
62;62008;60009;59007;-1.606677E-09;0.9999998;ОС-1:;состояние1_k-19.sig;1 дополнительное:;состояние2_k-37.sig;0.01134853;-0.009730555;1.115378;694;1.070388;19;0.9006099;2.182462;168;0.04498935
62;62008;60009;59007;-1.606677E-09;0.9999998;ОС-1:;состояние1_k-19.sig;1 дополнительное:;состояние2_k-38.sig;0.01134853;-0.004737558;1.115378;694;0.7207533;67;0.7763754;1.717551;671;0.3946244
62;62008;60009;59007;-1.606677E-09;0.9999998;ОС-1:;состояние1_k-19.sig;1 дополнительное:;состояние2_k-39.sig;0.01134853;-0.0003707852;1.115378;694;0.3262159;599;0.72797;1.437803;484;0.7891618
62;62008;60009;59007;-1.606677E-09;0.9999998;ОС-1:;состояние1_k-19.sig;1 дополнительное:;состояние2_k-40.sig;0.01134853;-1.180917E-08;1.115378;694;0.1700659;22;0.7161722;1.286144;10;0.9453117
62;62008;60009;59007;-1.606677E-09;0.9999998;ОС-1:;состояние1_k-20.sig;1 дополнительное:;состояние2_k-21.sig;0;-0.00508391;1.225073;45;1.782405;461;1.404276;3.003462;270;0.5573318
62;62008;60009;59007;-1.606677E-09;0.9999998;ОС-1:;состояние1_k-20.sig;1 дополнительное:;состояние2_k-22.sig;0;0.008707684;1.225073;45;2.290602;432;1.611339;3.507373;45;1.065529
62;62008;60009;59007;-1.606677E-09;0.9999998;ОС-1:;состояние1_k-20.sig;1 дополнительное:;состояние2_k-23.sig;0;0.0249676;1.225073;45;2.611856;580;1.748912;3.835679;645;1.386783
62;62008;60009;59007;-1.606677E-09;0.9999998;ОС-1:;состояние1_k-20.sig;1 дополнительное:;состояние2_k-24.sig;0;0.02197224;1.225073;45;2.711729;91;1.798767;3.936807;195;1.486656
62;62008;60009;59007;-1.606677E-09;0.9999998;ОС-1:;состояние1_k-20.sig;1 дополнительное:;состояние2_k-25.sig;0;0;1.225073;45;2.593592;1;1.744354;3.805721;121;1.368519
62;62008;60009;59007;-1.606677E-09;0.9999998;ОС-1:;состояние1_k-20.sig;1 дополнительное:;состояние2_k-26.sig;0;-0.02047447;1.225073;45;2.282067;149;1.582945;3.506667;245;1.056994
62;62008;60009;59007;-1.606677E-09;0.9999998;ОС-1:;состояние1_k-20.sig;1 дополнительное:;состояние2_k-27.sig;0;-0.02334054;1.225073;45;1.816901;323;1.334701;3.040855;45;0.5918275
62;62008;60009;59007;-1.606677E-09;0.9999998;ОС-1:;состояние1_k-20.sig;1 дополнительное:;состояние2_k-28.sig;0;-0.01247388;1.225073;45;1.24837;56;1.030867;2.471785;20;0.02329707
62;62008;60009;59007;-1.606677E-09;0.9999998;ОС-1:;состояние1_k-20.sig;1 дополнительное:;состояние2_k-29.sig;0;-0.002445983;1.225073;45;0.6318147;635;0.841466;1.855624;445;0.5932586
62;62008;60009;59007;-1.606677E-09;0.9999998;ОС-1:;состояние1_k-20.sig;1 дополнительное:;состояние2_k-30.sig;0;0;1.225073;45;0.02627036;6;0.7804193;1.247996;70;1.198803
62;62008;60009;59007;-1.606677E-09;0.9999998;ОС-1:;состояние1_k-20.sig;1 дополнительное:;состояние2_k-31.sig;0;0.0003567362;1.225073;45;0.5280781;20;0.8199825;1.753151;20;0.6969951
62;62008;60009;59007;-1.606677E-09;0.9999998;ОС-1:;состояние1_k-20.sig;1 дополнительное:;состояние2_k-32.sig;0;0.004707093;1.225073;45;0.9765859;77;0.910826;2.188504;171;0.2484874
62;62008;60009;59007;-1.606677E-09;0.9999998;ОС-1:;состояние1_k-20.sig;1 дополнительное:;состояние2_k-33.sig;0;0.01001738;1.225073;45;1.292415;252;1.01733;2.516681;70;0.06734133
62;62008;60009;59007;-1.606677E-09;0.9999998;ОС-1:;состояние1_k-20.sig;1 дополнительное:;состояние2_k-34.sig;0;0.008765392;1.225073;45;1.456774;446;1.095058;2.674548;270;0.231701
62;62008;60009;59007;-1.606677E-09;0.9999998;ОС-1:;состояние1_k-20.sig;1 дополнительное:;состояние2_k-35.sig;0;0;1.225073;45;1.465796;86;1.104905;2.662306;44;0.240723
62;62008;60009;59007;-1.606677E-09;0.9999998;ОС-1:;состояние1_k-20.sig;1 дополнительное:;состояние2_k-36.sig;0;-0.008571012;1.225073;45;1.329756;135;1.049361;2.532769;94;0.1046827
62;62008;60009;59007;-1.606677E-09;0.9999998;ОС-1:;состояние1_k-20.sig;1 дополнительное:;состояние2_k-37.sig;0;-0.009730555;1.225073;45;1.070388;19;0.9546302;2.29345;195;0.1546849
62;62008;60009;59007;-1.606677E-09;0.9999998;ОС-1:;состояние1_k-20.sig;1 дополнительное:;состояние2_k-38.sig;0;-0.004737558;1.225073;45;0.7207533;67;0.8578566;1.942802;120;0.5043199
62;62008;60009;59007;-1.606677E-09;0.9999998;ОС-1:;состояние1_k-20.sig;1 дополнительное:;состояние2_k-39.sig;0;-0.0003707852;1.225073;45;0.3262159;599;0.7940444;1.548912;420;0.8988574
62;62008;60009;59007;-1.606677E-09;0.9999998;ОС-1:;состояние1_k-20.sig;1 дополнительное:;состояние2_k-40.sig;0;-1.180917E-08;1.225073;45;0.1700659;22;0.7853517;1.372025;21;1.055007
62;62009;59007;60008;-7.517519E-10;1;ОС-1:;состояние1_k-1.sig;1 дополнительное:;состояние2_k-21.sig;0.2823502;0.008310513;1.266146;351;0.7867016;778;0.8328977;2.040158;373;0.4794443
62;62009;59007;60008;-7.517519E-10;1;ОС-1:;состояние1_k-1.sig;1 дополнительное:;состояние2_k-22.sig;0.2823502;0.005548066;1.266146;351;0.4416175;235;0.7617387;1.707015;349;0.8245285
62;62009;59007;60008;-7.517519E-10;1;ОС-1:;состояние1_k-1.sig;1 дополнительное:;состояние2_k-23.sig;0.2823502;0.0005725689;1.266146;351;0.1985058;129;0.7323608;1.457224;368;1.06764
62;62009;59007;60008;-7.517519E-10;1;ОС-1:;состояние1_k-1.sig;1 дополнительное:;состояние2_k-24.sig;0.2823502;-0.0009520726;1.266146;351;0.1033229;110;0.7256477;1.365952;339;1.162823
62;62009;59007;60008;-7.517519E-10;1;ОС-1:;состояние1_k-1.sig;1 дополнительное:;состояние2_k-25.sig;0.2823502;0;1.266146;351;0.1454718;15;0.729641;1.411174;355;1.120674
62;62009;59007;60008;-7.517519E-10;1;ОС-1:;состояние1_k-1.sig;1 дополнительное:;состояние2_k-26.sig;0.2823502;0.000411578;1.266146;351;0.1708177;430;0.7300365;1.429884;334;1.095328
62;62009;59007;60008;-7.517519E-10;1;ОС-1:;состояние1_k-1.sig;1 дополнительное:;состояние2_k-27.sig;0.2823502;-0.0002964972;1.266146;351;0.1553143;445;0.7282956;1.421068;352;1.110832
62;62009;59007;60008;-7.517519E-10;1;ОС-1:;состояние1_k-1.sig;1 дополнительное:;состояние2_k-28.sig;0.2823502;-0.0007201042;1.266146;351;0.1089704;102;0.7264627;1.368074;334;1.157176
62;62009;59007;60008;-7.517519E-10;1;ОС-1:;состояние1_k-1.sig;1 дополнительное:;состояние2_k-29.sig;0.2823502;-0.0002908651;1.266146;351;0.04528546;541;0.726162;1.31134;351;1.22086
62;62009;59007;60008;-7.517519E-10;1;ОС-1:;состояние1_k-1.sig;1 дополнительное:;состояние2_k-30.sig;0.2823502;0;1.266146;351;0.02411827;3;0.7253636;1.290143;353;1.242028
62;62009;59007;60008;-7.517519E-10;1;ОС-1:;состояние1_k-1.sig;1 дополнительное:;состояние2_k-31.sig;0.2823502;-0.0006365823;1.266146;351;0.08563448;223;0.726762;1.346314;336;1.180511
62;62009;59007;60008;-7.517519E-10;1;ОС-1:;состояние1_k-1.sig;1 дополнительное:;состояние2_k-32.sig;0.2823502;-0.00154791;1.266146;351;0.1324652;55;0.7262797;1.398485;352;1.133681
62;62009;59007;60008;-7.517519E-10;1;ОС-1:;состояние1_k-1.sig;1 дополнительное:;состояние2_k-33.sig;0.2823502;-0.001602612;1.266146;351;0.1586554;685;0.7277954;1.41921;337;1.107491
62;62009;59007;60008;-7.517519E-10;1;ОС-1:;состояние1_k-1.sig;1 дополнительное:;состояние2_k-34.sig;0.2823502;-0.0007530876;1.266146;351;0.1614706;278;0.7285999;1.426695;352;1.104675
62;62009;59007;60008;-7.517519E-10;1;ОС-1:;состояние1_k-1.sig;1 дополнительное:;состояние2_k-35.sig;0.2823502;0;1.266146;351;0.1411098;37;0.7284216;1.402515;337;1.125036
62;62009;59007;60008;-7.517519E-10;1;ОС-1:;состояние1_k-1.sig;1 дополнительное:;состояние2_k-36.sig;0.2823502;1.373123E-05;1.266146;351;0.1004425;226;0.7267378;1.366588;351;1.165703
62;62009;59007;60008;-7.517519E-10;1;ОС-1:;состояние1_k-1.sig;1 дополнительное:;состояние2_k-37.sig;0.2823502;-0.0002571578;1.266146;351;0.04605995;620;0.7243153;1.308405;363;1.220086
62;62009;59007;60008;-7.517519E-10;1;ОС-1:;состояние1_k-1.sig;1 дополнительное:;состояние2_k-38.sig;0.2823502;-0.0001113454;1.266146;351;0.03626858;460;0.7252991;1.300324;342;1.229877
62;62009;59007;60008;-7.517519E-10;1;ОС-1:;состояние1_k-1.sig;1 дополнительное:;состояние2_k-39.sig;0.2823502;0.0002667434;1.266146;351;0.1031797;340;0.7269079;1.369097;353;1.162966
62;62009;59007;60008;-7.517519E-10;1;ОС-1:;состояние1_k-1.sig;1 дополнительное:;состояние2_k-40.sig;0.2823502;-1.22562E-08;1.266146;351;0.1710972;2;0.7299222;1.435357;340;1.095049
62;62009;59007;60008;-7.517519E-10;1;ОС-1:;состояние1_k-2.sig;1 дополнительное:;состояние2_k-21.sig;0.3853602;0.008310513;2.48881;101;0.7867016;778;1.605299;3.273677;349;1.702108
62;62009;59007;60008;-7.517519E-10;1;ОС-1:;состояние1_k-2.sig;1 дополнительное:;состояние2_k-22.sig;0.3853602;0.005548066;2.48881;101;0.4416175;235;1.595267;2.850769;120;2.047193
62;62009;59007;60008;-7.517519E-10;1;ОС-1:;состояние1_k-2.sig;1 дополнительное:;состояние2_k-23.sig;0.3853602;0.0005725689;2.48881;101;0.1985058;129;1.575498;2.683703;347;2.290304
62;62009;59007;60008;-7.517519E-10;1;ОС-1:;состояние1_k-2.sig;1 дополнительное:;состояние2_k-24.sig;0.3853602;-0.0009520726;2.48881;101;0.1033229;110;1.575534;2.577577;359;2.385487
62;62009;59007;60008;-7.517519E-10;1;ОС-1:;состояние1_k-2.sig;1 дополнительное:;состояние2_k-25.sig;0.3853602;0;2.48881;101;0.1454718;15;1.57223;2.627737;595;2.343338
62;62009;59007;60008;-7.517519E-10;1;ОС-1:;состояние1_k-2.sig;1 дополнительное:;состояние2_k-26.sig;0.3853602;0.000411578;2.48881;101;0.1708177;430;1.578841;2.658651;103;2.317992
62;62009;59007;60008;-7.517519E-10;1;ОС-1:;состояние1_k-2.sig;1 дополнительное:;состояние2_k-27.sig;0.3853602;-0.0002964972;2.48881;101;0.1553143;445;1.572569;2.633466;94;2.333496
62;62009;59007;60008;-7.517519E-10;1;ОС-1:;состояние1_k-2.sig;1 дополнительное:;состояние2_k-28.sig;0.3853602;-0.0007201042;2.48881;101;0.1089704;102;1.574711;2.597495;352;2.37984
62;62009;59007;60008;-7.517519E-10;1;ОС-1:;состояние1_k-2.sig;1 дополнительное:;состояние2_k-29.sig;0.3853602;-0.0002908651;2.48881;101;0.04528546;541;1.57414;2.523879;594;2.443525
62;62009;59007;60008;-7.517519E-10;1;ОС-1:;состояние1_k-2.sig;1 дополнительное:;состояние2_k-30.sig;0.3853602;0;2.48881;101;0.02411827;3;1.574013;2.485592;91;2.464692
62;62009;59007;60008;-7.517519E-10;1;ОС-1:;состояние1_k-2.sig;1 дополнительное:;состояние2_k-31.sig;0.3853602;-0.0006365823;2.48881;101;0.08563448;223;1.572795;2.574157;352;2.403176
62;62009;59007;60008;-7.517519E-10;1;ОС-1:;состояние1_k-2.sig;1 дополнительное:;состояние2_k-32.sig;0.3853602;-0.00154791;2.48881;101;0.1324652;55;1.574891;2.6209;102;2.356345
62;62009;59007;60008;-7.517519E-10;1;ОС-1:;состояние1_k-2.sig;1 дополнительное:;состояние2_k-33.sig;0.3853602;-0.001602612;2.48881;101;0.1586554;685;1.575439;2.646767;352;2.330155
62;62009;59007;60008;-7.517519E-10;1;ОС-1:;состояние1_k-2.sig;1 дополнительное:;состояние2_k-34.sig;0.3853602;-0.0007530876;2.48881;101;0.1614706;278;1.567354;2.613033;88;2.327339
62;62009;59007;60008;-7.517519E-10;1;ОС-1:;состояние1_k-2.sig;1 дополнительное:;состояние2_k-35.sig;0.3853602;0;2.48881;101;0.1411098;37;1.574296;2.629563;351;2.3477
62;62009;59007;60008;-7.517519E-10;1;ОС-1:;состояние1_k-2.sig;1 дополнительное:;состояние2_k-36.sig;0.3853602;1.373123E-05;2.48881;101;0.1004425;226;1.573542;2.589252;101;2.388368
62;62009;59007;60008;-7.517519E-10;1;ОС-1:;состояние1_k-2.sig;1 дополнительное:;состояние2_k-37.sig;0.3853602;-0.0002571578;2.48881;101;0.04605995;620;1.572947;2.534667;350;2.44275
62;62009;59007;60008;-7.517519E-10;1;ОС-1:;состояние1_k-2.sig;1 дополнительное:;состояние2_k-38.sig;0.3853602;-0.0001113454;2.48881;101;0.03626858;460;1.572695;2.522457;104;2.452542
62;62009;59007;60008;-7.517519E-10;1;ОС-1:;состояние1_k-2.sig;1 дополнительное:;состояние2_k-39.sig;0.3853602;0.0002667434;2.48881;101;0.1031797;340;1.574281;2.588099;97;2.38563
62;62009;59007;60008;-7.517519E-10;1;ОС-1:;состояние1_k-2.sig;1 дополнительное:;состояние2_k-40.sig;0.3853602;-1.22562E-08;2.48881;101;0.1710972;2;1.574984;2.659622;352;2.317713
62;62009;59007;60008;-7.517519E-10;1;ОС-1:;состояние1_k-3.sig;1 дополнительное:;состояние2_k-21.sig;0.277691;0.008310513;3.626632;684;0.7867016;778;2.357065;4.119806;38;2.83993
62;62009;59007;60008;-7.517519E-10;1;ОС-1:;состояние1_k-3.sig;1 дополнительное:;состояние2_k-22.sig;0.277691;0.005548066;3.626632;684;0.4416175;235;2.289259;4.065562;349;3.185014
62;62009;59007;60008;-7.517519E-10;1;ОС-1:;состояние1_k-3.sig;1 дополнительное:;состояние2_k-23.sig;0.277691;0.0005725689;3.626632;684;0.1985058;129;2.289914;3.820755;20;3.428126
62;62009;59007;60008;-7.517519E-10;1;ОС-1:;состояние1_k-3.sig;1 дополнительное:;состояние2_k-24.sig;0.277691;-0.0009520726;3.626632;684;0.1033229;110;2.289038;3.694455;190;3.523309
62;62009;59007;60008;-7.517519E-10;1;ОС-1:;состояние1_k-3.sig;1 дополнительное:;состояние2_k-25.sig;0.277691;0;3.626632;684;0.1454718;15;2.286285;3.76491;354;3.48116
62;62009;59007;60008;-7.517519E-10;1;ОС-1:;состояние1_k-3.sig;1 дополнительное:;состояние2_k-26.sig;0.277691;0.000411578;3.626632;684;0.1708177;430;2.284538;3.788986;681;3.455814
62;62009;59007;60008;-7.517519E-10;1;ОС-1:;состояние1_k-3.sig;1 дополнительное:;состояние2_k-27.sig;0.277691;-0.0002964972;3.626632;684;0.1553143;445;2.297292;3.780628;352;3.471318
62;62009;59007;60008;-7.517519E-10;1;ОС-1:;состояние1_k-3.sig;1 дополнительное:;состояние2_k-28.sig;0.277691;-0.0007201042;3.626632;684;0.1089704;102;2.286463;3.725031;14;3.517661
62;62009;59007;60008;-7.517519E-10;1;ОС-1:;состояние1_k-3.sig;1 дополнительное:;состояние2_k-29.sig;0.277691;-0.0002908651;3.626632;684;0.04528546;541;2.286878;3.671799;351;3.581346
62;62009;59007;60008;-7.517519E-10;1;ОС-1:;состояние1_k-3.sig;1 дополнительное:;состояние2_k-30.sig;0.277691;0;3.626632;684;0.02411827;3;2.286844;3.649433;685;3.602514
62;62009;59007;60008;-7.517519E-10;1;ОС-1:;состояние1_k-3.sig;1 дополнительное:;состояние2_k-31.sig;0.277691;-0.0006365823;3.626632;684;0.08563448;223;2.286681;3.703943;15;3.540997
62;62009;59007;60008;-7.517519E-10;1;ОС-1:;состояние1_k-3.sig;1 дополнительное:;состояние2_k-32.sig;0.277691;-0.00154791;3.626632;684;0.1324652;55;2.286568;3.758045;352;3.494167
62;62009;59007;60008;-7.517519E-10;1;ОС-1:;состояние1_k-3.sig;1 дополнительное:;состояние2_k-33.sig;0.277691;-0.001602612;3.626632;684;0.1586554;685;2.296034;3.675535;172;3.467976
62;62009;59007;60008;-7.517519E-10;1;ОС-1:;состояние1_k-3.sig;1 дополнительное:;состояние2_k-34.sig;0.277691;-0.0007530876;3.626632;684;0.1614706;278;2.285376;3.787125;351;3.465161
62;62009;59007;60008;-7.517519E-10;1;ОС-1:;состояние1_k-3.sig;1 дополнительное:;состояние2_k-35.sig;0.277691;0;3.626632;684;0.1411098;37;2.285096;3.75741;181;3.485522
62;62009;59007;60008;-7.517519E-10;1;ОС-1:;состояние1_k-3.sig;1 дополнительное:;состояние2_k-36.sig;0.277691;1.373123E-05;3.626632;684;0.1004425;226;2.286808;3.727048;351;3.526189
62;62009;59007;60008;-7.517519E-10;1;ОС-1:;состояние1_k-3.sig;1 дополнительное:;состояние2_k-37.sig;0.277691;-0.0002571578;3.626632;684;0.04605995;620;2.287192;3.667381;186;3.580572
62;62009;59007;60008;-7.517519E-10;1;ОС-1:;состояние1_k-3.sig;1 дополнительное:;состояние2_k-38.sig;0.277691;-0.0001113454;3.626632;684;0.03626858;460;2.286784;3.662811;684;3.590363
62;62009;59007;60008;-7.517519E-10;1;ОС-1:;состояние1_k-3.sig;1 дополнительное:;состояние2_k-39.sig;0.277691;0.0002667434;3.626632;684;0.1031797;340;2.290869;3.727535;19;3.523452
62;62009;59007;60008;-7.517519E-10;1;ОС-1:;состояние1_k-3.sig;1 дополнительное:;состояние2_k-40.sig;0.277691;-1.22562E-08;3.626632;684;0.1710972;2;2.285583;3.794918;15;3.455534
62;62009;59007;60008;-7.517519E-10;1;ОС-1:;состояние1_k-4.sig;1 дополнительное:;состояние2_k-21.sig;0.09205797;0.008310513;4.64222;226;0.7867016;778;2.912097;5.425856;350;3.855519
62;62009;59007;60008;-7.517519E-10;1;ОС-1:;состояние1_k-4.sig;1 дополнительное:;состояние2_k-22.sig;0.09205797;0.005548066;4.64222;226;0.4416175;235;2.889733;5.078666;99;4.200603
62;62009;59007;60008;-7.517519E-10;1;ОС-1:;состояние1_k-4.sig;1 дополнительное:;состояние2_k-23.sig;0.09205797;0.0005725689;4.64222;226;0.1985058;129;2.882456;4.824103;348;4.443715
62;62009;59007;60008;-7.517519E-10;1;ОС-1:;состояние1_k-4.sig;1 дополнительное:;состояние2_k-24.sig;0.09205797;-0.0009520726;4.64222;226;0.1033229;110;2.8798;4.690856;105;4.538898
62;62009;59007;60008;-7.517519E-10;1;ОС-1:;состояние1_k-4.sig;1 дополнительное:;состояние2_k-25.sig;0.09205797;0;4.64222;226;0.1454718;15;2.879596;4.786907;475;4.496749
62;62009;59007;60008;-7.517519E-10;1;ОС-1:;состояние1_k-4.sig;1 дополнительное:;состояние2_k-26.sig;0.09205797;0.000411578;4.64222;226;0.1708177;430;2.880942;4.808234;352;4.471403
62;62009;59007;60008;-7.517519E-10;1;ОС-1:;состояние1_k-4.sig;1 дополнительное:;состояние2_k-27.sig;0.09205797;-0.0002964972;4.64222;226;0.1553143;445;2.882997;4.789662;724;4.486906
62;62009;59007;60008;-7.517519E-10;1;ОС-1:;состояние1_k-4.sig;1 дополнительное:;состояние2_k-28.sig;0.09205797;-0.0007201042;4.64222;226;0.1089704;102;2.870741;4.749652;101;4.53325
62;62009;59007;60008;-7.517519E-10;1;ОС-1:;состояние1_k-4.sig;1 дополнительное:;состояние2_k-29.sig;0.09205797;-0.0002908651;4.64222;226;0.04528546;541;2.881968;4.675655;727;4.596935
62;62009;59007;60008;-7.517519E-10;1;ОС-1:;состояние1_k-4.sig;1 дополнительное:;состояние2_k-30.sig;0.09205797;0;4.64222;226;0.02411827;3;2.88053;4.66457;101;4.618102
62;62009;59007;60008;-7.517519E-10;1;ОС-1:;состояние1_k-4.sig;1 дополнительное:;состояние2_k-31.sig;0.09205797;-0.0006365823;4.64222;226;0.08563448;223;2.88044;4.726109;351;4.556586
62;62009;59007;60008;-7.517519E-10;1;ОС-1:;состояние1_k-4.sig;1 дополнительное:;состояние2_k-32.sig;0.09205797;-0.00154791;4.64222;226;0.1324652;55;2.882035;4.772974;226;4.509755
62;62009;59007;60008;-7.517519E-10;1;ОС-1:;состояние1_k-4.sig;1 дополнительное:;состояние2_k-33.sig;0.09205797;-0.001602612;4.64222;226;0.1586554;685;2.881933;4.799432;351;4.483565
62;62009;59007;60008;-7.517519E-10;1;ОС-1:;состояние1_k-4.sig;1 дополнительное:;состояние2_k-34.sig;0.09205797;-0.0007530876;4.64222;226;0.1614706;278;2.881919;4.80274;101;4.48075
62;62009;59007;60008;-7.517519E-10;1;ОС-1:;состояние1_k-4.sig;1 дополнительное:;состояние2_k-35.sig;0.09205797;0;4.64222;226;0.1411098;37;2.88169;4.782974;351;4.501111
62;62009;59007;60008;-7.517519E-10;1;ОС-1:;состояние1_k-4.sig;1 дополнительное:;состояние2_k-36.sig;0.09205797;1.373123E-05;4.64222;226;0.1004425;226;2.872336;4.57747;93;4.541778
62;62009;59007;60008;-7.517519E-10;1;ОС-1:;состояние1_k-4.sig;1 дополнительное:;состояние2_k-37.sig;0.09205797;-0.0002571578;4.64222;226;0.04605995;620;2.881331;4.687401;350;4.59616
62;62009;59007;60008;-7.517519E-10;1;ОС-1:;состояние1_k-4.sig;1 дополнительное:;состояние2_k-38.sig;0.09205797;-0.0001113454;4.64222;226;0.03626858;460;2.880554;4.674325;475;4.605952
62;62009;59007;60008;-7.517519E-10;1;ОС-1:;состояние1_k-4.sig;1 дополнительное:;состояние2_k-39.sig;0.09205797;0.0002667434;4.64222;226;0.1031797;340;2.879822;4.744142;225;4.539041
62;62009;59007;60008;-7.517519E-10;1;ОС-1:;состояние1_k-4.sig;1 дополнительное:;состояние2_k-40.sig;0.09205797;-1.22562E-08;4.64222;226;0.1710972;2;2.880988;4.811171;102;4.471123
62;62009;59007;60008;-7.517519E-10;1;ОС-1:;состояние1_k-5.sig;1 дополнительное:;состояние2_k-21.sig;0;0.008310513;5.504157;151;0.7867016;778;3.518266;6.267809;253;4.717455
62;62009;59007;60008;-7.517519E-10;1;ОС-1:;состояние1_k-5.sig;1 дополнительное:;состояние2_k-22.sig;0;0.005548066;5.504157;151;0.4416175;235;3.512575;5.93684;349;5.06254
62;62009;59007;60008;-7.517519E-10;1;ОС-1:;состояние1_k-5.sig;1 дополнительное:;состояние2_k-23.sig;0;0.0005725689;5.504157;151;0.1985058;129;3.509239;5.702499;151;5.305651
62;62009;59007;60008;-7.517519E-10;1;ОС-1:;состояние1_k-5.sig;1 дополнительное:;состояние2_k-24.sig;0;-0.0009520726;5.504157;151;0.1033229;110;3.504798;5.606881;651;5.400834
62;62009;59007;60008;-7.517519E-10;1;ОС-1:;состояние1_k-5.sig;1 дополнительное:;состояние2_k-25.sig;0;0;5.504157;151;0.1454718;15;3.519716;5.633527;52;5.358685
62;62009;59007;60008;-7.517519E-10;1;ОС-1:;состояние1_k-5.sig;1 дополнительное:;состояние2_k-26.sig;0;0.000411578;5.504157;151;0.1708177;430;3.500111;5.639136;48;5.333339
62;62009;59007;60008;-7.517519E-10;1;ОС-1:;состояние1_k-5.sig;1 дополнительное:;состояние2_k-27.sig;0;-0.0002964972;5.504157;151;0.1553143;445;3.501723;5.655116;351;5.348843
62;62009;59007;60008;-7.517519E-10;1;ОС-1:;состояние1_k-5.sig;1 дополнительное:;состояние2_k-28.sig;0;-0.0007201042;5.504157;151;0.1089704;102;3.503413;5.60735;550;5.395187
62;62009;59007;60008;-7.517519E-10;1;ОС-1:;состояние1_k-5.sig;1 дополнительное:;состояние2_k-29.sig;0;-0.0002908651;5.504157;151;0.04528546;541;3.504098;5.549351;351;5.458872
62;62009;59007;60008;-7.517519E-10;1;ОС-1:;состояние1_k-5.sig;1 дополнительное:;состояние2_k-30.sig;0;0;5.504157;151;0.02411827;3;3.504181;5.526506;151;5.480039
62;62009;59007;60008;-7.517519E-10;1;ОС-1:;состояние1_k-5.sig;1 дополнительное:;состояние2_k-31.sig;0;-0.0006365823;5.504157;151;0.08563448;223;3.504277;5.586096;450;5.418522
62;62009;59007;60008;-7.517519E-10;1;ОС-1:;состояние1_k-5.sig;1 дополнительное:;состояние2_k-32.sig;0;-0.00154791;5.504157;151;0.1324652;55;3.504257;5.634911;351;5.371692
62;62009;59007;60008;-7.517519E-10;1;ОС-1:;состояние1_k-5.sig;1 дополнительное:;состояние2_k-33.sig;0;-0.001602612;5.504157;151;0.1586554;685;3.503585;5.654957;50;5.345502
62;62009;59007;60008;-7.517519E-10;1;ОС-1:;состояние1_k-5.sig;1 дополнительное:;состояние2_k-34.sig;0;-0.0007530876;5.504157;151;0.1614706;278;3.502267;5.664676;351;5.342687
62;62009;59007;60008;-7.517519E-10;1;ОС-1:;состояние1_k-5.sig;1 дополнительное:;состояние2_k-35.sig;0;0;5.504157;151;0.1411098;37;3.516829;5.389198;45;5.363047
62;62009;59007;60008;-7.517519E-10;1;ОС-1:;состояние1_k-5.sig;1 дополнительное:;состояние2_k-36.sig;0;1.373123E-05;5.504157;151;0.1004425;226;3.502411;5.604599;351;5.403715
62;62009;59007;60008;-7.517519E-10;1;ОС-1:;состояние1_k-5.sig;1 дополнительное:;состояние2_k-37.sig;0;-0.0002571578;5.504157;151;0.04605995;620;3.503671;5.547703;51;5.458097
62;62009;59007;60008;-7.517519E-10;1;ОС-1:;состояние1_k-5.sig;1 дополнительное:;состояние2_k-38.sig;0;-0.0001113454;5.504157;151;0.03626858;460;3.504528;5.539125;551;5.467888
62;62009;59007;60008;-7.517519E-10;1;ОС-1:;состояние1_k-5.sig;1 дополнительное:;состояние2_k-39.sig;0;0.0002667434;5.504157;151;0.1031797;340;3.504795;5.601276;352;5.400977
62;62009;59007;60008;-7.517519E-10;1;ОС-1:;состояние1_k-5.sig;1 дополнительное:;состояние2_k-40.sig;0;-1.22562E-08;5.504157;151;0.1710972;2;3.505471;5.671239;52;5.33306
62;62009;59007;60008;-7.517519E-10;1;ОС-1:;состояние1_k-6.sig;1 дополнительное:;состояние2_k-21.sig;0.0636359;0.008310513;6.188381;434;0.7867016;778;4.02561;6.970346;350;5.40168
62;62009;59007;60008;-7.517519E-10;1;ОС-1:;состояние1_k-6.sig;1 дополнительное:;состояние2_k-22.sig;0.0636359;0.005548066;6.188381;434;0.4416175;235;4.019776;6.566429;187;5.746764
62;62009;59007;60008;-7.517519E-10;1;ОС-1:;состояние1_k-6.sig;1 дополнительное:;состояние2_k-23.sig;0.0636359;0.0005725689;6.188381;434;0.1985058;129;4.012534;6.374723;518;5.989875
62;62009;59007;60008;-7.517519E-10;1;ОС-1:;состояние1_k-6.sig;1 дополнительное:;состояние2_k-24.sig;0.0636359;-0.0009520726;6.188381;434;0.1033229;110;4.011572;6.218349;19;6.085058
62;62009;59007;60008;-7.517519E-10;1;ОС-1:;состояние1_k-6.sig;1 дополнительное:;состояние2_k-25.sig;0.0636359;0;6.188381;434;0.1454718;15;4.01525;6.333361;434;6.04291
62;62009;59007;60008;-7.517519E-10;1;ОС-1:;состояние1_k-6.sig;1 дополнительное:;состояние2_k-26.sig;0.0636359;0.000411578;6.188381;434;0.1708177;430;4.016492;6.349728;102;6.017563
62;62009;59007;60008;-7.517519E-10;1;ОС-1:;состояние1_k-6.sig;1 дополнительное:;состояние2_k-27.sig;0.0636359;-0.0002964972;6.188381;434;0.1553143;445;4.013988;6.339709;518;6.033067
62;62009;59007;60008;-7.517519E-10;1;ОС-1:;состояние1_k-6.sig;1 дополнительное:;состояние2_k-28.sig;0.0636359;-0.0007201042;6.188381;434;0.1089704;102;4.011236;6.295574;351;6.079411
62;62009;59007;60008;-7.517519E-10;1;ОС-1:;состояние1_k-6.sig;1 дополнительное:;состояние2_k-29.sig;0.0636359;-0.0002908651;6.188381;434;0.04528546;541;4.01191;6.230361;767;6.143096
62;62009;59007;60008;-7.517519E-10;1;ОС-1:;состояние1_k-6.sig;1 дополнительное:;состояние2_k-30.sig;0.0636359;0;6.188381;434;0.02411827;3;4.011274;6.166646;184;6.164263
62;62009;59007;60008;-7.517519E-10;1;ОС-1:;состояние1_k-6.sig;1 дополнительное:;состояние2_k-31.sig;0.0636359;-0.0006365823;6.188381;434;0.08563448;223;4.017112;6.272031;351;6.102746
62;62009;59007;60008;-7.517519E-10;1;ОС-1:;состояние1_k-6.sig;1 дополнительное:;состояние2_k-32.sig;0.0636359;-0.00154791;6.188381;434;0.1324652;55;4.017285;6.318896;101;6.055916
62;62009;59007;60008;-7.517519E-10;1;ОС-1:;состояние1_k-6.sig;1 дополнительное:;состояние2_k-33.sig;0.0636359;-0.001602612;6.188381;434;0.1586554;685;4.016137;6.345354;351;6.029726
62;62009;59007;60008;-7.517519E-10;1;ОС-1:;состояние1_k-6.sig;1 дополнительное:;состояние2_k-34.sig;0.0636359;-0.0007530876;6.188381;434;0.1614706;278;4.015393;6.314415;16;6.026911
62;62009;59007;60008;-7.517519E-10;1;ОС-1:;состояние1_k-6.sig;1 дополнительное:;состояние2_k-35.sig;0.0636359;0;6.188381;434;0.1411098;37;4.015085;6.328896;351;6.047271
62;62009;59007;60008;-7.517519E-10;1;ОС-1:;состояние1_k-6.sig;1 дополнительное:;состояние2_k-36.sig;0.0636359;1.373123E-05;6.188381;434;0.1004425;226;4.014994;6.288585;101;6.087939
62;62009;59007;60008;-7.517519E-10;1;ОС-1:;состояние1_k-6.sig;1 дополнительное:;состояние2_k-37.sig;0.0636359;-0.0002571578;6.188381;434;0.04605995;620;4.014036;6.232472;768;6.142321
62;62009;59007;60008;-7.517519E-10;1;ОС-1:;состояние1_k-6.sig;1 дополнительное:;состояние2_k-38.sig;0.0636359;-0.0001113454;6.188381;434;0.03626858;460;4.013759;6.210775;101;6.152112
62;62009;59007;60008;-7.517519E-10;1;ОС-1:;состояние1_k-6.sig;1 дополнительное:;состояние2_k-39.sig;0.0636359;0.0002667434;6.188381;434;0.1031797;340;4.015055;6.283863;185;6.085201
62;62009;59007;60008;-7.517519E-10;1;ОС-1:;состояние1_k-6.sig;1 дополнительное:;состояние2_k-40.sig;0.0636359;-1.22562E-08;6.188381;434;0.1710972;2;4.017418;6.352664;352;6.017284
62;62009;59007;60008;-7.517519E-10;1;ОС-1:;состояние1_k-7.sig;1 дополнительное:;состояние2_k-21.sig;0.1959725;0.008310513;6.678564;65;0.7867016;778;4.440263;6.006923;144;5.891862
62;62009;59007;60008;-7.517519E-10;1;ОС-1:;состояние1_k-7.sig;1 дополнительное:;состояние2_k-22.sig;0.1959725;0.005548066;6.678564;65;0.4416175;235;4.261552;7.116404;280;6.236946
62;62009;59007;60008;-7.517519E-10;1;ОС-1:;состояние1_k-7.sig;1 дополнительное:;состояние2_k-23.sig;0.1959725;0.0005725689;6.678564;65;0.1985058;129;4.270272;6.873901;65;6.480058
62;62009;59007;60008;-7.517519E-10;1;ОС-1:;состояние1_k-7.sig;1 дополнительное:;состояние2_k-24.sig;0.1959725;-0.0009520726;6.678564;65;0.1033229;110;4.27607;6.775193;279;6.575241
62;62009;59007;60008;-7.517519E-10;1;ОС-1:;состояние1_k-7.sig;1 дополнительное:;состояние2_k-25.sig;0.1959725;0;6.678564;65;0.1454718;15;4.277711;6.819608;136;6.533092
62;62009;59007;60008;-7.517519E-10;1;ОС-1:;состояние1_k-7.sig;1 дополнительное:;состояние2_k-26.sig;0.1959725;0.000411578;6.678564;65;0.1708177;430;4.276508;6.849052;65;6.507746
62;62009;59007;60008;-7.517519E-10;1;ОС-1:;состояние1_k-7.sig;1 дополнительное:;состояние2_k-27.sig;0.1959725;-0.0002964972;6.678564;65;0.1553143;445;4.27458;6.829095;351;6.523249
62;62009;59007;60008;-7.517519E-10;1;ОС-1:;состояние1_k-7.sig;1 дополнительное:;состояние2_k-28.sig;0.1959725;-0.0007201042;6.678564;65;0.1089704;102;4.274062;6.785419;708;6.569593
62;62009;59007;60008;-7.517519E-10;1;ОС-1:;состояние1_k-7.sig;1 дополнительное:;состояние2_k-29.sig;0.1959725;-0.0002908651;6.678564;65;0.04528546;541;4.274178;6.72333;351;6.633278
62;62009;59007;60008;-7.517519E-10;1;ОС-1:;состояние1_k-7.sig;1 дополнительное:;состояние2_k-30.sig;0.1959725;0;6.678564;65;0.02411827;3;4.274576;6.701284;136;6.654445
62;62009;59007;60008;-7.517519E-10;1;ОС-1:;состояние1_k-7.sig;1 дополнительное:;состояние2_k-31.sig;0.1959725;-0.0006365823;6.678564;65;0.08563448;223;4.274917;6.762075;208;6.592929
62;62009;59007;60008;-7.517519E-10;1;ОС-1:;состояние1_k-7.sig;1 дополнительное:;состояние2_k-32.sig;0.1959725;-0.00154791;6.678564;65;0.1324652;55;4.276085;6.80889;351;6.546098
62;62009;59007;60008;-7.517519E-10;1;ОС-1:;состояние1_k-7.sig;1 дополнительное:;состояние2_k-33.sig;0.1959725;-0.001602612;6.678564;65;0.1586554;685;4.278498;6.83211;65;6.519908
62;62009;59007;60008;-7.517519E-10;1;ОС-1:;состояние1_k-7.sig;1 дополнительное:;состояние2_k-34.sig;0.1959725;-0.0007530876;6.678564;65;0.1614706;278;4.281048;6.838655;351;6.517093
62;62009;59007;60008;-7.517519E-10;1;ОС-1:;состояние1_k-7.sig;1 дополнительное:;состояние2_k-35.sig;0.1959725;0;6.678564;65;0.1411098;37;4.258341;6.539886;493;6.537454
62;62009;59007;60008;-7.517519E-10;1;ОС-1:;состояние1_k-7.sig;1 дополнительное:;состояние2_k-36.sig;0.1959725;1.373123E-05;6.678564;65;0.1004425;226;4.278583;6.778579;351;6.578121
62;62009;59007;60008;-7.517519E-10;1;ОС-1:;состояние1_k-7.sig;1 дополнительное:;состояние2_k-37.sig;0.1959725;-0.0002571578;6.678564;65;0.04605995;620;4.275327;6.723525;65;6.632504
62;62009;59007;60008;-7.517519E-10;1;ОС-1:;состояние1_k-7.sig;1 дополнительное:;состояние2_k-38.sig;0.1959725;-0.0001113454;6.678564;65;0.03626858;460;4.273942;6.71475;565;6.642295
62;62009;59007;60008;-7.517519E-10;1;ОС-1:;состояние1_k-7.sig;1 дополнительное:;состояние2_k-39.sig;0.1959725;0.0002667434;6.678564;65;0.1031797;340;4.274876;6.776443;136;6.575384
62;62009;59007;60008;-7.517519E-10;1;ОС-1:;состояние1_k-7.sig;1 дополнительное:;состояние2_k-40.sig;0.1959725;-1.22562E-08;6.678564;65;0.1710972;2;4.276402;6.850677;65;6.507466
62;62009;59007;60008;-7.517519E-10;1;ОС-1:;состояние1_k-8.sig;1 дополнительное:;состояние2_k-21.sig;0.2541979;0.008310513;6.967049;38;0.7867016;778;4.431104;7.747261;350;6.180347
62;62009;59007;60008;-7.517519E-10;1;ОС-1:;состояние1_k-8.sig;1 дополнительное:;состояние2_k-22.sig;0.2541979;0.005548066;6.967049;38;0.4416175;235;4.42434;7.396215;100;6.525432
62;62009;59007;60008;-7.517519E-10;1;ОС-1:;состояние1_k-8.sig;1 дополнительное:;состояние2_k-23.sig;0.2541979;0.0005725689;6.967049;38;0.1985058;129;4.427877;7.164021;476;6.768543
62;62009;59007;60008;-7.517519E-10;1;ОС-1:;состояние1_k-8.sig;1 дополнительное:;состояние2_k-24.sig;0.2541979;-0.0009520726;6.967049;38;0.1033229;110;4.433261;6.990981;39;6.863726
62;62009;59007;60008;-7.517519E-10;1;ОС-1:;состояние1_k-8.sig;1 дополнительное:;состояние2_k-25.sig;0.2541979;0;6.967049;38;0.1454718;15;4.44501;7.092896;38;6.821578
62;62009;59007;60008;-7.517519E-10;1;ОС-1:;состояние1_k-8.sig;1 дополнительное:;состояние2_k-26.sig;0.2541979;0.000411578;6.967049;38;0.1708177;430;4.445724;7.127898;351;6.796231
62;62009;59007;60008;-7.517519E-10;1;ОС-1:;состояние1_k-8.sig;1 дополнительное:;состояние2_k-27.sig;0.2541979;-0.0002964972;6.967049;38;0.1553143;445;4.441999;7.121978;538;6.811735
62;62009;59007;60008;-7.517519E-10;1;ОС-1:;состояние1_k-8.sig;1 дополнительное:;состояние2_k-28.sig;0.2541979;-0.0007201042;6.967049;38;0.1089704;102;4.437897;7.074289;101;6.858079
62;62009;59007;60008;-7.517519E-10;1;ОС-1:;состояние1_k-8.sig;1 дополнительное:;состояние2_k-29.sig;0.2541979;-0.0002908651;6.967049;38;0.04528546;541;4.436535;7.01106;663;6.921764
62;62009;59007;60008;-7.517519E-10;1;ОС-1:;состояние1_k-8.sig;1 дополнительное:;состояние2_k-30.sig;0.2541979;0;6.967049;38;0.02411827;3;4.436928;6.99005;288;6.942931
62;62009;59007;60008;-7.517519E-10;1;ОС-1:;состояние1_k-8.sig;1 дополнительное:;состояние2_k-31.sig;0.2541979;-0.0006365823;6.967049;38;0.08563448;223;4.437509;7.052313;788;6.881414
62;62009;59007;60008;-7.517519E-10;1;ОС-1:;состояние1_k-8.sig;1 дополнительное:;состояние2_k-32.sig;0.2541979;-0.00154791;6.967049;38;0.1324652;55;4.437941;7.095004;38;6.834584
62;62009;59007;60008;-7.517519E-10;1;ОС-1:;состояние1_k-8.sig;1 дополнительное:;состояние2_k-33.sig;0.2541979;-0.001602612;6.967049;38;0.1586554;685;4.437526;7.124069;351;6.808394
62;62009;59007;60008;-7.517519E-10;1;ОС-1:;состояние1_k-8.sig;1 дополнительное:;состояние2_k-34.sig;0.2541979;-0.0007530876;6.967049;38;0.1614706;278;4.438201;7.127377;101;6.805579
62;62009;59007;60008;-7.517519E-10;1;ОС-1:;состояние1_k-8.sig;1 дополнительное:;состояние2_k-35.sig;0.2541979;0;6.967049;38;0.1411098;37;4.438886;7.107611;351;6.825939
62;62009;59007;60008;-7.517519E-10;1;ОС-1:;состояние1_k-8.sig;1 дополнительное:;состояние2_k-36.sig;0.2541979;1.373123E-05;6.967049;38;0.1004425;226;4.438774;7.0673;226;6.866607
62;62009;59007;60008;-7.517519E-10;1;ОС-1:;состояние1_k-8.sig;1 дополнительное:;состояние2_k-37.sig;0.2541979;-0.0002571578;6.967049;38;0.04605995;620;4.43771;7.012073;38;6.920989
62;62009;59007;60008;-7.517519E-10;1;ОС-1:;состояние1_k-8.sig;1 дополнительное:;состояние2_k-38.sig;0.2541979;-0.0001113454;6.967049;38;0.03626858;460;4.436583;7.002356;288;6.93078
62;62009;59007;60008;-7.517519E-10;1;ОС-1:;состояние1_k-8.sig;1 дополнительное:;состояние2_k-39.sig;0.2541979;0.0002667434;6.967049;38;0.1031797;340;4.435541;7.068665;788;6.863869
62;62009;59007;60008;-7.517519E-10;1;ОС-1:;состояние1_k-8.sig;1 дополнительное:;состояние2_k-40.sig;0.2541979;-1.22562E-08;6.967049;38;0.1710972;2;4.458454;7.129651;39;6.795952
62;62009;59007;60008;-7.517519E-10;1;ОС-1:;состояние1_k-9.sig;1 дополнительное:;состояние2_k-21.sig;0.1701325;0.008310513;7.056784;684;0.7867016;778;4.535825;7.658233;131;6.270082
62;62009;59007;60008;-7.517519E-10;1;ОС-1:;состояние1_k-9.sig;1 дополнительное:;состояние2_k-22.sig;0.1701325;0.005548066;7.056784;684;0.4416175;235;4.536833;7.484457;350;6.615166
62;62009;59007;60008;-7.517519E-10;1;ОС-1:;состояние1_k-9.sig;1 дополнительное:;состояние2_k-23.sig;0.1701325;0.0005725689;7.056784;684;0.1985058;129;4.537159;7.247605;239;6.858278
62;62009;59007;60008;-7.517519E-10;1;ОС-1:;состояние1_k-9.sig;1 дополнительное:;состояние2_k-24.sig;0.1701325;-0.0009520726;7.056784;684;0.1033229;110;4.536784;7.154068;462;6.953461
62;62009;59007;60008;-7.517519E-10;1;ОС-1:;состояние1_k-9.sig;1 дополнительное:;состояние2_k-25.sig;0.1701325;0;7.056784;684;0.1454718;15;4.53999;7.202003;295;6.911312
62;62009;59007;60008;-7.517519E-10;1;ОС-1:;состояние1_k-9.sig;1 дополнительное:;состояние2_k-26.sig;0.1701325;0.000411578;7.056784;684;0.1708177;430;4.545197;7.227005;795;6.885966
62;62009;59007;60008;-7.517519E-10;1;ОС-1:;состояние1_k-9.sig;1 дополнительное:;состояние2_k-27.sig;0.1701325;-0.0002964972;7.056784;684;0.1553143;445;4.507482;7.206835;351;6.901469
62;62009;59007;60008;-7.517519E-10;1;ОС-1:;состояние1_k-9.sig;1 дополнительное:;состояние2_k-28.sig;0.1701325;-0.0007201042;7.056784;684;0.1089704;102;4.54443;7.148303;796;6.947814
62;62009;59007;60008;-7.517519E-10;1;ОС-1:;состояние1_k-9.sig;1 дополнительное:;состояние2_k-29.sig;0.1701325;-0.0002908651;7.056784;684;0.04528546;541;4.539794;7.101069;351;7.011498
62;62009;59007;60008;-7.517519E-10;1;ОС-1:;состояние1_k-9.sig;1 дополнительное:;состояние2_k-30.sig;0.1701325;0;7.056784;684;0.02411827;3;4.537476;7.078519;684;7.032665
62;62009;59007;60008;-7.517519E-10;1;ОС-1:;состояние1_k-9.sig;1 дополнительное:;состояние2_k-31.sig;0.1701325;-0.0006365823;7.056784;684;0.08563448;223;4.538526;7.139436;240;6.971149
62;62009;59007;60008;-7.517519E-10;1;ОС-1:;состояние1_k-9.sig;1 дополнительное:;состояние2_k-32.sig;0.1701325;-0.00154791;7.056784;684;0.1324652;55;4.539918;7.186629;351;6.924318
62;62009;59007;60008;-7.517519E-10;1;ОС-1:;состояние1_k-9.sig;1 дополнительное:;состояние2_k-33.sig;0.1701325;-0.001602612;7.056784;684;0.1586554;685;4.539417;7.17235;461;6.898129
62;62009;59007;60008;-7.517519E-10;1;ОС-1:;состояние1_k-9.sig;1 дополнительное:;состояние2_k-34.sig;0.1701325;-0.0007530876;7.056784;684;0.1614706;278;4.537883;7.216395;351;6.895313
62;62009;59007;60008;-7.517519E-10;1;ОС-1:;состояние1_k-9.sig;1 дополнительное:;состояние2_k-35.sig;0.1701325;0;7.056784;684;0.1411098;37;4.537103;7.195375;295;6.915674
62;62009;59007;60008;-7.517519E-10;1;ОС-1:;состояние1_k-9.sig;1 дополнительное:;состояние2_k-36.sig;0.1701325;1.373123E-05;7.056784;684;0.1004425;226;4.538219;7.157098;573;6.956341
62;62009;59007;60008;-7.517519E-10;1;ОС-1:;состояние1_k-9.sig;1 дополнительное:;состояние2_k-37.sig;0.1701325;-0.0002571578;7.056784;684;0.04605995;620;4.538338;7.102031;295;7.010724
62;62009;59007;60008;-7.517519E-10;1;ОС-1:;состояние1_k-9.sig;1 дополнительное:;состояние2_k-38.sig;0.1701325;-0.0001113454;7.056784;684;0.03626858;460;4.537654;7.092963;684;7.020515
62;62009;59007;60008;-7.517519E-10;1;ОС-1:;состояние1_k-9.sig;1 дополнительное:;состояние2_k-39.sig;0.1701325;0.0002667434;7.056784;684;0.1031797;340;4.536948;7.149028;351;6.953604
62;62009;59007;60008;-7.517519E-10;1;ОС-1:;состояние1_k-9.sig;1 дополнительное:;состояние2_k-40.sig;0.1701325;-1.22562E-08;7.056784;684;0.1710972;2;4.537721;7.227126;240;6.885686
62;62009;59007;60008;-7.517519E-10;1;ОС-1:;состояние1_k-10.sig;1 дополнительное:;состояние2_k-21.sig;0;0.008310513;6.955163;1;0.7867016;778;4.425112;7.734272;350;6.168461
62;62009;59007;60008;-7.517519E-10;1;ОС-1:;состояние1_k-10.sig;1 дополнительное:;состояние2_k-22.sig;0;0.005548066;6.955163;1;0.4416175;235;4.423378;7.377514;51;6.513546
62;62009;59007;60008;-7.517519E-10;1;ОС-1:;состояние1_k-10.sig;1 дополнительное:;состояние2_k-23.sig;0;0.0005725689;6.955163;1;0.1985058;129;4.428883;7.153505;651;6.756657
62;62009;59007;60008;-7.517519E-10;1;ОС-1:;состояние1_k-10.sig;1 дополнительное:;состояние2_k-24.sig;0;-0.0009520726;6.955163;1;0.1033229;110;4.431193;7.057887;151;6.85184
62;62009;59007;60008;-7.517519E-10;1;ОС-1:;состояние1_k-10.sig;1 дополнительное:;состояние2_k-25.sig;0;0;6.955163;1;0.1454718;15;4.429101;7.077733;51;6.809691
62;62009;59007;60008;-7.517519E-10;1;ОС-1:;состояние1_k-10.sig;1 дополнительное:;состояние2_k-26.sig;0;0.000411578;6.955163;1;0.1708177;430;4.428692;7.116203;101;6.784345
62;62009;59007;60008;-7.517519E-10;1;ОС-1:;состояние1_k-10.sig;1 дополнительное:;состояние2_k-27.sig;0;-0.0002964972;6.955163;1;0.1553143;445;4.430878;7.11002;501;6.799849
62;62009;59007;60008;-7.517519E-10;1;ОС-1:;состояние1_k-10.sig;1 дополнительное:;состояние2_k-28.sig;0;-0.0007201042;6.955163;1;0.1089704;102;4.43276;7.062594;351;6.846193
62;62009;59007;60008;-7.517519E-10;1;ОС-1:;состояние1_k-10.sig;1 дополнительное:;состояние2_k-29.sig;0;-0.0002908651;6.955163;1;0.04528546;541;4.431393;6.993421;751;6.909878
62;62009;59007;60008;-7.517519E-10;1;ОС-1:;состояние1_k-10.sig;1 дополнительное:;состояние2_k-30.sig;0;0;6.955163;1;0.02411827;3;4.433564;6.932814;1;6.931045
62;62009;59007;60008;-7.517519E-10;1;ОС-1:;состояние1_k-10.sig;1 дополнительное:;состояние2_k-31.sig;0;-0.0006365823;6.955163;1;0.08563448;223;4.425517;7.040262;401;6.869528
62;62009;59007;60008;-7.517519E-10;1;ОС-1:;состояние1_k-10.sig;1 дополнительное:;состояние2_k-32.sig;0;-0.00154791;6.955163;1;0.1324652;55;4.425823;7.085917;101;6.822698
62;62009;59007;60008;-7.517519E-10;1;ОС-1:;состояние1_k-10.sig;1 дополнительное:;состояние2_k-33.sig;0;-0.001602612;6.955163;1;0.1586554;685;4.427704;7.112374;351;6.796508
62;62009;59007;60008;-7.517519E-10;1;ОС-1:;состояние1_k-10.sig;1 дополнительное:;состояние2_k-34.sig;0;-0.0007530876;6.955163;1;0.1614706;278;4.428946;7.103824;0;6.793693
62;62009;59007;60008;-7.517519E-10;1;ОС-1:;состояние1_k-10.sig;1 дополнительное:;состояние2_k-35.sig;0;0;6.955163;1;0.1411098;37;4.429017;7.095916;151;6.814053
62;62009;59007;60008;-7.517519E-10;1;ОС-1:;состояние1_k-10.sig;1 дополнительное:;состояние2_k-36.sig;0;1.373123E-05;6.955163;1;0.1004425;226;4.428838;7.055605;101;6.854721
62;62009;59007;60008;-7.517519E-10;1;ОС-1:;состояние1_k-10.sig;1 дополнительное:;состояние2_k-37.sig;0;-0.0002571578;6.955163;1;0.04605995;620;4.428891;7.001215;201;6.909103
62;62009;59007;60008;-7.517519E-10;1;ОС-1:;состояние1_k-10.sig;1 дополнительное:;состояние2_k-38.sig;0;-0.0001113454;6.955163;1;0.03626858;460;4.4291;6.989111;1;6.918894
62;62009;59007;60008;-7.517519E-10;1;ОС-1:;состояние1_k-10.sig;1 дополнительное:;состояние2_k-39.sig;0;0.0002667434;6.955163;1;0.1031797;340;4.429149;7.057467;301;6.851983
62;62009;59007;60008;-7.517519E-10;1;ОС-1:;состояние1_k-10.sig;1 дополнительное:;состояние2_k-40.sig;0;-1.22562E-08;6.955163;1;0.1710972;2;4.429557;7.116193;51;6.784066
62;62009;59007;60008;-7.517519E-10;1;ОС-1:;состояние1_k-11.sig;1 дополнительное:;состояние2_k-21.sig;-0.1382882;0.008310513;6.683945;78;0.7867016;778;4.225681;7.463028;396;5.897243
62;62009;59007;60008;-7.517519E-10;1;ОС-1:;состояние1_k-11.sig;1 дополнительное:;состояние2_k-22.sig;-0.1382882;0.005548066;6.683945;78;0.4416175;235;4.21686;7.111334;623;6.242328
62;62009;59007;60008;-7.517519E-10;1;ОС-1:;состояние1_k-11.sig;1 дополнительное:;состояние2_k-23.sig;-0.1382882;0.0005725689;6.683945;78;0.1985058;129;4.212593;6.873283;214;6.485439
62;62009;59007;60008;-7.517519E-10;1;ОС-1:;состояние1_k-11.sig;1 дополнительное:;состояние2_k-24.sig;-0.1382882;-0.0009520726;6.683945;78;0.1033229;110;4.215995;6.785764;714;6.580622
62;62009;59007;60008;-7.517519E-10;1;ОС-1:;состояние1_k-11.sig;1 дополнительное:;состояние2_k-25.sig;-0.1382882;0;6.683945;78;0.1454718;15;4.216664;6.827473;214;6.538474
62;62009;59007;60008;-7.517519E-10;1;ОС-1:;состояние1_k-11.sig;1 дополнительное:;состояние2_k-26.sig;-0.1382882;0.000411578;6.683945;78;0.1708177;430;4.215724;6.851209;123;6.513127
62;62009;59007;60008;-7.517519E-10;1;ОС-1:;состояние1_k-11.sig;1 дополнительное:;состояние2_k-27.sig;-0.1382882;-0.0002964972;6.683945;78;0.1553143;445;4.214939;6.83322;351;6.528631
62;62009;59007;60008;-7.517519E-10;1;ОС-1:;состояние1_k-11.sig;1 дополнительное:;состояние2_k-28.sig;-0.1382882;-0.0007201042;6.683945;78;0.1089704;102;4.214293;6.789183;442;6.574975
62;62009;59007;60008;-7.517519E-10;1;ОС-1:;состояние1_k-11.sig;1 дополнительное:;состояние2_k-29.sig;-0.1382882;-0.0002908651;6.683945;78;0.04528546;541;4.214153;6.727454;351;6.63866
62;62009;59007;60008;-7.517519E-10;1;ОС-1:;состояние1_k-11.sig;1 дополнительное:;состояние2_k-30.sig;-0.1382882;0;6.683945;78;0.02411827;3;4.213442;6.707551;669;6.659827
62;62009;59007;60008;-7.517519E-10;1;ОС-1:;состояние1_k-11.sig;1 дополнительное:;состояние2_k-31.sig;-0.1382882;-0.0006365823;6.683945;78;0.08563448;223;4.211924;6.76954;78;6.59831
62;62009;59007;60008;-7.517519E-10;1;ОС-1:;состояние1_k-11.sig;1 дополнительное:;состояние2_k-32.sig;-0.1382882;-0.00154791;6.683945;78;0.1324652;55;4.210095;6.815716;305;6.55148
62;62009;59007;60008;-7.517519E-10;1;ОС-1:;состояние1_k-11.sig;1 дополнительное:;состояние2_k-33.sig;-0.1382882;-0.001602612;6.683945;78;0.1586554;685;4.249009;6.529459;214;6.52529
62;62009;59007;60008;-7.517519E-10;1;ОС-1:;состояние1_k-11.sig;1 дополнительное:;состояние2_k-34.sig;-0.1382882;-0.0007530876;6.683945;78;0.1614706;278;4.207979;6.844705;396;6.522475
62;62009;59007;60008;-7.517519E-10;1;ОС-1:;состояние1_k-11.sig;1 дополнительное:;состояние2_k-35.sig;-0.1382882;0;6.683945;78;0.1411098;37;4.209378;6.822379;123;6.542835
62;62009;59007;60008;-7.517519E-10;1;ОС-1:;состояние1_k-11.sig;1 дополнительное:;состояние2_k-36.sig;-0.1382882;1.373123E-05;6.683945;78;0.1004425;226;4.212018;6.782703;351;6.583503
62;62009;59007;60008;-7.517519E-10;1;ОС-1:;состояние1_k-11.sig;1 дополнительное:;состояние2_k-37.sig;-0.1382882;-0.0002571578;6.683945;78;0.04605995;620;4.213726;6.728121;214;6.637885
62;62009;59007;60008;-7.517519E-10;1;ОС-1:;состояние1_k-11.sig;1 дополнительное:;состояние2_k-38.sig;-0.1382882;-0.0001113454;6.683945;78;0.03626858;460;4.213927;6.720014;78;6.647676
62;62009;59007;60008;-7.517519E-10;1;ОС-1:;состояние1_k-11.sig;1 дополнительное:;состояние2_k-39.sig;-0.1382882;0.0002667434;6.683945;78;0.1031797;340;4.213686;6.783082;32;6.580765
62;62009;59007;60008;-7.517519E-10;1;ОС-1:;состояние1_k-11.sig;1 дополнительное:;состояние2_k-40.sig;-0.1382882;-1.22562E-08;6.683945;78;0.1710972;2;4.214301;6.854359;578;6.512848
62;62009;59007;60008;-7.517519E-10;1;ОС-1:;состояние1_k-12.sig;1 дополнительное:;состояние2_k-21.sig;-0.1692279;0.008310513;6.263321;59;0.7867016;778;4.00318;7.042658;17;5.47662
62;62009;59007;60008;-7.517519E-10;1;ОС-1:;состояние1_k-12.sig;1 дополнительное:;состояние2_k-22.sig;-0.1692279;0.005548066;6.263321;59;0.4416175;235;3.984836;6.691789;393;5.821704
62;62009;59007;60008;-7.517519E-10;1;ОС-1:;состояние1_k-12.sig;1 дополнительное:;состояние2_k-23.sig;-0.1692279;0.0005725689;6.263321;59;0.1985058;129;3.979393;6.46089;434;6.064816
62;62009;59007;60008;-7.517519E-10;1;ОС-1:;состояние1_k-12.sig;1 дополнительное:;состояние2_k-24.sig;-0.1692279;-0.0009520726;6.263321;59;0.1033229;110;3.980237;6.282217;101;6.159998
62;62009;59007;60008;-7.517519E-10;1;ОС-1:;состояние1_k-12.sig;1 дополнительное:;состояние2_k-25.sig;-0.1692279;0;6.263321;59;0.1454718;15;3.981391;6.403443;476;6.11785
62;62009;59007;60008;-7.517519E-10;1;ОС-1:;состояние1_k-12.sig;1 дополнительное:;состояние2_k-26.sig;-0.1692279;0.000411578;6.263321;59;0.1708177;430;3.98131;6.431969;142;6.092504
62;62009;59007;60008;-7.517519E-10;1;ОС-1:;состояние1_k-12.sig;1 дополнительное:;состояние2_k-27.sig;-0.1692279;-0.0002964972;6.263321;59;0.1553143;445;3.981079;6.411974;184;6.108007
62;62009;59007;60008;-7.517519E-10;1;ОС-1:;состояние1_k-12.sig;1 дополнительное:;состояние2_k-28.sig;-0.1692279;-0.0007201042;6.263321;59;0.1089704;102;3.979843;6.368493;101;6.154351
62;62009;59007;60008;-7.517519E-10;1;ОС-1:;состояние1_k-12.sig;1 дополнительное:;состояние2_k-29.sig;-0.1692279;-0.0002908651;6.263321;59;0.04528546;541;3.979533;6.308181;559;6.218036
62;62009;59007;60008;-7.517519E-10;1;ОС-1:;состояние1_k-12.sig;1 дополнительное:;состояние2_k-30.sig;-0.1692279;0;6.263321;59;0.02411827;3;3.978877;6.285057;434;6.239203
62;62009;59007;60008;-7.517519E-10;1;ОС-1:;состояние1_k-12.sig;1 дополнительное:;состояние2_k-31.sig;-0.1692279;-0.0006365823;6.263321;59;0.08563448;223;3.97896;6.34705;142;6.177687
62;62009;59007;60008;-7.517519E-10;1;ОС-1:;состояние1_k-12.sig;1 дополнительное:;состояние2_k-32.sig;-0.1692279;-0.00154791;6.263321;59;0.1324652;55;3.9798;6.391815;226;6.130856
62;62009;59007;60008;-7.517519E-10;1;ОС-1:;состояние1_k-12.sig;1 дополнительное:;состояние2_k-33.sig;-0.1692279;-0.001602612;6.263321;59;0.1586554;685;3.978988;6.418682;684;6.104666
62;62009;59007;60008;-7.517519E-10;1;ОС-1:;состояние1_k-12.sig;1 дополнительное:;состояние2_k-34.sig;-0.1692279;-0.0007530876;6.263321;59;0.1614706;278;3.976757;6.42158;101;6.101851
62;62009;59007;60008;-7.517519E-10;1;ОС-1:;состояние1_k-12.sig;1 дополнительное:;состояние2_k-35.sig;-0.1692279;0;6.263321;59;0.1411098;37;3.974575;6.403475;309;6.122211
62;62009;59007;60008;-7.517519E-10;1;ОС-1:;состояние1_k-12.sig;1 дополнительное:;состояние2_k-36.sig;-0.1692279;1.373123E-05;6.263321;59;0.1004425;226;4.000962;6.163133;59;6.162879
62;62009;59007;60008;-7.517519E-10;1;ОС-1:;состояние1_k-12.sig;1 дополнительное:;состояние2_k-37.sig;-0.1692279;-0.0002571578;6.263321;59;0.04605995;620;3.977239;6.309339;309;6.217261
62;62009;59007;60008;-7.517519E-10;1;ОС-1:;состояние1_k-12.sig;1 дополнительное:;состояние2_k-38.sig;-0.1692279;-0.0001113454;6.263321;59;0.03626858;460;3.980504;6.2995;434;6.227053
62;62009;59007;60008;-7.517519E-10;1;ОС-1:;состояние1_k-12.sig;1 дополнительное:;состояние2_k-39.sig;-0.1692279;0.0002667434;6.263321;59;0.1031797;340;3.981897;6.363055;559;6.160141
62;62009;59007;60008;-7.517519E-10;1;ОС-1:;состояние1_k-12.sig;1 дополнительное:;состояние2_k-40.sig;-0.1692279;-1.22562E-08;6.263321;59;0.1710972;2;3.98198;6.422091;101;6.092224
62;62009;59007;60008;-7.517519E-10;1;ОС-1:;состояние1_k-13.sig;1 дополнительное:;состояние2_k-21.sig;-0.1097441;0.008310513;5.723043;43;0.7867016;778;3.676613;6.502017;158;4.936341
62;62009;59007;60008;-7.517519E-10;1;ОС-1:;состояние1_k-13.sig;1 дополнительное:;состояние2_k-22.sig;-0.1097441;0.005548066;5.723043;43;0.4416175;235;3.651026;6.16383;235;5.281425
62;62009;59007;60008;-7.517519E-10;1;ОС-1:;состояние1_k-13.sig;1 дополнительное:;состояние2_k-23.sig;-0.1097441;0.0005725689;5.723043;43;0.1985058;129;3.638221;5.920094;389;5.524537
62;62009;59007;60008;-7.517519E-10;1;ОС-1:;состояние1_k-13.sig;1 дополнительное:;состояние2_k-24.sig;-0.1097441;-0.0009520726;5.723043;43;0.1033229;110;3.638283;5.825536;235;5.61972
62;62009;59007;60008;-7.517519E-10;1;ОС-1:;состояние1_k-13.sig;1 дополнительное:;состояние2_k-25.sig;-0.1097441;0;5.723043;43;0.1454718;15;3.641796;5.866274;274;5.577571
62;62009;59007;60008;-7.517519E-10;1;ОС-1:;состояние1_k-13.sig;1 дополнительное:;состояние2_k-26.sig;-0.1097441;0.000411578;5.723043;43;0.1708177;430;3.642034;5.881663;697;5.552225
62;62009;59007;60008;-7.517519E-10;1;ОС-1:;состояние1_k-13.sig;1 дополнительное:;состояние2_k-27.sig;-0.1097441;-0.0002964972;5.723043;43;0.1553143;445;3.639416;5.872463;427;5.567729
62;62009;59007;60008;-7.517519E-10;1;ОС-1:;состояние1_k-13.sig;1 дополнительное:;состояние2_k-28.sig;-0.1097441;-0.0007201042;5.723043;43;0.1089704;102;3.63725;5.831602;120;5.614073
62;62009;59007;60008;-7.517519E-10;1;ОС-1:;состояние1_k-13.sig;1 дополнительное:;состояние2_k-29.sig;-0.1097441;-0.0002908651;5.723043;43;0.04528546;541;3.637639;5.765453;351;5.677758
62;62009;59007;60008;-7.517519E-10;1;ОС-1:;состояние1_k-13.sig;1 дополнительное:;состояние2_k-30.sig;-0.1097441;0;5.723043;43;0.02411827;3;3.637727;5.74677;120;5.698925
62;62009;59007;60008;-7.517519E-10;1;ОС-1:;состояние1_k-13.sig;1 дополнительное:;состояние2_k-31.sig;-0.1097441;-0.0006365823;5.723043;43;0.08563448;223;3.636754;5.806687;158;5.637408
62;62009;59007;60008;-7.517519E-10;1;ОС-1:;состояние1_k-13.sig;1 дополнительное:;состояние2_k-32.sig;-0.1097441;-0.00154791;5.723043;43;0.1324652;55;3.636234;5.853497;774;5.590578
62;62009;59007;60008;-7.517519E-10;1;ОС-1:;состояние1_k-13.sig;1 дополнительное:;состояние2_k-33.sig;-0.1097441;-0.001602612;5.723043;43;0.1586554;685;3.63829;5.876464;428;5.564388
62;62009;59007;60008;-7.517519E-10;1;ОС-1:;состояние1_k-13.sig;1 дополнительное:;состояние2_k-34.sig;-0.1097441;-0.0007530876;5.723043;43;0.1614706;278;3.639814;5.884151;543;5.561573
62;62009;59007;60008;-7.517519E-10;1;ОС-1:;состояние1_k-13.sig;1 дополнительное:;состояние2_k-35.sig;-0.1097441;0;5.723043;43;0.1411098;37;3.639799;5.863775;466;5.581933
62;62009;59007;60008;-7.517519E-10;1;ОС-1:;состояние1_k-13.sig;1 дополнительное:;состояние2_k-36.sig;-0.1097441;1.373123E-05;5.723043;43;0.1004425;226;3.637843;5.820702;351;5.622601
62;62009;59007;60008;-7.517519E-10;1;ОС-1:;состояние1_k-13.sig;1 дополнительное:;состояние2_k-37.sig;-0.1097441;-0.0002571578;5.723043;43;0.04605995;620;3.636326;5.768746;120;5.676983
62;62009;59007;60008;-7.517519E-10;1;ОС-1:;состояние1_k-13.sig;1 дополнительное:;состояние2_k-38.sig;-0.1097441;-0.0001113454;5.723043;43;0.03626858;460;3.638211;5.758354;697;5.686774
62;62009;59007;60008;-7.517519E-10;1;ОС-1:;состояние1_k-13.sig;1 дополнительное:;состояние2_k-39.sig;-0.1097441;0.0002667434;5.723043;43;0.1031797;340;3.619742;5.813593;274;5.619863
62;62009;59007;60008;-7.517519E-10;1;ОС-1:;состояние1_k-13.sig;1 дополнительное:;состояние2_k-40.sig;-0.1097441;-1.22562E-08;5.723043;43;0.1710972;2;3.64796;5.87824;4;5.551946
62;62009;59007;60008;-7.517519E-10;1;ОС-1:;состояние1_k-14.sig;1 дополнительное:;состояние2_k-21.sig;-0.03378977;0.008310513;5.095345;172;0.7867016;778;3.259322;5.875388;636;4.308644
62;62009;59007;60008;-7.517519E-10;1;ОС-1:;состояние1_k-14.sig;1 дополнительное:;состояние2_k-22.sig;-0.03378977;0.005548066;5.095345;172;0.4416175;235;3.240768;5.528132;29;4.653728
62;62009;59007;60008;-7.517519E-10;1;ОС-1:;состояние1_k-14.sig;1 дополнительное:;состояние2_k-23.sig;-0.03378977;0.0005725689;5.095345;172;0.1985058;129;3.22694;5.293418;672;4.89684
62;62009;59007;60008;-7.517519E-10;1;ОС-1:;состояние1_k-14.sig;1 дополнительное:;состояние2_k-24.sig;-0.03378977;-0.0009520726;5.095345;172;0.1033229;110;3.222971;5.198317;172;4.992023
62;62009;59007;60008;-7.517519E-10;1;ОС-1:;состояние1_k-14.sig;1 дополнительное:;состояние2_k-25.sig;-0.03378977;0;5.095345;172;0.1454718;15;3.22528;5.240395;315;4.949874
62;62009;59007;60008;-7.517519E-10;1;ОС-1:;состояние1_k-14.sig;1 дополнительное:;состояние2_k-26.sig;-0.03378977;0.000411578;5.095345;172;0.1708177;430;3.227406;5.252703;101;4.924528
62;62009;59007;60008;-7.517519E-10;1;ОС-1:;состояние1_k-14.sig;1 дополнительное:;состояние2_k-27.sig;-0.03378977;-0.0002964972;5.095345;172;0.1553143;445;3.225716;5.249944;315;4.940031
62;62009;59007;60008;-7.517519E-10;1;ОС-1:;состояние1_k-14.sig;1 дополнительное:;состояние2_k-28.sig;-0.03378977;-0.0007201042;5.095345;172;0.1089704;102;3.223809;5.201302;65;4.986375
62;62009;59007;60008;-7.517519E-10;1;ОС-1:;состояние1_k-14.sig;1 дополнительное:;состояние2_k-29.sig;-0.03378977;-0.0002908651;5.095345;172;0.04528546;541;3.222708;5.139045;386;5.05006
62;62009;59007;60008;-7.517519E-10;1;ОС-1:;состояние1_k-14.sig;1 дополнительное:;состояние2_k-30.sig;-0.03378977;0;5.095345;172;0.02411827;3;3.223209;5.117838;136;5.071227
62;62009;59007;60008;-7.517519E-10;1;ОС-1:;состояние1_k-14.sig;1 дополнительное:;состояние2_k-31.sig;-0.03378977;-0.0006365823;5.095345;172;0.08563448;223;3.223413;5.180257;529;5.009711
62;62009;59007;60008;-7.517519E-10;1;ОС-1:;состояние1_k-14.sig;1 дополнительное:;состояние2_k-32.sig;-0.03378977;-0.00154791;5.095345;172;0.1324652;55;3.221871;5.223394;493;4.96288
62;62009;59007;60008;-7.517519E-10;1;ОС-1:;состояние1_k-14.sig;1 дополнительное:;состояние2_k-33.sig;-0.03378977;-0.001602612;5.095345;172;0.1586554;685;3.222029;5.252069;458;4.93669
62;62009;59007;60008;-7.517519E-10;1;ОС-1:;состояние1_k-14.sig;1 дополнительное:;состояние2_k-34.sig;-0.03378977;-0.0007530876;5.095345;172;0.1614706;278;3.223468;5.252614;29;4.933875
62;62009;59007;60008;-7.517519E-10;1;ОС-1:;состояние1_k-14.sig;1 дополнительное:;состояние2_k-35.sig;-0.03378977;0;5.095345;172;0.1411098;37;3.223748;5.234765;65;4.954236
62;62009;59007;60008;-7.517519E-10;1;ОС-1:;состояние1_k-14.sig;1 дополнительное:;состояние2_k-36.sig;-0.03378977;1.373123E-05;5.095345;172;0.1004425;226;3.224109;5.192105;101;4.994903
62;62009;59007;60008;-7.517519E-10;1;ОС-1:;состояние1_k-14.sig;1 дополнительное:;состояние2_k-37.sig;-0.03378977;-0.0002571578;5.095345;172;0.04605995;620;3.223204;5.139885;565;5.049285
62;62009;59007;60008;-7.517519E-10;1;ОС-1:;состояние1_k-14.sig;1 дополнительное:;состояние2_k-38.sig;-0.03378977;-0.0001113454;5.095345;172;0.03626858;460;3.222681;5.13111;65;5.059077
62;62009;59007;60008;-7.517519E-10;1;ОС-1:;состояние1_k-14.sig;1 дополнительное:;состояние2_k-39.sig;-0.03378977;0.0002667434;5.095345;172;0.1031797;340;3.224218;5.193119;172;4.992166
62;62009;59007;60008;-7.517519E-10;1;ОС-1:;состояние1_k-14.sig;1 дополнительное:;состояние2_k-40.sig;-0.03378977;-1.22562E-08;5.095345;172;0.1710972;2;3.227946;5.267036;315;4.924248
62;62009;59007;60008;-7.517519E-10;1;ОС-1:;состояние1_k-15.sig;1 дополнительное:;состояние2_k-21.sig;0;0.008310513;4.412532;84;0.7867016;778;2.837016;5.131569;418;3.62583
62;62009;59007;60008;-7.517519E-10;1;ОС-1:;состояние1_k-15.sig;1 дополнительное:;состояние2_k-22.sig;0;0.005548066;4.412532;84;0.4416175;235;2.823662;4.850245;484;3.970914
62;62009;59007;60008;-7.517519E-10;1;ОС-1:;состояние1_k-15.sig;1 дополнительное:;состояние2_k-23.sig;0;0.0005725689;4.412532;84;0.1985058;129;2.814303;4.606728;151;4.214026
62;62009;59007;60008;-7.517519E-10;1;ОС-1:;состояние1_k-15.sig;1 дополнительное:;состояние2_k-24.sig;0;-0.0009520726;4.412532;84;0.1033229;110;2.809905;4.513413;317;4.309209
62;62009;59007;60008;-7.517519E-10;1;ОС-1:;состояние1_k-15.sig;1 дополнительное:;состояние2_k-25.sig;0;0;4.412532;84;0.1454718;15;2.809787;4.530956;51;4.26706
62;62009;59007;60008;-7.517519E-10;1;ОС-1:;состояние1_k-15.sig;1 дополнительное:;состояние2_k-26.sig;0;0.000411578;4.412532;84;0.1708177;430;2.811361;4.583299;584;4.241714
62;62009;59007;60008;-7.517519E-10;1;ОС-1:;состояние1_k-15.sig;1 дополнительное:;состояние2_k-27.sig;0;-0.0002964972;4.412532;84;0.1553143;445;2.8114;4.561185;184;4.257217
62;62009;59007;60008;-7.517519E-10;1;ОС-1:;состояние1_k-15.sig;1 дополнительное:;состояние2_k-28.sig;0;-0.0007201042;4.412532;84;0.1089704;102;2.810335;4.521489;84;4.303562
62;62009;59007;60008;-7.517519E-10;1;ОС-1:;состояние1_k-15.sig;1 дополнительное:;состояние2_k-29.sig;0;-0.0002908651;4.412532;84;0.04528546;541;2.809575;4.455869;284;4.367247
62;62009;59007;60008;-7.517519E-10;1;ОС-1:;состояние1_k-15.sig;1 дополнительное:;состояние2_k-30.sig;0;0;4.412532;84;0.02411827;3;2.809501;4.434268;84;4.388413
62;62009;59007;60008;-7.517519E-10;1;ОС-1:;состояние1_k-15.sig;1 дополнительное:;состояние2_k-31.sig;0;-0.0006365823;4.412532;84;0.08563448;223;2.809569;4.498024;384;4.326897
62;62009;59007;60008;-7.517519E-10;1;ОС-1:;состояние1_k-15.sig;1 дополнительное:;состояние2_k-32.sig;0;-0.00154791;4.412532;84;0.1324652;55;2.810057;4.544312;117;4.280066
62;62009;59007;60008;-7.517519E-10;1;ОС-1:;состояние1_k-15.sig;1 дополнительное:;состояние2_k-33.sig;0;-0.001602612;4.412532;84;0.1586554;685;2.810422;4.561087;217;4.253877
62;62009;59007;60008;-7.517519E-10;1;ОС-1:;состояние1_k-15.sig;1 дополнительное:;состояние2_k-34.sig;0;-0.0007530876;4.412532;84;0.1614706;278;2.810399;4.571531;617;4.251061
62;62009;59007;60008;-7.517519E-10;1;ОС-1:;состояние1_k-15.sig;1 дополнительное:;состояние2_k-35.sig;0;0;4.412532;84;0.1411098;37;2.811072;4.508369;83;4.271422
62;62009;59007;60008;-7.517519E-10;1;ОС-1:;состояние1_k-15.sig;1 дополнительное:;состояние2_k-36.sig;0;1.373123E-05;4.412532;84;0.1004425;226;2.809214;4.51272;684;4.312089
62;62009;59007;60008;-7.517519E-10;1;ОС-1:;состояние1_k-15.sig;1 дополнительное:;состояние2_k-37.sig;0;-0.0002571578;4.412532;84;0.04605995;620;2.80923;4.458278;417;4.366472
62;62009;59007;60008;-7.517519E-10;1;ОС-1:;состояние1_k-15.sig;1 дополнительное:;состояние2_k-38.sig;0;-0.0001113454;4.412532;84;0.03626858;460;2.809863;4.448711;684;4.376263
62;62009;59007;60008;-7.517519E-10;1;ОС-1:;состояние1_k-15.sig;1 дополнительное:;состояние2_k-39.sig;0;0.0002667434;4.412532;84;0.1031797;340;2.810322;4.501753;184;4.309352
62;62009;59007;60008;-7.517519E-10;1;ОС-1:;состояние1_k-15.sig;1 дополнительное:;состояние2_k-40.sig;0;-1.22562E-08;4.412532;84;0.1710972;2;2.810237;4.569416;51;4.241435
62;62009;59007;60008;-7.517519E-10;1;ОС-1:;состояние1_k-16.sig;1 дополнительное:;состояние2_k-21.sig;-0.01176317;0.008310513;3.707991;69;0.7867016;778;2.400405;4.489366;350;2.921289
62;62009;59007;60008;-7.517519E-10;1;ОС-1:;состояние1_k-16.sig;1 дополнительное:;состояние2_k-22.sig;-0.01176317;0.005548066;3.707991;69;0.4416175;235;2.389946;4.146671;257;3.266373
62;62009;59007;60008;-7.517519E-10;1;ОС-1:;состояние1_k-16.sig;1 дополнительное:;состояние2_k-23.sig;-0.01176317;0.0005725689;3.707991;69;0.1985058;129;2.386006;3.906417;194;3.509485
62;62009;59007;60008;-7.517519E-10;1;ОС-1:;состояние1_k-16.sig;1 дополнительное:;состояние2_k-24.sig;-0.01176317;-0.0009520726;3.707991;69;0.1033229;110;2.380242;3.808919;7;3.604668
62;62009;59007;60008;-7.517519E-10;1;ОС-1:;состояние1_k-16.sig;1 дополнительное:;состояние2_k-25.sig;-0.01176317;0;3.707991;69;0.1454718;15;2.377916;3.85297;194;3.562519
62;62009;59007;60008;-7.517519E-10;1;ОС-1:;состояние1_k-16.sig;1 дополнительное:;состояние2_k-26.sig;-0.01176317;0.000411578;3.707991;69;0.1708177;430;2.379246;3.877863;257;3.537173
62;62009;59007;60008;-7.517519E-10;1;ОС-1:;состояние1_k-16.sig;1 дополнительное:;состояние2_k-27.sig;-0.01176317;-0.0002964972;3.707991;69;0.1553143;445;2.381391;3.863624;38;3.552677
62;62009;59007;60008;-7.517519E-10;1;ОС-1:;состояние1_k-16.sig;1 дополнительное:;состояние2_k-28.sig;-0.01176317;-0.0007201042;3.707991;69;0.1089704;102;2.381343;3.810511;101;3.59902
62;62009;59007;60008;-7.517519E-10;1;ОС-1:;состояние1_k-16.sig;1 дополнительное:;состояние2_k-29.sig;-0.01176317;-0.0002908651;3.707991;69;0.04528546;541;2.37925;3.752706;163;3.662705
62;62009;59007;60008;-7.517519E-10;1;ОС-1:;состояние1_k-16.sig;1 дополнительное:;состояние2_k-30.sig;-0.01176317;0;3.707991;69;0.02411827;3;2.378496;3.731893;319;3.683873
62;62009;59007;60008;-7.517519E-10;1;ОС-1:;состояние1_k-16.sig;1 дополнительное:;состояние2_k-31.sig;-0.01176317;-0.0006365823;3.707991;69;0.08563448;223;2.379144;3.793959;288;3.622356
62;62009;59007;60008;-7.517519E-10;1;ОС-1:;состояние1_k-16.sig;1 дополнительное:;состояние2_k-32.sig;-0.01176317;-0.00154791;3.707991;69;0.1324652;55;2.380143;3.836575;7;3.575526
62;62009;59007;60008;-7.517519E-10;1;ОС-1:;состояние1_k-16.sig;1 дополнительное:;состояние2_k-33.sig;-0.01176317;-0.001602612;3.707991;69;0.1586554;685;2.379039;3.865475;413;3.549335
62;62009;59007;60008;-7.517519E-10;1;ОС-1:;состояние1_k-16.sig;1 дополнительное:;состояние2_k-34.sig;-0.01176317;-0.0007530876;3.707991;69;0.1614706;278;2.37832;3.864257;382;3.54652
62;62009;59007;60008;-7.517519E-10;1;ОС-1:;состояние1_k-16.sig;1 дополнительное:;состояние2_k-35.sig;-0.01176317;0;3.707991;69;0.1411098;37;2.378449;3.848992;194;3.566881
62;62009;59007;60008;-7.517519E-10;1;ОС-1:;состояние1_k-16.sig;1 дополнительное:;состояние2_k-36.sig;-0.01176317;1.373123E-05;3.707991;69;0.1004425;226;2.379436;3.803521;226;3.607548
62;62009;59007;60008;-7.517519E-10;1;ОС-1:;состояние1_k-16.sig;1 дополнительное:;состояние2_k-37.sig;-0.01176317;-0.0002571578;3.707991;69;0.04605995;620;2.379079;3.753924;444;3.661931
62;62009;59007;60008;-7.517519E-10;1;ОС-1:;состояние1_k-16.sig;1 дополнительное:;состояние2_k-38.sig;-0.01176317;-0.0001113454;3.707991;69;0.03626858;460;2.37836;3.744002;38;3.671722
62;62009;59007;60008;-7.517519E-10;1;ОС-1:;состояние1_k-16.sig;1 дополнительное:;состояние2_k-39.sig;-0.01176317;0.0002667434;3.707991;69;0.1031797;340;2.378464;3.810311;288;3.604811
62;62009;59007;60008;-7.517519E-10;1;ОС-1:;состояние1_k-16.sig;1 дополнительное:;состояние2_k-40.sig;-0.01176317;-1.22562E-08;3.707991;69;0.1710972;2;2.379629;3.864109;101;3.536894
62;62009;59007;60008;-7.517519E-10;1;ОС-1:;состояние1_k-17.sig;1 дополнительное:;состояние2_k-21.sig;-0.03426985;0.008310513;3.013214;468;0.7867016;778;1.959414;3.798402;468;2.226513
62;62009;59007;60008;-7.517519E-10;1;ОС-1:;состояние1_k-17.sig;1 дополнительное:;состояние2_k-22.sig;-0.03426985;0.005548066;3.013214;468;0.4416175;235;1.931152;3.450834;144;2.571597
62;62009;59007;60008;-7.517519E-10;1;ОС-1:;состояние1_k-17.sig;1 дополнительное:;состояние2_k-23.sig;-0.03426985;0.0005725689;3.013214;468;0.1985058;129;1.928697;3.209203;86;2.814708
62;62009;59007;60008;-7.517519E-10;1;ОС-1:;состояние1_k-17.sig;1 дополнительное:;состояние2_k-24.sig;-0.03426985;-0.0009520726;3.013214;468;0.1033229;110;1.926713;3.11598;27;2.909892
62;62009;59007;60008;-7.517519E-10;1;ОС-1:;состояние1_k-17.sig;1 дополнительное:;состояние2_k-25.sig;-0.03426985;0;3.013214;468;0.1454718;15;1.922698;3.158604;115;2.867743
62;62009;59007;60008;-7.517519E-10;1;ОС-1:;состояние1_k-17.sig;1 дополнительное:;состояние2_k-26.sig;-0.03426985;0.000411578;3.013214;468;0.1708177;430;1.92179;3.181954;527;2.842397
62;62009;59007;60008;-7.517519E-10;1;ОС-1:;состояние1_k-17.sig;1 дополнительное:;состояние2_k-27.sig;-0.03426985;-0.0002964972;3.013214;468;0.1553143;445;1.924002;3.167461;56;2.8579
62;62009;59007;60008;-7.517519E-10;1;ОС-1:;состояние1_k-17.sig;1 дополнительное:;состояние2_k-28.sig;-0.03426985;-0.0007201042;3.013214;468;0.1089704;102;1.925272;3.121362;674;2.904244
62;62009;59007;60008;-7.517519E-10;1;ОС-1:;состояние1_k-17.sig;1 дополнительное:;состояние2_k-29.sig;-0.03426985;-0.0002908651;3.013214;468;0.04528546;541;1.924098;3.054857;350;2.967929
62;62009;59007;60008;-7.517519E-10;1;ОС-1:;состояние1_k-17.sig;1 дополнительное:;состояние2_k-30.sig;-0.03426985;0;3.013214;468;0.02411827;3;1.922386;3.03573;203;2.989096
62;62009;59007;60008;-7.517519E-10;1;ОС-1:;состояние1_k-17.sig;1 дополнительное:;состояние2_k-31.sig;-0.03426985;-0.0006365823;3.013214;468;0.08563448;223;1.923229;3.098037;174;2.92758
62;62009;59007;60008;-7.517519E-10;1;ОС-1:;состояние1_k-17.sig;1 дополнительное:;состояние2_k-32.sig;-0.03426985;-0.00154791;3.013214;468;0.1324652;55;1.924205;3.143606;86;2.880749
62;62009;59007;60008;-7.517519E-10;1;ОС-1:;состояние1_k-17.sig;1 дополнительное:;состояние2_k-33.sig;-0.03426985;-0.001602612;3.013214;468;0.1586554;685;1.924113;3.17142;321;2.854559
62;62009;59007;60008;-7.517519E-10;1;ОС-1:;состояние1_k-17.sig;1 дополнительное:;состояние2_k-34.sig;-0.03426985;-0.0007530876;3.013214;468;0.1614706;278;1.924823;3.170699;527;2.851744
62;62009;59007;60008;-7.517519E-10;1;ОС-1:;состояние1_k-17.sig;1 дополнительное:;состояние2_k-35.sig;-0.03426985;0;3.013214;468;0.1411098;37;1.922292;3.153435;380;2.872105
62;62009;59007;60008;-7.517519E-10;1;ОС-1:;состояние1_k-17.sig;1 дополнительное:;состояние2_k-36.sig;-0.03426985;1.373123E-05;3.013214;468;0.1004425;226;1.922315;3.113533;615;2.912772
62;62009;59007;60008;-7.517519E-10;1;ОС-1:;состояние1_k-17.sig;1 дополнительное:;состояние2_k-37.sig;-0.03426985;-0.0002571578;3.013214;468;0.04605995;620;1.923315;3.059081;174;2.967155
62;62009;59007;60008;-7.517519E-10;1;ОС-1:;состояние1_k-17.sig;1 дополнительное:;состояние2_k-38.sig;-0.03426985;-0.0001113454;3.013214;468;0.03626858;460;1.92278;3.048763;762;2.976946
62;62009;59007;60008;-7.517519E-10;1;ОС-1:;состояние1_k-17.sig;1 дополнительное:;состояние2_k-39.sig;-0.03426985;0.0002667434;3.013214;468;0.1031797;340;1.921857;3.114804;174;2.910035
62;62009;59007;60008;-7.517519E-10;1;ОС-1:;состояние1_k-17.sig;1 дополнительное:;состояние2_k-40.sig;-0.03426985;-1.22562E-08;3.013214;468;0.1710972;2;1.921937;3.185245;115;2.842117
62;62009;59007;60008;-7.517519E-10;1;ОС-1:;состояние1_k-18.sig;1 дополнительное:;состояние2_k-21.sig;-0.0374448;0.008310513;2.353457;378;0.7867016;778;1.571316;3.136957;350;1.566755
62;62009;59007;60008;-7.517519E-10;1;ОС-1:;состояние1_k-18.sig;1 дополнительное:;состояние2_k-22.sig;-0.0374448;0.005548066;2.353457;378;0.4416175;235;1.51418;2.788689;212;1.911839
62;62009;59007;60008;-7.517519E-10;1;ОС-1:;состояние1_k-18.sig;1 дополнительное:;состояние2_k-23.sig;-0.0374448;0.0005725689;2.353457;378;0.1985058;129;1.501671;2.549979;128;2.154951
62;62009;59007;60008;-7.517519E-10;1;ОС-1:;состояние1_k-18.sig;1 дополнительное:;состояние2_k-24.sig;-0.0374448;-0.0009520726;2.353457;378;0.1033229;110;1.501003;2.447834;45;2.250134
62;62009;59007;60008;-7.517519E-10;1;ОС-1:;состояние1_k-18.sig;1 дополнительное:;состояние2_k-25.sig;-0.0374448;0;2.353457;378;0.1454718;15;1.499437;2.497521;295;2.207985
62;62009;59007;60008;-7.517519E-10;1;ОС-1:;состояние1_k-18.sig;1 дополнительное:;состояние2_k-26.sig;-0.0374448;0.000411578;2.353457;378;0.1708177;430;1.497754;2.520143;239;2.182639
62;62009;59007;60008;-7.517519E-10;1;ОС-1:;состояние1_k-18.sig;1 дополнительное:;состояние2_k-27.sig;-0.0374448;-0.0002964972;2.353457;378;0.1553143;445;1.498382;2.499827;295;2.198143
62;62009;59007;60008;-7.517519E-10;1;ОС-1:;состояние1_k-18.sig;1 дополнительное:;состояние2_k-28.sig;-0.0374448;-0.0007201042;2.353457;378;0.1089704;102;1.499121;2.46149;156;2.244486
62;62009;59007;60008;-7.517519E-10;1;ОС-1:;состояние1_k-18.sig;1 дополнительное:;состояние2_k-29.sig;-0.0374448;-0.0002908651;2.353457;378;0.04528546;541;1.498899;2.398409;489;2.308171
62;62009;59007;60008;-7.517519E-10;1;ОС-1:;состояние1_k-18.sig;1 дополнительное:;состояние2_k-30.sig;-0.0374448;0;2.353457;378;0.02411827;3;1.497667;2.374416;239;2.329339
62;62009;59007;60008;-7.517519E-10;1;ОС-1:;состояние1_k-18.sig;1 дополнительное:;состояние2_k-31.sig;-0.0374448;-0.0006365823;2.353457;378;0.08563448;223;1.497346;2.438787;739;2.267822
62;62009;59007;60008;-7.517519E-10;1;ОС-1:;состояние1_k-18.sig;1 дополнительное:;состояние2_k-32.sig;-0.0374448;-0.00154791;2.353457;378;0.1324652;55;1.497777;2.483913;461;2.220992
62;62009;59007;60008;-7.517519E-10;1;ОС-1:;состояние1_k-18.sig;1 дополнительное:;состояние2_k-33.sig;-0.0374448;-0.001602612;2.353457;378;0.1586554;685;1.498987;2.508542;489;2.194801
62;62009;59007;60008;-7.517519E-10;1;ОС-1:;состояние1_k-18.sig;1 дополнительное:;состояние2_k-34.sig;-0.0374448;-0.0007530876;2.353457;378;0.1614706;278;1.499353;2.511569;72;2.191986
62;62009;59007;60008;-7.517519E-10;1;ОС-1:;состояние1_k-18.sig;1 дополнительное:;состояние2_k-35.sig;-0.0374448;0;2.353457;378;0.1411098;37;1.498506;2.490893;295;2.212347
62;62009;59007;60008;-7.517519E-10;1;ОС-1:;состояние1_k-18.sig;1 дополнительное:;состояние2_k-36.sig;-0.0374448;1.373123E-05;2.353457;378;0.1004425;226;1.498838;2.452724;267;2.253014
62;62009;59007;60008;-7.517519E-10;1;ОС-1:;состояние1_k-18.sig;1 дополнительное:;состояние2_k-37.sig;-0.0374448;-0.0002571578;2.353457;378;0.04605995;620;1.497954;2.398503;350;2.307397
62;62009;59007;60008;-7.517519E-10;1;ОС-1:;состояние1_k-18.sig;1 дополнительное:;состояние2_k-38.sig;-0.0374448;-0.0001113454;2.353457;378;0.03626858;460;1.497989;2.387185;156;2.317188
62;62009;59007;60008;-7.517519E-10;1;ОС-1:;состояние1_k-18.sig;1 дополнительное:;состояние2_k-39.sig;-0.0374448;0.0002667434;2.353457;378;0.1031797;340;1.497942;2.455996;378;2.250277
62;62009;59007;60008;-7.517519E-10;1;ОС-1:;состояние1_k-18.sig;1 дополнительное:;состояние2_k-40.sig;-0.0374448;-1.22562E-08;2.353457;378;0.1710972;2;1.498545;2.523871;128;2.182359
62;62009;59007;60008;-7.517519E-10;1;ОС-1:;состояние1_k-19.sig;1 дополнительное:;состояние2_k-21.sig;-0.02000639;0.008310513;1.751948;508;0.7867016;778;1.248046;2.536752;87;0.9652467
62;62009;59007;60008;-7.517519E-10;1;ОС-1:;состояние1_k-19.sig;1 дополнительное:;состояние2_k-22.sig;-0.02000639;0.005548066;1.751948;508;0.4416175;235;1.154935;2.193168;8;1.310331
62;62009;59007;60008;-7.517519E-10;1;ОС-1:;состояние1_k-19.sig;1 дополнительное:;состояние2_k-23.sig;-0.02000639;0.0005725689;1.751948;508;0.1985058;129;1.123622;1.948938;455;1.553442
62;62009;59007;60008;-7.517519E-10;1;ОС-1:;состояние1_k-19.sig;1 дополнительное:;состояние2_k-24.sig;-0.02000639;-0.0009520726;1.751948;508;0.1033229;110;1.121339;1.85259;692;1.648625
62;62009;59007;60008;-7.517519E-10;1;ОС-1:;состояние1_k-19.sig;1 дополнительное:;состояние2_k-25.sig;-0.02000639;0;1.751948;508;0.1454718;15;1.123708;1.895843;34;1.606477
62;62009;59007;60008;-7.517519E-10;1;ОС-1:;состояние1_k-19.sig;1 дополнительное:;состояние2_k-26.sig;-0.02000639;0.000411578;1.751948;508;0.1708177;430;1.122484;1.920465;429;1.581131
62;62009;59007;60008;-7.517519E-10;1;ОС-1:;состояние1_k-19.sig;1 дополнительное:;состояние2_k-27.sig;-0.02000639;-0.0002964972;1.751948;508;0.1553143;445;1.120633;1.905855;482;1.596634
62;62009;59007;60008;-7.517519E-10;1;ОС-1:;состояние1_k-19.sig;1 дополнительное:;состояние2_k-28.sig;-0.02000639;-0.0007201042;1.751948;508;0.1089704;102;1.120362;1.860472;745;1.642978
62;62009;59007;60008;-7.517519E-10;1;ОС-1:;состояние1_k-19.sig;1 дополнительное:;состояние2_k-29.sig;-0.02000639;-0.0002908651;1.751948;508;0.04528546;541;1.120828;1.795786;350;1.706663
62;62009;59007;60008;-7.517519E-10;1;ОС-1:;состояние1_k-19.sig;1 дополнительное:;состояние2_k-30.sig;-0.02000639;0;1.751948;508;0.02411827;3;1.120323;1.77584;87;1.72783
62;62009;59007;60008;-7.517519E-10;1;ОС-1:;состояние1_k-19.sig;1 дополнительное:;состояние2_k-31.sig;-0.02000639;-0.0006365823;1.751948;508;0.08563448;223;1.119737;1.83487;61;1.666314
62;62009;59007;60008;-7.517519E-10;1;ОС-1:;состояние1_k-19.sig;1 дополнительное:;состояние2_k-32.sig;-0.02000639;-0.00154791;1.751948;508;0.1324652;55;1.119945;1.88442;508;1.619483
62;62009;59007;60008;-7.517519E-10;1;ОС-1:;состояние1_k-19.sig;1 дополнительное:;состояние2_k-33.sig;-0.02000639;-0.001602612;1.751948;508;0.1586554;685;1.121293;1.909023;245;1.593293
62;62009;59007;60008;-7.517519E-10;1;ОС-1:;состояние1_k-19.sig;1 дополнительное:;состояние2_k-34.sig;-0.02000639;-0.0007530876;1.751948;508;0.1614706;278;1.122151;1.913216;87;1.590478
62;62009;59007;60008;-7.517519E-10;1;ОС-1:;состояние1_k-19.sig;1 дополнительное:;состояние2_k-35.sig;-0.02000639;0;1.751948;508;0.1411098;37;1.121676;1.892315;8;1.610839
62;62009;59007;60008;-7.517519E-10;1;ОС-1:;состояние1_k-19.sig;1 дополнительное:;состояние2_k-36.sig;-0.02000639;1.373123E-05;1.751948;508;0.1004425;226;1.120943;1.852308;587;1.651506
62;62009;59007;60008;-7.517519E-10;1;ОС-1:;состояние1_k-19.sig;1 дополнительное:;состояние2_k-37.sig;-0.02000639;-0.0002571578;1.751948;508;0.04605995;620;1.120258;1.795306;376;1.705888
62;62009;59007;60008;-7.517519E-10;1;ОС-1:;состояние1_k-19.sig;1 дополнительное:;состояние2_k-38.sig;-0.02000639;-0.0001113454;1.751948;508;0.03626858;460;1.120594;1.769054;482;1.71568
62;62009;59007;60008;-7.517519E-10;1;ОС-1:;состояние1_k-19.sig;1 дополнительное:;состояние2_k-39.sig;-0.02000639;0.0002667434;1.751948;508;0.1031797;340;1.121152;1.853178;455;1.648769
62;62009;59007;60008;-7.517519E-10;1;ОС-1:;состояние1_k-19.sig;1 дополнительное:;состояние2_k-40.sig;-0.02000639;-1.22562E-08;1.751948;508;0.1710972;2;1.121496;1.921634;140;1.580851
62;62009;59007;60008;-7.517519E-10;1;ОС-1:;состояние1_k-20.sig;1 дополнительное:;состояние2_k-21.sig;0;0.008310513;1.22556;25;0.7867016;778;0.9806256;2.00998;350;0.4388583
62;62009;59007;60008;-7.517519E-10;1;ОС-1:;состояние1_k-20.sig;1 дополнительное:;состояние2_k-22.sig;0;0.005548066;1.22556;25;0.4416175;235;0.8447448;1.663976;75;0.7839425
62;62009;59007;60008;-7.517519E-10;1;ОС-1:;состояние1_k-20.sig;1 дополнительное:;состояние2_k-23.sig;0;0.0005725689;1.22556;25;0.1985058;129;0.7880635;1.423785;325;1.027054
62;62009;59007;60008;-7.517519E-10;1;ОС-1:;состояние1_k-20.sig;1 дополнительное:;состояние2_k-24.sig;0;-0.0009520726;1.22556;25;0.1033229;110;0.7774764;1.325446;150;1.122237
62;62009;59007;60008;-7.517519E-10;1;ОС-1:;состояние1_k-20.sig;1 дополнительное:;состояние2_k-25.sig;0;0;1.22556;25;0.1454718;15;0.7830864;1.371032;75;1.080088
62;62009;59007;60008;-7.517519E-10;1;ОС-1:;состояние1_k-20.sig;1 дополнительное:;состояние2_k-26.sig;0;0.000411578;1.22556;25;0.1708177;430;0.78528;1.395046;200;1.054742
62;62009;59007;60008;-7.517519E-10;1;ОС-1:;состояние1_k-20.sig;1 дополнительное:;состояние2_k-27.sig;0;-0.0002964972;1.22556;25;0.1553143;445;0.7824221;1.380554;575;1.070246
62;62009;59007;60008;-7.517519E-10;1;ОС-1:;состояние1_k-20.sig;1 дополнительное:;состояние2_k-28.sig;0;-0.0007201042;1.22556;25;0.1089704;102;0.779581;1.328136;100;1.11659
62;62009;59007;60008;-7.517519E-10;1;ОС-1:;состояние1_k-20.sig;1 дополнительное:;состояние2_k-29.sig;0;-0.0002908651;1.22556;25;0.04528546;541;0.7799613;1.27074;300;1.180274
62;62009;59007;60008;-7.517519E-10;1;ОС-1:;состояние1_k-20.sig;1 дополнительное:;состояние2_k-30.sig;0;0;1.22556;25;0.02411827;3;0.7807292;1.245814;0;1.201442
62;62009;59007;60008;-7.517519E-10;1;ОС-1:;состояние1_k-20.sig;1 дополнительное:;состояние2_k-31.sig;0;-0.0006365823;1.22556;25;0.08563448;223;0.7797953;1.310959;175;1.139925
62;62009;59007;60008;-7.517519E-10;1;ОС-1:;состояние1_k-20.sig;1 дополнительное:;состояние2_k-32.sig;0;-0.00154791;1.22556;25;0.1324652;55;0.7793006;1.35339;150;1.093095
62;62009;59007;60008;-7.517519E-10;1;ОС-1:;состояние1_k-20.sig;1 дополнительное:;состояние2_k-33.sig;0;-0.001602612;1.22556;25;0.1586554;685;0.7803177;1.384153;200;1.066905
62;62009;59007;60008;-7.517519E-10;1;ОС-1:;состояние1_k-20.sig;1 дополнительное:;состояние2_k-34.sig;0;-0.0007530876;1.22556;25;0.1614706;278;0.7822414;1.387027;175;1.064089
62;62009;59007;60008;-7.517519E-10;1;ОС-1:;состояние1_k-20.sig;1 дополнительное:;состояние2_k-35.sig;0;0;1.22556;25;0.1411098;37;0.7831029;1.360719;150;1.08445
62;62009;59007;60008;-7.517519E-10;1;ОС-1:;состояние1_k-20.sig;1 дополнительное:;состояние2_k-36.sig;0;1.373123E-05;1.22556;25;0.1004425;226;0.7814068;1.317855;74;1.125117
62;62009;59007;60008;-7.517519E-10;1;ОС-1:;состояние1_k-20.sig;1 дополнительное:;состояние2_k-37.sig;0;-0.0002571578;1.22556;25;0.04605995;620;0.7801622;1.271526;350;1.1795
62;62009;59007;60008;-7.517519E-10;1;ОС-1:;состояние1_k-20.sig;1 дополнительное:;состояние2_k-38.sig;0;-0.0001113454;1.22556;25;0.03626858;460;0.7805475;1.261564;250;1.189291
62;62009;59007;60008;-7.517519E-10;1;ОС-1:;состояние1_k-20.sig;1 дополнительное:;состояние2_k-39.sig;0;0.0002667434;1.22556;25;0.1031797;340;0.7823261;1.328546;750;1.12238
62;62009;59007;60008;-7.517519E-10;1;ОС-1:;состояние1_k-20.sig;1 дополнительное:;состояние2_k-40.sig;0;-1.22562E-08;1.22556;25;0.1710972;2;0.7857516;1.373785;1;1.054463
62;62010;60009;57006;7.113558E-09;0.9999999;ОС-1:;состояние1_k-1.sig;1 дополнительное:;состояние2_k-21.sig;-0.03879568;0.0224329;0.1499187;0;2.723364;167;1.732161;2.889845;405;2.573445
62;62010;60009;57006;7.113558E-09;0.9999999;ОС-1:;состояние1_k-1.sig;1 дополнительное:;состояние2_k-22.sig;-0.03879568;0.02952295;0.1499187;0;2.536714;110;1.615969;2.703641;428;2.386796
62;62010;60009;57006;7.113558E-09;0.9999999;ОС-1:;состояние1_k-1.sig;1 дополнительное:;состояние2_k-23.sig;-0.03879568;0.02626609;0.1499187;0;2.609944;58;1.659188;2.775912;406;2.460025
62;62010;60009;57006;7.113558E-09;0.9999999;ОС-1:;состояние1_k-1.sig;1 дополнительное:;состояние2_k-24.sig;-0.03879568;0.01663156;0.1499187;0;2.861297;10;1.819216;3.024023;385;2.711378
62;62010;60009;57006;7.113558E-09;0.9999999;ОС-1:;состояние1_k-1.sig;1 дополнительное:;состояние2_k-25.sig;-0.03879568;0;0.1499187;0;3.166939;5;2.016643;3.333744;445;3.01702
62;62010;60009;57006;7.113558E-09;0.9999999;ОС-1:;состояние1_k-1.sig;1 дополнительное:;состояние2_k-26.sig;-0.03879568;-0.0222739;0.1499187;0;3.424962;308;2.181247;3.587831;462;3.275043
62;62010;60009;57006;7.113558E-09;0.9999999;ОС-1:;состояние1_k-1.sig;1 дополнительное:;состояние2_k-27.sig;-0.03879568;-0.04099664;0.1499187;0;3.572797;292;2.277192;3.738979;440;3.422878
62;62010;60009;57006;7.113558E-09;0.9999999;ОС-1:;состояние1_k-1.sig;1 дополнительное:;состояние2_k-28.sig;-0.03879568;-0.04381885;0.1499187;0;3.577647;27;2.284364;3.744457;420;3.427728
62;62010;60009;57006;7.113558E-09;0.9999999;ОС-1:;состояние1_k-1.sig;1 дополнительное:;состояние2_k-29.sig;-0.03879568;-0.02681667;0.1499187;0;3.428263;125;2.19275;3.593578;401;3.278345
62;62010;60009;57006;7.113558E-09;0.9999999;ОС-1:;состояние1_k-1.sig;1 дополнительное:;состояние2_k-30.sig;-0.03879568;0;0.1499187;0;3.129184;83;1.993961;3.294122;450;2.979266
62;62010;60009;57006;7.113558E-09;0.9999999;ОС-1:;состояние1_k-1.sig;1 дополнительное:;состояние2_k-31.sig;-0.03879568;0.0202319;0.1499187;0;2.702412;173;1.714377;2.870206;431;2.552493
62;62010;60009;57006;7.113558E-09;0.9999999;ОС-1:;состояние1_k-1.sig;1 дополнительное:;состояние2_k-32.sig;-0.03879568;0.02447935;0.1499187;0;2.174701;101;1.381068;2.339844;445;2.024782
62;62010;60009;57006;7.113558E-09;0.9999999;ОС-1:;состояние1_k-1.sig;1 дополнительное:;состояние2_k-33.sig;-0.03879568;0.01630601;0.1499187;0;1.58715;670;1.012203;1.751124;458;1.437231
62;62010;60009;57006;7.113558E-09;0.9999999;ОС-1:;состояние1_k-1.sig;1 дополнительное:;состояние2_k-34.sig;-0.03879568;0.005978763;0.1499187;0;0.994159;353;0.6369675;1.160906;412;0.8442403
62;62010;60009;57006;7.113558E-09;0.9999999;ОС-1:;состояние1_k-1.sig;1 дополнительное:;состояние2_k-35.sig;-0.03879568;0;0.1499187;0;0.5193999;113;0.337848;0.6862149;427;0.3694811
62;62010;60009;57006;7.113558E-09;0.9999999;ОС-1:;состояние1_k-1.sig;1 дополнительное:;состояние2_k-36.sig;-0.03879568;-0.00260723;0.1499187;0;0.5468189;0;0.3557383;0.7134395;417;0.3969002
62;62010;60009;57006;7.113558E-09;0.9999999;ОС-1:;состояние1_k-1.sig;1 дополнительное:;состояние2_k-37.sig;-0.03879568;-0.005278673;0.1499187;0;0.9241601;701;0.5937881;1.090477;431;0.7742414
62;62010;60009;57006;7.113558E-09;0.9999999;ОС-1:;состояние1_k-1.sig;1 дополнительное:;состояние2_k-38.sig;-0.03879568;-0.007825308;0.1499187;0;1.276522;127;0.8159766;1.441864;443;1.126604
62;62010;60009;57006;7.113558E-09;0.9999999;ОС-1:;состояние1_k-1.sig;1 дополнительное:;состояние2_k-39.sig;-0.03879568;-0.006636892;0.1499187;0;1.524328;18;0.9741808;1.68963;428;1.374409
62;62010;60009;57006;7.113558E-09;0.9999999;ОС-1:;состояние1_k-1.sig;1 дополнительное:;состояние2_k-40.sig;-0.03879568;-4.470348E-10;0.1499187;0;1.641473;14;1.050867;1.809138;414;1.491554
62;62010;60009;57006;7.113558E-09;0.9999999;ОС-1:;состояние1_k-2.sig;1 дополнительное:;состояние2_k-21.sig;-0.07225231;0.0224329;0.3934493;419;2.723364;167;1.740689;3.116707;167;2.329915
62;62010;60009;57006;7.113558E-09;0.9999999;ОС-1:;состояние1_k-2.sig;1 дополнительное:;состояние2_k-22.sig;-0.07225231;0.02952295;0.3934493;419;2.536714;110;1.624316;2.918842;156;2.143265
62;62010;60009;57006;7.113558E-09;0.9999999;ОС-1:;состояние1_k-2.sig;1 дополнительное:;состояние2_k-23.sig;-0.07225231;0.02626609;0.3934493;419;2.609944;58;1.666442;3.000659;667;2.216495
62;62010;60009;57006;7.113558E-09;0.9999999;ОС-1:;состояние1_k-2.sig;1 дополнительное:;состояние2_k-24.sig;-0.07225231;0.01663156;0.3934493;419;2.861297;10;1.824113;3.247102;406;2.467848
62;62010;60009;57006;7.113558E-09;0.9999999;ОС-1:;состояние1_k-2.sig;1 дополнительное:;состояние2_k-25.sig;-0.07225231;0;0.3934493;419;3.166939;5;2.0224;3.559927;165;2.77349
62;62010;60009;57006;7.113558E-09;0.9999999;ОС-1:;состояние1_k-2.sig;1 дополнительное:;состояние2_k-26.sig;-0.07225231;-0.0222739;0.3934493;419;3.424962;308;2.186047;3.810186;154;3.031513
62;62010;60009;57006;7.113558E-09;0.9999999;ОС-1:;состояние1_k-2.sig;1 дополнительное:;состояние2_k-27.sig;-0.07225231;-0.04099664;0.3934493;419;3.572797;292;2.280924;3.961088;181;3.179348
62;62010;60009;57006;7.113558E-09;0.9999999;ОС-1:;состояние1_k-2.sig;1 дополнительное:;состояние2_k-28.sig;-0.07225231;-0.04381885;0.3934493;419;3.577647;27;2.289485;3.96987;170;3.184198
62;62010;60009;57006;7.113558E-09;0.9999999;ОС-1:;состояние1_k-2.sig;1 дополнительное:;состояние2_k-29.sig;-0.07225231;-0.02681667;0.3934493;419;3.428263;125;2.19906;3.820885;418;3.034814
62;62010;60009;57006;7.113558E-09;0.9999999;ОС-1:;состояние1_k-2.sig;1 дополнительное:;состояние2_k-30.sig;-0.07225231;0;0.3934493;419;3.129184;83;2.001464;3.516437;183;2.735735
62;62010;60009;57006;7.113558E-09;0.9999999;ОС-1:;состояние1_k-2.sig;1 дополнительное:;состояние2_k-31.sig;-0.07225231;0.0202319;0.3934493;419;2.702412;173;1.720257;3.095328;173;2.308962
62;62010;60009;57006;7.113558E-09;0.9999999;ОС-1:;состояние1_k-2.sig;1 дополнительное:;состояние2_k-32.sig;-0.07225231;0.02447935;0.3934493;419;2.174701;101;1.390416;2.563731;429;1.781251
62;62010;60009;57006;7.113558E-09;0.9999999;ОС-1:;состояние1_k-2.sig;1 дополнительное:;состояние2_k-33.sig;-0.07225231;0.01630601;0.3934493;419;1.58715;670;1.024862;1.980559;670;1.1937
62;62010;60009;57006;7.113558E-09;0.9999999;ОС-1:;состояние1_k-2.sig;1 дополнительное:;состояние2_k-34.sig;-0.07225231;0.005978763;0.3934493;419;0.994159;353;0.6575296;1.380401;177;0.6007097
62;62010;60009;57006;7.113558E-09;0.9999999;ОС-1:;состояние1_k-2.sig;1 дополнительное:;состояние2_k-35.sig;-0.07225231;0;0.3934493;419;0.5193999;113;0.377383;0.9124326;170;0.1259505
62;62010;60009;57006;7.113558E-09;0.9999999;ОС-1:;состояние1_k-2.sig;1 дополнительное:;состояние2_k-36.sig;-0.07225231;-0.00260723;0.3934493;419;0.5468189;0;0.3921141;0.9389219;167;0.1533696
62;62010;60009;57006;7.113558E-09;0.9999999;ОС-1:;состояние1_k-2.sig;1 дополнительное:;состояние2_k-37.sig;-0.07225231;-0.005278673;0.3934493;419;0.9241601;701;0.6148797;1.316786;674;0.5307108
62;62010;60009;57006;7.113558E-09;0.9999999;ОС-1:;состояние1_k-2.sig;1 дополнительное:;состояние2_k-38.sig;-0.07225231;-0.007825308;0.3934493;419;1.276522;127;0.832527;1.661012;180;0.8830731
62;62010;60009;57006;7.113558E-09;0.9999999;ОС-1:;состояние1_k-2.sig;1 дополнительное:;состояние2_k-39.sig;-0.07225231;-0.006636892;0.3934493;419;1.524328;18;0.9875622;1.916242;172;1.130879
62;62010;60009;57006;7.113558E-09;0.9999999;ОС-1:;состояние1_k-2.sig;1 дополнительное:;состояние2_k-40.sig;-0.07225231;-4.470348E-10;0.3934493;419;1.641473;14;1.063984;2.037602;427;1.248024
62;62010;60009;57006;7.113558E-09;0.9999999;ОС-1:;состояние1_k-3.sig;1 дополнительное:;состояние2_k-21.sig;-0.08652079;0.0224329;0.7052038;245;2.723364;167;1.768568;3.42231;405;2.01816
62;62010;60009;57006;7.113558E-09;0.9999999;ОС-1:;состояние1_k-3.sig;1 дополнительное:;состояние2_k-22.sig;-0.08652079;0.02952295;0.7052038;245;2.536714;110;1.652518;3.237984;746;1.831511
62;62010;60009;57006;7.113558E-09;0.9999999;ОС-1:;состояние1_k-3.sig;1 дополнительное:;состояние2_k-23.sig;-0.08652079;0.02626609;0.7052038;245;2.609944;58;1.692431;3.309855;406;1.90474
62;62010;60009;57006;7.113558E-09;0.9999999;ОС-1:;состояние1_k-3.sig;1 дополнительное:;состояние2_k-24.sig;-0.08652079;0.01663156;0.7052038;245;2.861297;10;1.847448;3.562297;239;2.156093
62;62010;60009;57006;7.113558E-09;0.9999999;ОС-1:;состояние1_k-3.sig;1 дополнительное:;состояние2_k-25.sig;-0.08652079;0;0.7052038;245;3.166939;5;2.039228;3.867038;85;2.461735
62;62010;60009;57006;7.113558E-09;0.9999999;ОС-1:;состояние1_k-3.sig;1 дополнительное:;состояние2_k-26.sig;-0.08652079;-0.0222739;0.7052038;245;3.424962;308;2.198592;4.126956;77;2.719758
62;62010;60009;57006;7.113558E-09;0.9999999;ОС-1:;состояние1_k-3.sig;1 дополнительное:;состояние2_k-27.sig;-0.08652079;-0.04099664;0.7052038;245;3.572797;292;2.29187;4.267338;403;2.867593
62;62010;60009;57006;7.113558E-09;0.9999999;ОС-1:;состояние1_k-3.sig;1 дополнительное:;состояние2_k-28.sig;-0.08652079;-0.04381885;0.7052038;245;3.577647;27;2.301688;4.276169;741;2.872443
62;62010;60009;57006;7.113558E-09;0.9999999;ОС-1:;состояние1_k-3.sig;1 дополнительное:;состояние2_k-29.sig;-0.08652079;-0.02681667;0.7052038;245;3.428263;125;2.214328;4.128523;246;2.72306
62;62010;60009;57006;7.113558E-09;0.9999999;ОС-1:;состояние1_k-3.sig;1 дополнительное:;состояние2_k-30.sig;-0.08652079;0;0.7052038;245;3.129184;83;2.019809;3.831981;83;2.423981
62;62010;60009;57006;7.113558E-09;0.9999999;ОС-1:;состояние1_k-3.sig;1 дополнительное:;состояние2_k-31.sig;-0.08652079;0.0202319;0.7052038;245;2.702412;173;1.746599;3.404249;76;1.997208
62;62010;60009;57006;7.113558E-09;0.9999999;ОС-1:;состояние1_k-3.sig;1 дополнительное:;состояние2_k-32.sig;-0.08652079;0.02447935;0.7052038;245;2.174701;101;1.423329;2.874018;242;1.469497
62;62010;60009;57006;7.113558E-09;0.9999999;ОС-1:;состояние1_k-3.sig;1 дополнительное:;состояние2_k-33.sig;-0.08652079;0.01630601;0.7052038;245;1.58715;670;1.067319;2.265633;64;0.8819458
62;62010;60009;57006;7.113558E-09;0.9999999;ОС-1:;состояние1_k-3.sig;1 дополнительное:;состояние2_k-34.sig;-0.08652079;0.005978763;0.7052038;245;0.994159;353;0.7212328;1.698616;412;0.2889553
62;62010;60009;57006;7.113558E-09;0.9999999;ОС-1:;состояние1_k-3.sig;1 дополнительное:;состояние2_k-35.sig;-0.08652079;0;0.7052038;245;0.5193999;113;0.5181196;1.221326;242;0.1858039
62;62010;60009;57006;7.113558E-09;0.9999999;ОС-1:;состояние1_k-3.sig;1 дополнительное:;состояние2_k-36.sig;-0.08652079;-0.00260723;0.7052038;245;0.5468189;0;0.5226477;1.249236;750;0.1583849
62;62010;60009;57006;7.113558E-09;0.9999999;ОС-1:;состояние1_k-3.sig;1 дополнительное:;состояние2_k-37.sig;-0.08652079;-0.005278673;0.7052038;245;0.9241601;701;0.6792123;1.625561;79;0.2189564
62;62010;60009;57006;7.113558E-09;0.9999999;ОС-1:;состояние1_k-3.sig;1 дополнительное:;состояние2_k-38.sig;-0.08652079;-0.007825308;0.7052038;245;1.276522;127;0.8767378;1.975479;245;0.5713186
62;62010;60009;57006;7.113558E-09;0.9999999;ОС-1:;состояние1_k-3.sig;1 дополнительное:;состояние2_k-39.sig;-0.08652079;-0.006636892;0.7052038;245;1.524328;18;1.025477;2.218625;236;0.8191243
62;62010;60009;57006;7.113558E-09;0.9999999;ОС-1:;состояние1_k-3.sig;1 дополнительное:;состояние2_k-40.sig;-0.08652079;-4.470348E-10;0.7052038;245;1.641473;14;1.100764;2.3511;577;0.9362692
62;62010;60009;57006;7.113558E-09;0.9999999;ОС-1:;состояние1_k-4.sig;1 дополнительное:;состояние2_k-21.sig;-0.06392406;0.0224329;1.107571;156;2.723364;167;1.822657;3.82178;786;1.615792
62;62010;60009;57006;7.113558E-09;0.9999999;ОС-1:;состояние1_k-4.sig;1 дополнительное:;состояние2_k-22.sig;-0.06392406;0.02952295;1.107571;156;2.536714;110;1.711031;3.63816;405;1.429143
62;62010;60009;57006;7.113558E-09;0.9999999;ОС-1:;состояние1_k-4.sig;1 дополнительное:;состояние2_k-23.sig;-0.06392406;0.02626609;1.107571;156;2.609944;58;1.748832;3.706661;536;1.502372
62;62010;60009;57006;7.113558E-09;0.9999999;ОС-1:;состояние1_k-4.sig;1 дополнительное:;состояние2_k-24.sig;-0.06392406;0.01663156;1.107571;156;2.861297;10;1.897909;3.966348;156;1.753725
62;62010;60009;57006;7.113558E-09;0.9999999;ОС-1:;состояние1_k-4.sig;1 дополнительное:;состояние2_k-25.sig;-0.06392406;0;1.107571;156;3.166939;5;2.078139;4.268633;285;2.059368
62;62010;60009;57006;7.113558E-09;0.9999999;ОС-1:;состояние1_k-4.sig;1 дополнительное:;состояние2_k-26.sig;-0.06392406;-0.0222739;1.107571;156;3.424962;308;2.229374;4.529889;404;2.31739
62;62010;60009;57006;7.113558E-09;0.9999999;ОС-1:;состояние1_k-4.sig;1 дополнительное:;состояние2_k-27.sig;-0.06392406;-0.04099664;1.107571;156;3.572797;292;2.316435;4.675483;33;2.465225
62;62010;60009;57006;7.113558E-09;0.9999999;ОС-1:;состояние1_k-4.sig;1 дополнительное:;состояние2_k-28.sig;-0.06392406;-0.04381885;1.107571;156;3.577647;27;2.326557;4.679911;27;2.470076
62;62010;60009;57006;7.113558E-09;0.9999999;ОС-1:;состояние1_k-4.sig;1 дополнительное:;состояние2_k-29.sig;-0.06392406;-0.02681667;1.107571;156;3.428263;125;2.243654;4.533537;780;2.320692
62;62010;60009;57006;7.113558E-09;0.9999999;ОС-1:;состояние1_k-4.sig;1 дополнительное:;состояние2_k-30.sig;-0.06392406;0;1.107571;156;3.129184;83;2.061035;4.235214;283;2.021613
62;62010;60009;57006;7.113558E-09;0.9999999;ОС-1:;состояние1_k-4.sig;1 дополнительное:;состояние2_k-31.sig;-0.06392406;0.0202319;1.107571;156;2.702412;173;1.798709;3.808658;157;1.59484
62;62010;60009;57006;7.113558E-09;0.9999999;ОС-1:;состояние1_k-4.sig;1 дополнительное:;состояние2_k-32.sig;-0.06392406;0.02447935;1.107571;156;2.174701;101;1.49104;3.260384;148;1.067129
62;62010;60009;57006;7.113558E-09;0.9999999;ОС-1:;состояние1_k-4.sig;1 дополнительное:;состояние2_k-33.sig;-0.06392406;0.01630601;1.107571;156;1.58715;670;1.155531;2.693557;655;0.4795781
62;62010;60009;57006;7.113558E-09;0.9999999;ОС-1:;состояние1_k-4.sig;1 дополнительное:;состояние2_k-34.sig;-0.06392406;0.005978763;1.107571;156;0.994159;353;0.872973;2.095584;29;0.1134124
62;62010;60009;57006;7.113558E-09;0.9999999;ОС-1:;состояние1_k-4.sig;1 дополнительное:;состояние2_k-35.sig;-0.06392406;0;1.107571;156;0.5193999;113;0.7617607;1.626835;156;0.5881716
62;62010;60009;57006;7.113558E-09;0.9999999;ОС-1:;состояние1_k-4.sig;1 дополнительное:;состояние2_k-36.sig;-0.06392406;-0.00260723;1.107571;156;0.5468189;0;0.7609281;1.650975;28;0.5607526
62;62010;60009;57006;7.113558E-09;0.9999999;ОС-1:;состояние1_k-4.sig;1 дополнительное:;состояние2_k-37.sig;-0.06392406;-0.005278673;1.107571;156;0.9241601;701;0.8401446;2.031099;782;0.1834114
62;62010;60009;57006;7.113558E-09;0.9999999;ОС-1:;состояние1_k-4.sig;1 дополнительное:;состояние2_k-38.sig;-0.06392406;-0.007825308;1.107571;156;1.276522;127;0.9756007;2.377764;285;0.1689509
62;62010;60009;57006;7.113558E-09;0.9999999;ОС-1:;состояние1_k-4.sig;1 дополнительное:;состояние2_k-39.sig;-0.06392406;-0.006636892;1.107571;156;1.524328;18;1.105228;2.630255;531;0.4167566
62;62010;60009;57006;7.113558E-09;0.9999999;ОС-1:;состояние1_k-4.sig;1 дополнительное:;состояние2_k-40.sig;-0.06392406;-4.470348E-10;1.107571;156;1.641473;14;1.177673;2.748475;152;0.5339015
62;62010;60009;57006;7.113558E-09;0.9999999;ОС-1:;состояние1_k-5.sig;1 дополнительное:;состояние2_k-21.sig;0;0.0224329;1.590876;101;2.723364;167;1.902694;4.300991;405;1.132488
62;62010;60009;57006;7.113558E-09;0.9999999;ОС-1:;состояние1_k-5.sig;1 дополнительное:;состояние2_k-22.sig;0;0.02952295;1.590876;101;2.536714;110;1.799443;4.127557;201;0.9458381
62;62010;60009;57006;7.113558E-09;0.9999999;ОС-1:;состояние1_k-5.sig;1 дополнительное:;состояние2_k-23.sig;0;0.02626609;1.590876;101;2.609944;58;1.838615;4.18832;297;1.019068
62;62010;60009;57006;7.113558E-09;0.9999999;ОС-1:;состояние1_k-5.sig;1 дополнительное:;состояние2_k-24.sig;0;0.01663156;1.590876;101;2.861297;10;1.977506;4.436807;697;1.270421
62;62010;60009;57006;7.113558E-09;0.9999999;ОС-1:;состояние1_k-5.sig;1 дополнительное:;состояние2_k-25.sig;0;0;1.590876;101;3.166939;5;2.145687;4.744807;5;1.576063
62;62010;60009;57006;7.113558E-09;0.9999999;ОС-1:;состояние1_k-5.sig;1 дополнительное:;состояние2_k-26.sig;0;-0.0222739;1.590876;101;3.424962;308;2.284771;5.010227;0;1.834086
62;62010;60009;57006;7.113558E-09;0.9999999;ОС-1:;состояние1_k-5.sig;1 дополнительное:;состояние2_k-27.sig;0;-0.04099664;1.590876;101;3.572797;292;2.364053;5.159618;403;1.981921
62;62010;60009;57006;7.113558E-09;0.9999999;ОС-1:;состояние1_k-5.sig;1 дополнительное:;состояние2_k-28.sig;0;-0.04381885;1.590876;101;3.577647;27;2.369859;5.151817;598;1.986771
62;62010;60009;57006;7.113558E-09;0.9999999;ОС-1:;состояние1_k-5.sig;1 дополнительное:;состояние2_k-29.sig;0;-0.02681667;1.590876;101;3.428263;125;2.293848;5.018322;401;1.837387
62;62010;60009;57006;7.113558E-09;0.9999999;ОС-1:;состояние1_k-5.sig;1 дополнительное:;состояние2_k-30.sig;0;0;1.590876;101;3.129184;83;2.123951;4.718257;100;1.538308
62;62010;60009;57006;7.113558E-09;0.9999999;ОС-1:;состояние1_k-5.sig;1 дополнительное:;состояние2_k-31.sig;0;0.0202319;1.590876;101;2.702412;173;1.882284;4.288383;399;1.111535
62;62010;60009;57006;7.113558E-09;0.9999999;ОС-1:;состояние1_k-5.sig;1 дополнительное:;состояние2_k-32.sig;0;0.02447935;1.590876;101;2.174701;101;1.597843;3.765577;601;0.5838245
62;62010;60009;57006;7.113558E-09;0.9999999;ОС-1:;состояние1_k-5.sig;1 дополнительное:;состояние2_k-33.sig;0;0.01630601;1.590876;101;1.58715;670;1.304522;3.171089;3;0.003726602
62;62010;60009;57006;7.113558E-09;0.9999999;ОС-1:;состояние1_k-5.sig;1 дополнительное:;состояние2_k-34.sig;0;0.005978763;1.590876;101;0.994159;353;1.119363;2.584303;0;0.5967172
62;62010;60009;57006;7.113558E-09;0.9999999;ОС-1:;состояние1_k-5.sig;1 дополнительное:;состояние2_k-35.sig;0;0;1.590876;101;0.5193999;113;1.01904;2.106583;99;1.071476
62;62010;60009;57006;7.113558E-09;0.9999999;ОС-1:;состояние1_k-5.sig;1 дополнительное:;состояние2_k-36.sig;0;-0.00260723;1.590876;101;0.5468189;0;1.044529;2.137026;0;1.044057
62;62010;60009;57006;7.113558E-09;0.9999999;ОС-1:;состояние1_k-5.sig;1 дополнительное:;состояние2_k-37.sig;0;-0.005278673;1.590876;101;0.9241601;701;1.09402;2.505945;498;0.6667161
62;62010;60009;57006;7.113558E-09;0.9999999;ОС-1:;состояние1_k-5.sig;1 дополнительное:;состояние2_k-38.sig;0;-0.007825308;1.590876;101;1.276522;127;1.175845;2.863624;601;0.3143538
62;62010;60009;57006;7.113558E-09;0.9999999;ОС-1:;состояние1_k-5.sig;1 дополнительное:;состояние2_k-39.sig;0;-0.006636892;1.590876;101;1.524328;18;1.257302;3.104702;403;0.06654811
62;62010;60009;57006;7.113558E-09;0.9999999;ОС-1:;состояние1_k-5.sig;1 дополнительное:;состояние2_k-40.sig;0;-4.470348E-10;1.590876;101;1.641473;14;1.313319;3.236186;102;0.05059671
62;62010;60009;57006;7.113558E-09;0.9999999;ОС-1:;состояние1_k-6.sig;1 дополнительное:;состояние2_k-21.sig;0.08291154;0.0224329;2.137385;397;2.723364;167;2.021966;4.841277;310;0.5859792
62;62010;60009;57006;7.113558E-09;0.9999999;ОС-1:;состояние1_k-6.sig;1 дополнительное:;состояние2_k-22.sig;0.08291154;0.02952295;2.137385;397;2.536714;110;1.92963;4.613262;224;0.3993297
62;62010;60009;57006;7.113558E-09;0.9999999;ОС-1:;состояние1_k-6.sig;1 дополнительное:;состояние2_k-23.sig;0.08291154;0.02626609;2.137385;397;2.609944;58;1.965581;4.742257;732;0.4725592
62;62010;60009;57006;7.113558E-09;0.9999999;ОС-1:;состояние1_k-6.sig;1 дополнительное:;состояние2_k-24.sig;0.08291154;0.01663156;2.137385;397;2.861297;10;2.092323;4.887741;72;0.7239122
62;62010;60009;57006;7.113558E-09;0.9999999;ОС-1:;состояние1_k-6.sig;1 дополнительное:;состояние2_k-25.sig;0.08291154;0;2.137385;397;3.166939;5;2.248125;5.301128;65;1.029554
62;62010;60009;57006;7.113558E-09;0.9999999;ОС-1:;состояние1_k-6.sig;1 дополнительное:;состояние2_k-26.sig;0.08291154;-0.0222739;2.137385;397;3.424962;308;2.378479;5.515849;58;1.287577
62;62010;60009;57006;7.113558E-09;0.9999999;ОС-1:;состояние1_k-6.sig;1 дополнительное:;состояние2_k-27.sig;0.08291154;-0.04099664;2.137385;397;3.572797;292;2.450428;5.696574;144;1.435412
62;62010;60009;57006;7.113558E-09;0.9999999;ОС-1:;состояние1_k-6.sig;1 дополнительное:;состояние2_k-28.sig;0.08291154;-0.04381885;2.137385;397;3.577647;27;2.45468;5.709973;313;1.440262
62;62010;60009;57006;7.113558E-09;0.9999999;ОС-1:;состояние1_k-6.sig;1 дополнительное:;состояние2_k-29.sig;0.08291154;-0.02681667;2.137385;397;3.428263;125;2.380738;5.547185;729;1.290879
62;62010;60009;57006;7.113558E-09;0.9999999;ОС-1:;состояние1_k-6.sig;1 дополнительное:;состояние2_k-30.sig;0.08291154;0;2.137385;397;3.129184;83;2.22096;5.254788;233;0.9917998
62;62010;60009;57006;7.113558E-09;0.9999999;ОС-1:;состояние1_k-6.sig;1 дополнительное:;состояние2_k-31.sig;0.08291154;0.0202319;2.137385;397;2.702412;173;2.000773;4.820324;60;0.565027
62;62010;60009;57006;7.113558E-09;0.9999999;ОС-1:;состояние1_k-6.sig;1 дополнительное:;состояние2_k-32.sig;0.08291154;0.02447935;2.137385;397;2.174701;101;1.760212;4.310052;398;0.03731608
62;62010;60009;57006;7.113558E-09;0.9999999;ОС-1:;состояние1_k-6.sig;1 дополнительное:;состояние2_k-33.sig;0.08291154;0.01630601;2.137385;397;1.58715;670;1.555465;3.724075;564;0.550235
62;62010;60009;57006;7.113558E-09;0.9999999;ОС-1:;состояние1_k-6.sig;1 дополнительное:;состояние2_k-34.sig;0.08291154;0.005978763;2.137385;397;0.994159;353;1.41665;3.131262;147;1.143226
62;62010;60009;57006;7.113558E-09;0.9999999;ОС-1:;состояние1_k-6.sig;1 дополнительное:;состояние2_k-35.sig;0.08291154;0;2.137385;397;0.5193999;113;1.352385;2.656357;313;1.617985
62;62010;60009;57006;7.113558E-09;0.9999999;ОС-1:;состояние1_k-6.sig;1 дополнительное:;состояние2_k-36.sig;0.08291154;-0.00260723;2.137385;397;0.5468189;0;1.345368;2.636;69;1.590566
62;62010;60009;57006;7.113558E-09;0.9999999;ОС-1:;состояние1_k-6.sig;1 дополнительное:;состояние2_k-37.sig;0.08291154;-0.005278673;2.137385;397;0.9241601;701;1.395949;3.061504;647;1.213225
62;62010;60009;57006;7.113558E-09;0.9999999;ОС-1:;состояние1_k-6.sig;1 дополнительное:;состояние2_k-38.sig;0.08291154;-0.007825308;2.137385;397;1.276522;127;1.455541;3.40259;61;0.8608623
62;62010;60009;57006;7.113558E-09;0.9999999;ОС-1:;состояние1_k-6.sig;1 дополнительное:;состояние2_k-39.sig;0.08291154;-0.006636892;2.137385;397;1.524328;18;1.514477;3.658835;146;0.6130565
62;62010;60009;57006;7.113558E-09;0.9999999;ОС-1:;состояние1_k-6.sig;1 дополнительное:;состояние2_k-40.sig;0.08291154;-4.470348E-10;2.137385;397;1.641473;14;1.553942;3.778565;314;0.4959117
62;62010;60009;57006;7.113558E-09;0.9999999;ОС-1:;состояние1_k-7.sig;1 дополнительное:;состояние2_k-21.sig;0.1422617;0.0224329;2.723784;465;2.723364;167;2.19982;5.136371;404;0.0004200935
62;62010;60009;57006;7.113558E-09;0.9999999;ОС-1:;состояние1_k-7.sig;1 дополнительное:;состояние2_k-22.sig;0.1422617;0.02952295;2.723784;465;2.536714;110;2.138735;5.255076;178;0.1870697
62;62010;60009;57006;7.113558E-09;0.9999999;ОС-1:;состояние1_k-7.sig;1 дополнительное:;состояние2_k-23.sig;0.1422617;0.02626609;2.723784;465;2.609944;58;2.157302;5.331504;36;0.1138401
62;62010;60009;57006;7.113558E-09;0.9999999;ОС-1:;состояние1_k-7.sig;1 дополнительное:;состояние2_k-24.sig;0.1422617;0.01663156;2.723784;465;2.861297;10;2.260851;5.581751;322;0.1375129
62;62010;60009;57006;7.113558E-09;0.9999999;ОС-1:;состояние1_k-7.sig;1 дополнительное:;состояние2_k-25.sig;0.1422617;0;2.723784;465;3.166939;5;2.40656;5.890723;465;0.4431551
62;62010;60009;57006;7.113558E-09;0.9999999;ОС-1:;состояние1_k-7.sig;1 дополнительное:;состояние2_k-26.sig;0.1422617;-0.0222739;2.723784;465;3.424962;308;2.530524;6.1425;750;0.7011781
62;62010;60009;57006;7.113558E-09;0.9999999;ОС-1:;состояние1_k-7.sig;1 дополнительное:;состояние2_k-27.sig;0.1422617;-0.04099664;2.723784;465;3.572797;292;2.600281;6.29301;107;0.8490129
62;62010;60009;57006;7.113558E-09;0.9999999;ОС-1:;состояние1_k-7.sig;1 дополнительное:;состояние2_k-28.sig;0.1422617;-0.04381885;2.723784;465;3.577647;27;2.605249;6.124129;473;0.853863
62;62010;60009;57006;7.113558E-09;0.9999999;ОС-1:;состояние1_k-7.sig;1 дополнительное:;состояние2_k-29.sig;0.1422617;-0.02681667;2.723784;465;3.428263;125;2.531566;6.134617;177;0.7044795
62;62010;60009;57006;7.113558E-09;0.9999999;ОС-1:;состояние1_k-7.sig;1 дополнительное:;состояние2_k-30.sig;0.1422617;0;2.723784;465;3.129184;83;2.377031;5.85053;250;0.4054005
62;62010;60009;57006;7.113558E-09;0.9999999;ОС-1:;состояние1_k-7.sig;1 дополнительное:;состояние2_k-31.sig;0.1422617;0.0202319;2.723784;465;2.702412;173;2.185173;5.41433;108;0.02137232
62;62010;60009;57006;7.113558E-09;0.9999999;ОС-1:;состояние1_k-7.sig;1 дополнительное:;состояние2_k-32.sig;0.1422617;0.02447935;2.723784;465;2.174701;101;2.024779;4.897058;179;0.5490832
62;62010;60009;57006;7.113558E-09;0.9999999;ОС-1:;состояние1_k-7.sig;1 дополнительное:;состояние2_k-33.sig;0.1422617;0.01630601;2.723784;465;1.58715;670;1.884054;4.302549;322;1.136634
62;62010;60009;57006;7.113558E-09;0.9999999;ОС-1:;состояние1_k-7.sig;1 дополнительное:;состояние2_k-34.sig;0.1422617;0.005978763;2.723784;465;0.994159;353;1.773711;3.716576;750;1.729625
62;62010;60009;57006;7.113558E-09;0.9999999;ОС-1:;состояние1_k-7.sig;1 дополнительное:;состояние2_k-35.sig;0.1422617;0;2.723784;465;0.5193999;113;1.763218;3.184787;255;2.204384
62;62010;60009;57006;7.113558E-09;0.9999999;ОС-1:;состояние1_k-7.sig;1 дополнительное:;состояние2_k-36.sig;0.1422617;-0.00260723;2.723784;465;0.5468189;0;1.73513;3.269299;250;2.176965
62;62010;60009;57006;7.113558E-09;0.9999999;ОС-1:;состояние1_k-7.sig;1 дополнительное:;состояние2_k-37.sig;0.1422617;-0.005278673;2.723784;465;0.9241601;701;1.772193;3.637589;107;1.799624
62;62010;60009;57006;7.113558E-09;0.9999999;ОС-1:;состояние1_k-7.sig;1 дополнительное:;состояние2_k-38.sig;0.1422617;-0.007825308;2.723784;465;1.276522;127;1.816292;3.99456;35;1.447262
62;62010;60009;57006;7.113558E-09;0.9999999;ОС-1:;состояние1_k-7.sig;1 дополнительное:;состояние2_k-39.sig;0.1422617;-0.006636892;2.723784;465;1.524328;18;1.859323;4.237812;249;1.199456
62;62010;60009;57006;7.113558E-09;0.9999999;ОС-1:;состояние1_k-7.sig;1 дополнительное:;состояние2_k-40.sig;0.1422617;-4.470348E-10;2.723784;465;1.641473;14;1.886238;4.36557;752;1.082311
62;62010;60009;57006;7.113558E-09;0.9999999;ОС-1:;состояние1_k-8.sig;1 дополнительное:;состояние2_k-21.sig;0.1424252;0.0224329;3.322246;16;2.723364;167;2.477805;6.043491;453;0.5988824
62;62010;60009;57006;7.113558E-09;0.9999999;ОС-1:;состояние1_k-8.sig;1 дополнительное:;состояние2_k-22.sig;0.1424252;0.02952295;3.322246;16;2.536714;110;2.420092;5.836638;201;0.785532
62;62010;60009;57006;7.113558E-09;0.9999999;ОС-1:;состояние1_k-8.sig;1 дополнительное:;состояние2_k-23.sig;0.1424252;0.02626609;3.322246;16;2.609944;58;2.421543;5.923164;515;0.7123024
62;62010;60009;57006;7.113558E-09;0.9999999;ОС-1:;состояние1_k-8.sig;1 дополнительное:;состояние2_k-24.sig;0.1424252;0.01663156;3.322246;16;2.861297;10;2.643448;5.389086;29;0.4609494
62;62010;60009;57006;7.113558E-09;0.9999999;ОС-1:;состояние1_k-8.sig;1 дополнительное:;состояние2_k-25.sig;0.1424252;0;3.322246;16;3.166939;5;2.608149;6.486556;265;0.1553073
62;62010;60009;57006;7.113558E-09;0.9999999;ОС-1:;состояние1_k-8.sig;1 дополнительное:;состояние2_k-26.sig;0.1424252;-0.0222739;3.322246;16;3.424962;308;2.733224;6.737223;77;0.1027157
62;62010;60009;57006;7.113558E-09;0.9999999;ОС-1:;состояние1_k-8.sig;1 дополнительное:;состояние2_k-27.sig;0.1424252;-0.04099664;3.322246;16;3.572797;292;2.814717;6.893124;329;0.2505505
62;62010;60009;57006;7.113558E-09;0.9999999;ОС-1:;состояние1_k-8.sig;1 дополнительное:;состояние2_k-28.sig;0.1424252;-0.04381885;3.322246;16;3.577647;27;2.826276;6.870272;205;0.2554007
62;62010;60009;57006;7.113558E-09;0.9999999;ОС-1:;состояние1_k-8.sig;1 дополнительное:;состояние2_k-29.sig;0.1424252;-0.02681667;3.322246;16;3.428263;125;2.750684;6.740973;142;0.1060171
62;62010;60009;57006;7.113558E-09;0.9999999;ОС-1:;состояние1_k-8.sig;1 дополнительное:;состояние2_k-30.sig;0.1424252;0;3.322246;16;3.129184;83;2.615988;6.440216;266;0.1930618
62;62010;60009;57006;7.113558E-09;0.9999999;ОС-1:;состояние1_k-8.sig;1 дополнительное:;состояние2_k-31.sig;0.1424252;0.0202319;3.322246;16;2.702412;173;2.463907;6.021143;641;0.6198347
62;62010;60009;57006;7.113558E-09;0.9999999;ОС-1:;состояние1_k-8.sig;1 дополнительное:;состояние2_k-32.sig;0.1424252;0.02447935;3.322246;16;2.174701;101;2.339131;5.300396;22;1.147546
62;62010;60009;57006;7.113558E-09;0.9999999;ОС-1:;состояние1_k-8.sig;1 дополнительное:;состояние2_k-33.sig;0.1424252;0.01630601;3.322246;16;1.58715;670;2.24534;4.907343;579;1.735097
62;62010;60009;57006;7.113558E-09;0.9999999;ОС-1:;состояние1_k-8.sig;1 дополнительное:;состояние2_k-34.sig;0.1424252;0.005978763;3.322246;16;0.994159;353;2.17587;4.312454;15;2.328087
62;62010;60009;57006;7.113558E-09;0.9999999;ОС-1:;состояние1_k-8.sig;1 дополнительное:;состояние2_k-35.sig;0.1424252;0;3.322246;16;0.5193999;113;2.141723;3.837071;641;2.802846
62;62010;60009;57006;7.113558E-09;0.9999999;ОС-1:;состояние1_k-8.sig;1 дополнительное:;состояние2_k-36.sig;0.1424252;-0.00260723;3.322246;16;0.5468189;0;2.142607;3.855351;14;2.775427
62;62010;60009;57006;7.113558E-09;0.9999999;ОС-1:;состояние1_k-8.sig;1 дополнительное:;состояние2_k-37.sig;0.1424252;-0.005278673;3.322246;16;0.9241601;701;2.177208;4.242773;390;2.398086
62;62010;60009;57006;7.113558E-09;0.9999999;ОС-1:;состояние1_k-8.sig;1 дополнительное:;состояние2_k-38.sig;0.1424252;-0.007825308;3.322246;16;1.276522;127;2.228215;4.595307;140;2.045724
62;62010;60009;57006;7.113558E-09;0.9999999;ОС-1:;состояние1_k-8.sig;1 дополнительное:;состояние2_k-39.sig;0.1424252;-0.006636892;3.322246;16;1.524328;18;2.265768;4.844163;454;1.797918
62;62010;60009;57006;7.113558E-09;0.9999999;ОС-1:;состояние1_k-8.sig;1 дополнительное:;состояние2_k-40.sig;0.1424252;-4.470348E-10;3.322246;16;1.641473;14;2.185452;4.507137;26;1.680773
62;62010;60009;57006;7.113558E-09;0.9999999;ОС-1:;состояние1_k-9.sig;1 дополнительное:;состояние2_k-21.sig;0.08247025;0.0224329;3.902699;333;2.723364;167;2.827069;6.622928;167;1.179335
62;62010;60009;57006;7.113558E-09;0.9999999;ОС-1:;состояние1_k-9.sig;1 дополнительное:;состояние2_k-22.sig;0.08247025;0.02952295;3.902699;333;2.536714;110;2.743336;6.436062;610;1.365984
62;62010;60009;57006;7.113558E-09;0.9999999;ОС-1:;состояние1_k-9.sig;1 дополнительное:;состояние2_k-23.sig;0.08247025;0.02626609;3.902699;333;2.609944;58;2.748168;6.490118;276;1.292755
62;62010;60009;57006;7.113558E-09;0.9999999;ОС-1:;состояние1_k-9.sig;1 дополнительное:;состояние2_k-24.sig;0.08247025;0.01663156;3.902699;333;2.861297;10;2.788365;6.707425;780;1.041402
62;62010;60009;57006;7.113558E-09;0.9999999;ОС-1:;состояние1_k-9.sig;1 дополнительное:;состояние2_k-25.sig;0.08247025;0;3.902699;333;3.166939;5;2.86247;7.059276;165;0.7357597
62;62010;60009;57006;7.113558E-09;0.9999999;ОС-1:;состояние1_k-9.sig;1 дополнительное:;состояние2_k-26.sig;0.08247025;-0.0222739;3.902699;333;3.424962;308;2.959472;7.321845;500;0.4777367
62;62010;60009;57006;7.113558E-09;0.9999999;ОС-1:;состояние1_k-9.sig;1 дополнительное:;состояние2_k-27.sig;0.08247025;-0.04099664;3.902699;333;3.572797;292;3.232879;6.33724;235;0.3299019
62;62010;60009;57006;7.113558E-09;0.9999999;ОС-1:;состояние1_k-9.sig;1 дополнительное:;состояние2_k-28.sig;0.08247025;-0.04381885;3.902699;333;3.577647;27;3.055293;7.479357;277;0.3250518
62;62010;60009;57006;7.113558E-09;0.9999999;ОС-1:;состояние1_k-9.sig;1 дополнительное:;состояние2_k-29.sig;0.08247025;-0.02681667;3.902699;333;3.428263;125;3.000406;7.326632;56;0.4744353
62;62010;60009;57006;7.113558E-09;0.9999999;ОС-1:;состояние1_k-9.sig;1 дополнительное:;состояние2_k-30.sig;0.08247025;0;3.902699;333;3.129184;83;2.89259;7.031883;333;0.7735143
62;62010;60009;57006;7.113558E-09;0.9999999;ОС-1:;состояние1_k-9.sig;1 дополнительное:;состояние2_k-31.sig;0.08247025;0.0202319;3.902699;333;2.702412;173;2.774232;6.593139;221;1.200287
62;62010;60009;57006;7.113558E-09;0.9999999;ОС-1:;состояние1_k-9.sig;1 дополнительное:;состояние2_k-32.sig;0.08247025;0.02447935;3.902699;333;2.174701;101;2.66666;6.067519;554;1.727998
62;62010;60009;57006;7.113558E-09;0.9999999;ОС-1:;состояние1_k-9.sig;1 дополнительное:;состояние2_k-33.sig;0.08247025;0.01630601;3.902699;333;1.58715;670;2.595133;5.480031;443;2.315549
62;62010;60009;57006;7.113558E-09;0.9999999;ОС-1:;состояние1_k-9.sig;1 дополнительное:;состояние2_k-34.sig;0.08247025;0.005978763;3.902699;333;0.994159;353;2.533404;4.895921;500;2.90854
62;62010;60009;57006;7.113558E-09;0.9999999;ОС-1:;состояние1_k-9.sig;1 дополнительное:;состояние2_k-35.sig;0.08247025;0;3.902699;333;0.5193999;113;2.511663;4.417766;56;3.383299
62;62010;60009;57006;7.113558E-09;0.9999999;ОС-1:;состояние1_k-9.sig;1 дополнительное:;состояние2_k-36.sig;0.08247025;-0.00260723;3.902699;333;0.5468189;0;2.5223;4.448812;611;3.35588
62;62010;60009;57006;7.113558E-09;0.9999999;ОС-1:;состояние1_k-9.sig;1 дополнительное:;состояние2_k-37.sig;0.08247025;-0.005278673;3.902699;333;0.9241601;701;2.529642;4.825224;444;2.978539
62;62010;60009;57006;7.113558E-09;0.9999999;ОС-1:;состояние1_k-9.sig;1 дополнительное:;состояние2_k-38.sig;0.08247025;-0.007825308;3.902699;333;1.276522;127;2.558726;5.170777;666;2.626176
62;62010;60009;57006;7.113558E-09;0.9999999;ОС-1:;состояние1_k-9.sig;1 дополнительное:;состояние2_k-39.sig;0.08247025;-0.006636892;3.902699;333;1.524328;18;2.595459;5.377233;108;2.378371
62;62010;60009;57006;7.113558E-09;0.9999999;ОС-1:;состояние1_k-9.sig;1 дополнительное:;состояние2_k-40.sig;0.08247025;-4.470348E-10;3.902699;333;1.641473;14;2.602238;5.547921;777;2.261226
62;62010;60009;57006;7.113558E-09;0.9999999;ОС-1:;состояние1_k-10.sig;1 дополнительное:;состояние2_k-21.sig;0;0.0224329;4.43126;87;2.723364;167;3.085762;7.153396;286;1.707896
62;62010;60009;57006;7.113558E-09;0.9999999;ОС-1:;состояние1_k-10.sig;1 дополнительное:;состояние2_k-22.sig;0;0.02952295;4.43126;87;2.536714;110;3.04155;6.965666;87;1.894545
62;62010;60009;57006;7.113558E-09;0.9999999;ОС-1:;состояние1_k-10.sig;1 дополнительное:;состояние2_k-23.sig;0;0.02626609;4.43126;87;2.609944;58;3.089798;7.038277;536;1.821316
62;62010;60009;57006;7.113558E-09;0.9999999;ОС-1:;состояние1_k-10.sig;1 дополнительное:;состояние2_k-24.sig;0;0.01663156;4.43126;87;2.861297;10;3.144011;7.272746;135;1.569963
62;62010;60009;57006;7.113558E-09;0.9999999;ОС-1:;состояние1_k-10.sig;1 дополнительное:;состояние2_k-25.sig;0;0;4.43126;87;3.166939;5;3.194635;7.578388;185;1.264321
62;62010;60009;57006;7.113558E-09;0.9999999;ОС-1:;состояние1_k-10.sig;1 дополнительное:;состояние2_k-26.sig;0;-0.0222739;4.43126;87;3.424962;308;3.254466;7.811357;38;1.006298
62;62010;60009;57006;7.113558E-09;0.9999999;ОС-1:;состояние1_k-10.sig;1 дополнительное:;состояние2_k-27.sig;0;-0.04099664;4.43126;87;3.572797;292;3.293812;7.992553;736;0.8584628
62;62010;60009;57006;7.113558E-09;0.9999999;ОС-1:;состояние1_k-10.sig;1 дополнительное:;состояние2_k-28.sig;0;-0.04381885;4.43126;87;3.577647;27;3.286399;7.987951;188;0.8536127
62;62010;60009;57006;7.113558E-09;0.9999999;ОС-1:;состояние1_k-10.sig;1 дополнительное:;состояние2_k-29.sig;0;-0.02681667;4.43126;87;3.428263;125;3.223562;7.859121;487;1.002996
62;62010;60009;57006;7.113558E-09;0.9999999;ОС-1:;состояние1_k-10.sig;1 дополнительное:;состояние2_k-30.sig;0;0;4.43126;87;3.129184;83;3.442152;6.288613;48;1.302075
62;62010;60009;57006;7.113558E-09;0.9999999;ОС-1:;состояние1_k-10.sig;1 дополнительное:;состояние2_k-31.sig;0;0.0202319;4.43126;87;2.702412;173;3.016108;7.131991;286;1.728848
62;62010;60009;57006;7.113558E-09;0.9999999;ОС-1:;состояние1_k-10.sig;1 дополнительное:;состояние2_k-32.sig;0;0.02447935;4.43126;87;2.174701;101;2.931581;6.590353;86;2.256559
62;62010;60009;57006;7.113558E-09;0.9999999;ОС-1:;состояние1_k-10.sig;1 дополнительное:;состояние2_k-33.sig;0;0.01630601;4.43126;87;1.58715;670;2.876451;6.014396;337;2.84411
62;62010;60009;57006;7.113558E-09;0.9999999;ОС-1:;состояние1_k-10.sig;1 дополнительное:;состояние2_k-34.sig;0;0.005978763;4.43126;87;0.994159;353;2.84663;5.414595;236;3.437101
62;62010;60009;57006;7.113558E-09;0.9999999;ОС-1:;состояние1_k-10.sig;1 дополнительное:;состояние2_k-35.sig;0;0;4.43126;87;0.5193999;113;2.831349;4.927233;185;3.91186
62;62010;60009;57006;7.113558E-09;0.9999999;ОС-1:;состояние1_k-10.sig;1 дополнительное:;состояние2_k-36.sig;0;-0.00260723;4.43126;87;0.5468189;0;2.839482;4.97664;486;3.884441
62;62010;60009;57006;7.113558E-09;0.9999999;ОС-1:;состояние1_k-10.sig;1 дополнительное:;состояние2_k-37.sig;0;-0.005278673;4.43126;87;0.9241601;701;2.862745;5.349232;687;3.5071
62;62010;60009;57006;7.113558E-09;0.9999999;ОС-1:;состояние1_k-10.sig;1 дополнительное:;состояние2_k-38.sig;0;-0.007825308;4.43126;87;1.276522;127;2.895287;5.697963;87;3.154737
62;62010;60009;57006;7.113558E-09;0.9999999;ОС-1:;состояние1_k-10.sig;1 дополнительное:;состояние2_k-39.sig;0;-0.006636892;4.43126;87;1.524328;18;2.918182;5.954257;736;2.906931
62;62010;60009;57006;7.113558E-09;0.9999999;ОС-1:;состояние1_k-10.sig;1 дополнительное:;состояние2_k-40.sig;0;-4.470348E-10;4.43126;87;1.641473;14;2.934568;6.022659;39;2.789787
62;62010;60009;57006;7.113558E-09;0.9999999;ОС-1:;состояние1_k-11.sig;1 дополнительное:;состояние2_k-21.sig;-0.05536712;0.0224329;4.881712;794;2.723364;167;3.317313;7.583131;429;2.158348
62;62010;60009;57006;7.113558E-09;0.9999999;ОС-1:;состояние1_k-11.sig;1 дополнительное:;состояние2_k-22.sig;-0.05536712;0.02952295;4.881712;794;2.536714;110;3.421522;7.381866;747;2.344998
62;62010;60009;57006;7.113558E-09;0.9999999;ОС-1:;состояние1_k-11.sig;1 дополнительное:;состояние2_k-23.sig;-0.05536712;0.02626609;4.881712;794;2.609944;58;3.322667;7.478345;340;2.271768
62;62010;60009;57006;7.113558E-09;0.9999999;ОС-1:;состояние1_k-11.sig;1 дополнительное:;состояние2_k-24.sig;-0.05536712;0.01663156;4.881712;794;2.861297;10;3.406217;7.742917;385;2.020415
62;62010;60009;57006;7.113558E-09;0.9999999;ОС-1:;состояние1_k-11.sig;1 дополнительное:;состояние2_k-25.sig;-0.05536712;0;4.881712;794;3.166939;5;3.510086;8.013788;65;1.714773
62;62010;60009;57006;7.113558E-09;0.9999999;ОС-1:;состояние1_k-11.sig;1 дополнительное:;состояние2_k-26.sig;-0.05536712;-0.0222739;4.881712;794;3.424962;308;3.566325;8.306465;385;1.45675
62;62010;60009;57006;7.113558E-09;0.9999999;ОС-1:;состояние1_k-11.sig;1 дополнительное:;состояние2_k-27.sig;-0.05536712;-0.04099664;4.881712;794;3.572797;292;3.577518;8.436472;477;1.308915
62;62010;60009;57006;7.113558E-09;0.9999999;ОС-1:;состояние1_k-11.sig;1 дополнительное:;состояние2_k-28.sig;-0.05536712;-0.04381885;4.881712;794;3.577647;27;3.560719;8.448589;384;1.304065
62;62010;60009;57006;7.113558E-09;0.9999999;ОС-1:;состояние1_k-11.sig;1 дополнительное:;состояние2_k-29.sig;-0.05536712;-0.02681667;4.881712;794;3.428263;125;3.509025;8.293284;22;1.453449
62;62010;60009;57006;7.113558E-09;0.9999999;ОС-1:;состояние1_k-11.sig;1 дополнительное:;состояние2_k-30.sig;-0.05536712;0;4.881712;794;3.129184;83;3.398629;7.995432;67;1.752527
62;62010;60009;57006;7.113558E-09;0.9999999;ОС-1:;состояние1_k-11.sig;1 дополнительное:;состояние2_k-31.sig;-0.05536712;0.0202319;4.881712;794;2.702412;173;3.284405;7.578454;157;2.1793
62;62010;60009;57006;7.113558E-09;0.9999999;ОС-1:;состояние1_k-11.sig;1 дополнительное:;состояние2_k-32.sig;-0.05536712;0.02447935;4.881712;794;2.174701;101;3.194684;7.056039;476;2.707011
62;62010;60009;57006;7.113558E-09;0.9999999;ОС-1:;состояние1_k-11.sig;1 дополнительное:;состояние2_k-33.sig;-0.05536712;0.01630601;4.881712;794;1.58715;670;3.41764;5.187959;485;3.294562
62;62010;60009;57006;7.113558E-09;0.9999999;ОС-1:;состояние1_k-11.sig;1 дополнительное:;состояние2_k-34.sig;-0.05536712;0.005978763;4.881712;794;0.994159;353;3.11149;5.875213;294;3.887553
62;62010;60009;57006;7.113558E-09;0.9999999;ОС-1:;состояние1_k-11.sig;1 дополнительное:;состояние2_k-35.sig;-0.05536712;0;4.881712;794;0.5193999;113;3.111758;5.393362;113;4.362312
62;62010;60009;57006;7.113558E-09;0.9999999;ОС-1:;состояние1_k-11.sig;1 дополнительное:;состояние2_k-36.sig;-0.05536712;-0.00260723;4.881712;794;0.5468189;0;3.124419;5.422132;430;4.334893
62;62010;60009;57006;7.113558E-09;0.9999999;ОС-1:;состояние1_k-11.sig;1 дополнительное:;состояние2_k-37.sig;-0.05536712;-0.005278673;4.881712;794;0.9241601;701;3.148615;5.799279;66;3.957552
62;62010;60009;57006;7.113558E-09;0.9999999;ОС-1:;состояние1_k-11.sig;1 дополнительное:;состояние2_k-38.sig;-0.05536712;-0.007825308;4.881712;794;1.276522;127;3.177728;6.151559;430;3.60519
62;62010;60009;57006;7.113558E-09;0.9999999;ОС-1:;состояние1_k-11.sig;1 дополнительное:;состояние2_k-39.sig;-0.05536712;-0.006636892;4.881712;794;1.524328;18;3.203779;6.392288;339;3.357384
62;62010;60009;57006;7.113558E-09;0.9999999;ОС-1:;состояние1_k-11.sig;1 дополнительное:;состояние2_k-40.sig;-0.05536712;-4.470348E-10;4.881712;794;1.641473;14;3.213328;6.513978;702;3.240239
62;62010;60009;57006;7.113558E-09;0.9999999;ОС-1:;состояние1_k-12.sig;1 дополнительное:;состояние2_k-21.sig;-0.05871879;0.0224329;5.220154;217;2.723364;167;3.542481;7.898565;382;2.49679
62;62010;60009;57006;7.113558E-09;0.9999999;ОС-1:;состояние1_k-12.sig;1 дополнительное:;состояние2_k-22.sig;-0.05871879;0.02952295;5.220154;217;2.536714;110;3.521617;7.752221;133;2.68344
62;62010;60009;57006;7.113558E-09;0.9999999;ОС-1:;состояние1_k-12.sig;1 дополнительное:;состояние2_k-23.sig;-0.05871879;0.02626609;5.220154;217;2.609944;58;3.539942;7.826646;384;2.61021
62;62010;60009;57006;7.113558E-09;0.9999999;ОС-1:;состояние1_k-12.sig;1 дополнительное:;состояние2_k-24.sig;-0.05871879;0.01663156;5.220154;217;2.861297;10;3.756538;8.063617;176;2.358857
62;62010;60009;57006;7.113558E-09;0.9999999;ОС-1:;состояние1_k-12.sig;1 дополнительное:;состояние2_k-25.sig;-0.05871879;0;5.220154;217;3.166939;5;3.66132;8.354251;385;2.053215
62;62010;60009;57006;7.113558E-09;0.9999999;ОС-1:;состояние1_k-12.sig;1 дополнительное:;состояние2_k-26.sig;-0.05871879;-0.0222739;5.220154;217;3.424962;308;3.722801;8.612157;135;1.795192
62;62010;60009;57006;7.113558E-09;0.9999999;ОС-1:;состояние1_k-12.sig;1 дополнительное:;состояние2_k-27.sig;-0.05871879;-0.04099664;5.220154;217;3.572797;292;3.760484;8.779543;51;1.647357
62;62010;60009;57006;7.113558E-09;0.9999999;ОС-1:;состояние1_k-12.sig;1 дополнительное:;состояние2_k-28.sig;-0.05871879;-0.04381885;5.220154;217;3.577647;27;3.711385;8.469852;46;1.642507
62;62010;60009;57006;7.113558E-09;0.9999999;ОС-1:;состояние1_k-12.sig;1 дополнительное:;состояние2_k-29.sig;-0.05871879;-0.02681667;5.220154;217;3.428263;125;3.723687;8.63768;384;1.791891
62;62010;60009;57006;7.113558E-09;0.9999999;ОС-1:;состояние1_k-12.sig;1 дополнительное:;состояние2_k-30.sig;-0.05871879;0;5.220154;217;3.129184;83;3.680767;8.348177;300;2.09097
62;62010;60009;57006;7.113558E-09;0.9999999;ОС-1:;состояние1_k-12.sig;1 дополнительное:;состояние2_k-31.sig;-0.05871879;0.0202319;5.220154;217;2.702412;173;3.575854;7.916253;592;2.517743
62;62010;60009;57006;7.113558E-09;0.9999999;ОС-1:;состояние1_k-12.sig;1 дополнительное:;состояние2_k-32.sig;-0.05871879;0.02447935;5.220154;217;2.174701;101;3.460985;7.370067;8;3.045454
62;62010;60009;57006;7.113558E-09;0.9999999;ОС-1:;состояние1_k-12.sig;1 дополнительное:;состояние2_k-33.sig;-0.05871879;0.01630601;5.220154;217;1.58715;670;3.367516;6.786829;716;3.633005
62;62010;60009;57006;7.113558E-09;0.9999999;ОС-1:;состояние1_k-12.sig;1 дополнительное:;состояние2_k-34.sig;-0.05871879;0.005978763;5.220154;217;0.994159;353;3.324048;6.202962;133;4.225995
62;62010;60009;57006;7.113558E-09;0.9999999;ОС-1:;состояние1_k-12.sig;1 дополнительное:;состояние2_k-35.sig;-0.05871879;0;5.220154;217;0.5193999;113;3.32136;5.737609;342;4.700754
62;62010;60009;57006;7.113558E-09;0.9999999;ОС-1:;состояние1_k-12.sig;1 дополнительное:;состояние2_k-36.sig;-0.05871879;-0.00260723;5.220154;217;0.5468189;0;3.395303;5.276779;88;4.673336
62;62010;60009;57006;7.113558E-09;0.9999999;ОС-1:;состояние1_k-12.sig;1 дополнительное:;состояние2_k-37.sig;-0.05871879;-0.005278673;5.220154;217;0.9241601;701;3.356913;6.136046;633;4.295994
62;62010;60009;57006;7.113558E-09;0.9999999;ОС-1:;состояние1_k-12.sig;1 дополнительное:;состояние2_k-38.sig;-0.05871879;-0.007825308;5.220154;217;1.276522;127;3.371813;6.486757;259;3.943632
62;62010;60009;57006;7.113558E-09;0.9999999;ОС-1:;состояние1_k-12.sig;1 дополнительное:;состояние2_k-39.sig;-0.05871879;-0.006636892;5.220154;217;1.524328;18;3.38988;6.740575;467;3.695826
62;62010;60009;57006;7.113558E-09;0.9999999;ОС-1:;состояние1_k-12.sig;1 дополнительное:;состояние2_k-40.sig;-0.05871879;-4.470348E-10;5.220154;217;1.641473;14;3.403141;6.821158;51;3.578681
62;62010;60009;57006;7.113558E-09;0.9999999;ОС-1:;состояние1_k-13.sig;1 дополнительное:;состояние2_k-21.sig;-0.02617164;0.0224329;5.425741;190;2.723364;167;3.597787;8.133356;190;2.702377
62;62010;60009;57006;7.113558E-09;0.9999999;ОС-1:;состояние1_k-13.sig;1 дополнительное:;состояние2_k-22.sig;-0.02617164;0.02952295;5.425741;190;2.536714;110;3.594065;7.952463;383;2.889027
62;62010;60009;57006;7.113558E-09;0.9999999;ОС-1:;состояние1_k-13.sig;1 дополнительное:;состояние2_k-23.sig;-0.02617164;0.02626609;5.425741;190;2.609944;58;3.642056;8.033498;36;2.815797
62;62010;60009;57006;7.113558E-09;0.9999999;ОС-1:;состояние1_k-13.sig;1 дополнительное:;состояние2_k-24.sig;-0.02617164;0.01663156;5.425741;190;2.861297;10;3.729452;8.272305;114;2.564444
62;62010;60009;57006;7.113558E-09;0.9999999;ОС-1:;состояние1_k-13.sig;1 дополнительное:;состояние2_k-25.sig;-0.02617164;0;5.425741;190;3.166939;5;3.776908;8.568561;345;2.258802
62;62010;60009;57006;7.113558E-09;0.9999999;ОС-1:;состояние1_k-13.sig;1 дополнительное:;состояние2_k-26.sig;-0.02617164;-0.0222739;5.425741;190;3.424962;308;3.960294;8.760578;615;2.000779
62;62010;60009;57006;7.113558E-09;0.9999999;ОС-1:;состояние1_k-13.sig;1 дополнительное:;состояние2_k-27.sig;-0.02617164;-0.04099664;5.425741;190;3.572797;292;3.815975;8.976934;421;1.852944
62;62010;60009;57006;7.113558E-09;0.9999999;ОС-1:;состояние1_k-13.sig;1 дополнительное:;состояние2_k-28.sig;-0.02617164;-0.04381885;5.425741;190;3.577647;27;3.809338;8.999517;652;1.848094
62;62010;60009;57006;7.113558E-09;0.9999999;ОС-1:;состояние1_k-13.sig;1 дополнительное:;состояние2_k-29.sig;-0.02617164;-0.02681667;5.425741;190;3.428263;125;3.790733;8.83788;228;1.997478
62;62010;60009;57006;7.113558E-09;0.9999999;ОС-1:;состояние1_k-13.sig;1 дополнительное:;состояние2_k-30.sig;-0.02617164;0;5.425741;190;3.129184;83;3.759413;8.546231;383;2.296557
62;62010;60009;57006;7.113558E-09;0.9999999;ОС-1:;состояние1_k-13.sig;1 дополнительное:;состояние2_k-31.sig;-0.02617164;0.0202319;5.425741;190;2.702412;173;3.690344;8.109293;189;2.72333
62;62010;60009;57006;7.113558E-09;0.9999999;ОС-1:;состояние1_k-13.sig;1 дополнительное:;состояние2_k-32.sig;-0.02617164;0.02447935;5.425741;190;2.174701;101;3.595515;7.594909;382;3.25104
62;62010;60009;57006;7.113558E-09;0.9999999;ОС-1:;состояние1_k-13.sig;1 дополнительное:;состояние2_k-33.sig;-0.02617164;0.01630601;5.425741;190;1.58715;670;3.517243;7.001753;306;3.838592
62;62010;60009;57006;7.113558E-09;0.9999999;ОС-1:;состояние1_k-13.sig;1 дополнительное:;состояние2_k-34.sig;-0.02617164;0.005978763;5.425741;190;0.994159;353;3.459946;6.414466;382;4.431582
62;62010;60009;57006;7.113558E-09;0.9999999;ОС-1:;состояние1_k-13.sig;1 дополнительное:;состояние2_k-35.sig;-0.02617164;0;5.425741;190;0.5193999;113;3.438908;5.936426;498;4.906342
62;62010;60009;57006;7.113558E-09;0.9999999;ОС-1:;состояние1_k-13.sig;1 дополнительное:;состояние2_k-36.sig;-0.02617164;-0.00260723;5.425741;190;0.5468189;0;3.453904;5.965064;305;4.878922
62;62010;60009;57006;7.113558E-09;0.9999999;ОС-1:;состояние1_k-13.sig;1 дополнительное:;состояние2_k-37.sig;-0.02617164;-0.005278673;5.425741;190;0.9241601;701;3.482082;6.3458;498;4.501581
62;62010;60009;57006;7.113558E-09;0.9999999;ОС-1:;состояние1_k-13.sig;1 дополнительное:;состояние2_k-38.sig;-0.02617164;-0.007825308;5.425741;190;1.276522;127;3.499629;6.690668;74;4.149219
62;62010;60009;57006;7.113558E-09;0.9999999;ОС-1:;состояние1_k-13.sig;1 дополнительное:;состояние2_k-39.sig;-0.02617164;-0.006636892;5.425741;190;1.524328;18;3.472814;6.583151;340;3.901413
62;62010;60009;57006;7.113558E-09;0.9999999;ОС-1:;состояние1_k-13.sig;1 дополнительное:;состояние2_k-40.sig;-0.02617164;-4.470348E-10;5.425741;190;1.641473;14;3.5033;7.068081;652;3.784268
62;62010;60009;57006;7.113558E-09;0.9999999;ОС-1:;состояние1_k-14.sig;1 дополнительное:;состояние2_k-21.sig;0.00271479;0.0224329;5.480681;167;2.723364;167;3.646569;8.204044;667;2.757317
62;62010;60009;57006;7.113558E-09;0.9999999;ОС-1:;состояние1_k-14.sig;1 дополнительное:;состояние2_k-22.sig;0.00271479;0.02952295;5.480681;167;2.536714;110;3.595868;7.979195;202;2.943967
62;62010;60009;57006;7.113558E-09;0.9999999;ОС-1:;состояние1_k-14.sig;1 дополнительное:;состояние2_k-23.sig;0.00271479;0.02626609;5.480681;167;2.609944;58;3.631083;8.087996;167;2.870737
62;62010;60009;57006;7.113558E-09;0.9999999;ОС-1:;состояние1_k-14.sig;1 дополнительное:;состояние2_k-24.sig;0.00271479;0.01663156;5.480681;167;2.861297;10;3.704985;8.336257;239;2.619384
62;62010;60009;57006;7.113558E-09;0.9999999;ОС-1:;состояние1_k-14.sig;1 дополнительное:;состояние2_k-25.sig;0.00271479;0;5.480681;167;3.166939;5;3.790214;8.632777;25;2.313742
62;62010;60009;57006;7.113558E-09;0.9999999;ОС-1:;состояние1_k-14.sig;1 дополнительное:;состояние2_k-26.sig;0.00271479;-0.0222739;5.480681;167;3.424962;308;3.860024;8.891461;96;2.055719
62;62010;60009;57006;7.113558E-09;0.9999999;ОС-1:;состояние1_k-14.sig;1 дополнительное:;состояние2_k-27.sig;0.00271479;-0.04099664;5.480681;167;3.572797;292;3.868689;9.039332;774;1.907884
62;62010;60009;57006;7.113558E-09;0.9999999;ОС-1:;состояние1_k-14.sig;1 дополнительное:;состояние2_k-28.sig;0.00271479;-0.04381885;5.480681;167;3.577647;27;3.973793;8.935165;419;1.903034
62;62010;60009;57006;7.113558E-09;0.9999999;ОС-1:;состояние1_k-14.sig;1 дополнительное:;состояние2_k-29.sig;0.00271479;-0.02681667;5.480681;167;3.428263;125;3.790264;8.898506;453;2.052418
62;62010;60009;57006;7.113558E-09;0.9999999;ОС-1:;состояние1_k-14.sig;1 дополнительное:;состояние2_k-30.sig;0.00271479;0;5.480681;167;3.129184;83;3.751043;8.595249;167;2.351496
62;62010;60009;57006;7.113558E-09;0.9999999;ОС-1:;состояние1_k-14.sig;1 дополнительное:;состояние2_k-31.sig;0.00271479;0.0202319;5.480681;167;2.702412;173;3.681818;8.182341;560;2.778269
62;62010;60009;57006;7.113558E-09;0.9999999;ОС-1:;состояние1_k-14.sig;1 дополнительное:;состояние2_k-32.sig;0.00271479;0.02447935;5.480681;167;2.174701;101;3.615427;7.641347;132;3.30598
62;62010;60009;57006;7.113558E-09;0.9999999;ОС-1:;состояние1_k-14.sig;1 дополнительное:;состояние2_k-33.sig;0.00271479;0.01630601;5.480681;167;1.58715;670;3.542305;7.062567;488;3.893531
62;62010;60009;57006;7.113558E-09;0.9999999;ОС-1:;состояние1_k-14.sig;1 дополнительное:;состояние2_k-34.sig;0.00271479;0.005978763;5.480681;167;0.994159;353;3.487972;6.45819;59;4.486522
62;62010;60009;57006;7.113558E-09;0.9999999;ОС-1:;состояние1_k-14.sig;1 дополнительное:;состояние2_k-35.sig;0.00271479;0;5.480681;167;0.5193999;113;3.463656;5.921395;668;4.961281
62;62010;60009;57006;7.113558E-09;0.9999999;ОС-1:;состояние1_k-14.sig;1 дополнительное:;состояние2_k-36.sig;0.00271479;-0.00260723;5.480681;167;0.5468189;0;3.467475;6.02626;417;4.933862
62;62010;60009;57006;7.113558E-09;0.9999999;ОС-1:;состояние1_k-14.sig;1 дополнительное:;состояние2_k-37.sig;0.00271479;-0.005278673;5.480681;167;0.9241601;701;3.489711;6.388184;309;4.556521
62;62010;60009;57006;7.113558E-09;0.9999999;ОС-1:;состояние1_k-14.sig;1 дополнительное:;состояние2_k-38.sig;0.00271479;-0.007825308;5.480681;167;1.276522;127;3.519932;6.746891;167;4.204159
62;62010;60009;57006;7.113558E-09;0.9999999;ОС-1:;состояние1_k-14.sig;1 дополнительное:;состояние2_k-39.sig;0.00271479;-0.006636892;5.480681;167;1.524328;18;3.550081;6.997254;595;3.956353
62;62010;60009;57006;7.113558E-09;0.9999999;ОС-1:;состояние1_k-14.sig;1 дополнительное:;состояние2_k-40.sig;0.00271479;-4.470348E-10;5.480681;167;1.641473;14;3.566233;7.11572;489;3.839208
62;62010;60009;57006;7.113558E-09;0.9999999;ОС-1:;состояние1_k-15.sig;1 дополнительное:;состояние2_k-21.sig;0;0.0224329;5.37735;147;2.723364;167;3.612609;7.914356;312;2.653986
62;62010;60009;57006;7.113558E-09;0.9999999;ОС-1:;состояние1_k-15.sig;1 дополнительное:;состояние2_k-22.sig;0;0.02952295;5.37735;147;2.536714;110;3.558459;7.905432;247;2.840636
62;62010;60009;57006;7.113558E-09;0.9999999;ОС-1:;состояние1_k-15.sig;1 дополнительное:;состояние2_k-23.sig;0;0.02626609;5.37735;147;2.609944;58;3.577989;7.980163;80;2.767406
62;62010;60009;57006;7.113558E-09;0.9999999;ОС-1:;состояние1_k-15.sig;1 дополнительное:;состояние2_k-24.sig;0;0.01663156;5.37735;147;2.861297;10;3.651741;8.239242;614;2.516053
62;62010;60009;57006;7.113558E-09;0.9999999;ОС-1:;состояние1_k-15.sig;1 дополнительное:;состояние2_k-25.sig;0;0;5.37735;147;3.166939;5;3.695147;8.480164;46;2.210411
62;62010;60009;57006;7.113558E-09;0.9999999;ОС-1:;состояние1_k-15.sig;1 дополнительное:;состояние2_k-26.sig;0;-0.0222739;5.37735;147;3.424962;308;3.799709;8.796344;481;1.952388
62;62010;60009;57006;7.113558E-09;0.9999999;ОС-1:;состояние1_k-15.sig;1 дополнительное:;состояние2_k-27.sig;0;-0.04099664;5.37735;147;3.572797;292;3.868245;8.947395;14;1.804553
62;62010;60009;57006;7.113558E-09;0.9999999;ОС-1:;состояние1_k-15.sig;1 дополнительное:;состояние2_k-28.sig;0;-0.04381885;5.37735;147;3.577647;27;3.850085;8.939118;81;1.799703
62;62010;60009;57006;7.113558E-09;0.9999999;ОС-1:;состояние1_k-15.sig;1 дополнительное:;состояние2_k-29.sig;0;-0.02681667;5.37735;147;3.428263;125;3.785306;8.798409;280;1.949086
62;62010;60009;57006;7.113558E-09;0.9999999;ОС-1:;состояние1_k-15.sig;1 дополнительное:;состояние2_k-30.sig;0;0;5.37735;147;3.129184;83;3.821857;8.391672;49;2.248165
62;62010;60009;57006;7.113558E-09;0.9999999;ОС-1:;состояние1_k-15.sig;1 дополнительное:;состояние2_k-31.sig;0;0.0202319;5.37735;147;2.702412;173;3.611713;8.058959;480;2.674938
62;62010;60009;57006;7.113558E-09;0.9999999;ОС-1:;состояние1_k-15.sig;1 дополнительное:;состояние2_k-32.sig;0;0.02447935;5.37735;147;2.174701;101;3.557108;7.535637;148;3.202649
62;62010;60009;57006;7.113558E-09;0.9999999;ОС-1:;состояние1_k-15.sig;1 дополнительное:;состояние2_k-33.sig;0;0.01630601;5.37735;147;1.58715;670;3.502403;6.937141;413;3.7902
62;62010;60009;57006;7.113558E-09;0.9999999;ОС-1:;состояние1_k-15.sig;1 дополнительное:;состояние2_k-34.sig;0;0.005978763;5.37735;147;0.994159;353;3.45477;6.371227;647;4.383191
62;62010;60009;57006;7.113558E-09;0.9999999;ОС-1:;состояние1_k-15.sig;1 дополнительное:;состояние2_k-35.sig;0;0;5.37735;147;0.5193999;113;3.433014;5.884957;14;4.85795
62;62010;60009;57006;7.113558E-09;0.9999999;ОС-1:;состояние1_k-15.sig;1 дополнительное:;состояние2_k-36.sig;0;-0.00260723;5.37735;147;0.5468189;0;3.431652;5.923983;14;4.830531
62;62010;60009;57006;7.113558E-09;0.9999999;ОС-1:;состояние1_k-15.sig;1 дополнительное:;состояние2_k-37.sig;0;-0.005278673;5.37735;147;0.9241601;701;3.445698;6.301469;147;4.45319
62;62010;60009;57006;7.113558E-09;0.9999999;ОС-1:;состояние1_k-15.sig;1 дополнительное:;состояние2_k-38.sig;0;-0.007825308;5.37735;147;1.276522;127;3.466142;6.652774;614;4.100827
62;62010;60009;57006;7.113558E-09;0.9999999;ОС-1:;состояние1_k-15.sig;1 дополнительное:;состояние2_k-39.sig;0;-0.006636892;5.37735;147;1.524328;18;3.486128;6.861114;415;3.853022
62;62010;60009;57006;7.113558E-09;0.9999999;ОС-1:;состояние1_k-15.sig;1 дополнительное:;состояние2_k-40.sig;0;-4.470348E-10;5.37735;147;1.641473;14;3.507967;7.018705;114;3.735877
62;62010;60009;57006;7.113558E-09;0.9999999;ОС-1:;состояние1_k-16.sig;1 дополнительное:;состояние2_k-21.sig;-0.029326;0.0224329;5.120739;5;2.723364;167;3.510759;7.844064;786;2.397375
62;62010;60009;57006;7.113558E-09;0.9999999;ОС-1:;состояние1_k-16.sig;1 дополнительное:;состояние2_k-22.sig;-0.029326;0.02952295;5.120739;5;2.536714;110;3.429953;7.65165;474;2.584024
62;62010;60009;57006;7.113558E-09;0.9999999;ОС-1:;состояние1_k-16.sig;1 дополнительное:;состояние2_k-23.sig;-0.029326;0.02626609;5.120739;5;2.609944;58;3.415712;7.728946;536;2.510795
62;62010;60009;57006;7.113558E-09;0.9999999;ОС-1:;состояние1_k-16.sig;1 дополнительное:;состояние2_k-24.sig;-0.029326;0.01663156;5.120739;5;2.861297;10;3.404605;7.627581;70;2.259442
62;62010;60009;57006;7.113558E-09;0.9999999;ОС-1:;состояние1_k-16.sig;1 дополнительное:;состояние2_k-25.sig;-0.029326;0;5.120739;5;3.166939;5;3.548713;8.287678;505;1.953799
62;62010;60009;57006;7.113558E-09;0.9999999;ОС-1:;состояние1_k-16.sig;1 дополнительное:;состояние2_k-26.sig;-0.029326;-0.0222739;5.120739;5;3.424962;308;3.669376;8.529943;443;1.695776
62;62010;60009;57006;7.113558E-09;0.9999999;ОС-1:;состояние1_k-16.sig;1 дополнительное:;состояние2_k-27.sig;-0.029326;-0.04099664;5.120739;5;3.572797;292;3.737893;8.69348;755;1.547942
62;62010;60009;57006;7.113558E-09;0.9999999;ОС-1:;состояние1_k-16.sig;1 дополнительное:;состояние2_k-28.sig;-0.029326;-0.04381885;5.120739;5;3.577647;27;3.738839;8.678783;98;1.543092
62;62010;60009;57006;7.113558E-09;0.9999999;ОС-1:;состояние1_k-16.sig;1 дополнительное:;состояние2_k-29.sig;-0.029326;-0.02681667;5.120739;5;3.428263;125;3.673889;8.523657;4;1.692475
62;62010;60009;57006;7.113558E-09;0.9999999;ОС-1:;состояние1_k-16.sig;1 дополнительное:;состояние2_k-30.sig;-0.029326;0;5.120739;5;3.129184;83;3.591963;8.232133;67;1.991554
62;62010;60009;57006;7.113558E-09;0.9999999;ОС-1:;состояние1_k-16.sig;1 дополнительное:;состояние2_k-31.sig;-0.029326;0.0202319;5.120739;5;2.702412;173;3.477407;7.822659;786;2.418327
62;62010;60009;57006;7.113558E-09;0.9999999;ОС-1:;состояние1_k-16.sig;1 дополнительное:;состояние2_k-32.sig;-0.029326;0.02447935;5.120739;5;2.174701;101;3.477144;7.198721;100;2.946038
62;62010;60009;57006;7.113558E-09;0.9999999;ОС-1:;состояние1_k-16.sig;1 дополнительное:;состояние2_k-33.sig;-0.029326;0.01630601;5.120739;5;1.58715;670;3.343383;6.695399;443;3.533589
62;62010;60009;57006;7.113558E-09;0.9999999;ОС-1:;состояние1_k-16.sig;1 дополнительное:;состояние2_k-34.sig;-0.029326;0.005978763;5.120739;5;0.994159;353;3.311189;6.099805;411;4.126579
62;62010;60009;57006;7.113558E-09;0.9999999;ОС-1:;состояние1_k-16.sig;1 дополнительное:;состояние2_k-35.sig;-0.029326;0;5.120739;5;0.5193999;113;3.290008;5.636083;599;4.601338
62;62010;60009;57006;7.113558E-09;0.9999999;ОС-1:;состояние1_k-16.sig;1 дополнительное:;состояние2_k-36.sig;-0.029326;-0.00260723;5.120739;5;0.5468189;0;3.289762;5.650237;223;4.57392
62;62010;60009;57006;7.113558E-09;0.9999999;ОС-1:;состояние1_k-16.sig;1 дополнительное:;состояние2_k-37.sig;-0.029326;-0.005278673;5.120739;5;0.9241601;701;3.312383;6.044795;255;4.196579
62;62010;60009;57006;7.113558E-09;0.9999999;ОС-1:;состояние1_k-16.sig;1 дополнительное:;состояние2_k-38.sig;-0.029326;-0.007825308;5.120739;5;1.276522;127;3.342269;6.385781;193;3.844216
62;62010;60009;57006;7.113558E-09;0.9999999;ОС-1:;состояние1_k-16.sig;1 дополнительное:;состояние2_k-39.sig;-0.029326;-0.006636892;5.120739;5;1.524328;18;3.356387;6.643763;5;3.59641
62;62010;60009;57006;7.113558E-09;0.9999999;ОС-1:;состояние1_k-16.sig;1 дополнительное:;состояние2_k-40.sig;-0.029326;-4.470348E-10;5.120739;5;1.641473;14;3.337904;6.608822;3;3.479266
62;62010;60009;57006;7.113558E-09;0.9999999;ОС-1:;состояние1_k-17.sig;1 дополнительное:;состояние2_k-21.sig;-0.05670741;0.0224329;4.726849;703;2.723364;167;3.359799;7.44794;262;2.003485
62;62010;60009;57006;7.113558E-09;0.9999999;ОС-1:;состояние1_k-17.sig;1 дополнительное:;состояние2_k-22.sig;-0.05670741;0.02952295;4.726849;703;2.536714;110;3.23888;7.247237;792;2.190135
62;62010;60009;57006;7.113558E-09;0.9999999;ОС-1:;состояние1_k-17.sig;1 дополнительное:;состояние2_k-23.sig;-0.05670741;0.02626609;4.726849;703;2.609944;58;3.191904;7.318343;145;2.116905
62;62010;60009;57006;7.113558E-09;0.9999999;ОС-1:;состояние1_k-17.sig;1 дополнительное:;состояние2_k-24.sig;-0.05670741;0.01663156;4.726849;703;2.861297;10;3.20353;7.573198;114;1.865552
62;62010;60009;57006;7.113558E-09;0.9999999;ОС-1:;состояние1_k-17.sig;1 дополнительное:;состояние2_k-25.sig;-0.05670741;0;4.726849;703;3.166939;5;3.268266;7.89048;85;1.55991
62;62010;60009;57006;7.113558E-09;0.9999999;ОС-1:;состояние1_k-17.sig;1 дополнительное:;состояние2_k-26.sig;-0.05670741;-0.0222739;4.726849;703;3.424962;308;3.367611;8.135033;173;1.301887
62;62010;60009;57006;7.113558E-09;0.9999999;ОС-1:;состояние1_k-17.sig;1 дополнительное:;состояние2_k-27.sig;-0.05670741;-0.04099664;4.726849;703;3.572797;292;3.4689;8.297767;144;1.154052
62;62010;60009;57006;7.113558E-09;0.9999999;ОС-1:;состояние1_k-17.sig;1 дополнительное:;состояние2_k-28.sig;-0.05670741;-0.04381885;4.726849;703;3.577647;27;3.533987;8.298464;27;1.149202
62;62010;60009;57006;7.113558E-09;0.9999999;ОС-1:;состояние1_k-17.sig;1 дополнительное:;состояние2_k-29.sig;-0.05670741;-0.02681667;4.726849;703;3.428263;125;3.4846;8.123709;349;1.298586
62;62010;60009;57006;7.113558E-09;0.9999999;ОС-1:;состояние1_k-17.sig;1 дополнительное:;состояние2_k-30.sig;-0.05670741;0;4.726849;703;3.129184;83;3.374489;7.846629;233;1.597665
62;62010;60009;57006;7.113558E-09;0.9999999;ОС-1:;состояние1_k-17.sig;1 дополнительное:;состояние2_k-31.sig;-0.05670741;0.0202319;4.726849;703;2.702412;173;3.265049;7.420329;350;2.024437
62;62010;60009;57006;7.113558E-09;0.9999999;ОС-1:;состояние1_k-17.sig;1 дополнительное:;состояние2_k-32.sig;-0.05670741;0.02447935;4.726849;703;2.174701;101;3.169574;6.890439;585;2.552148
62;62010;60009;57006;7.113558E-09;0.9999999;ОС-1:;состояние1_k-17.sig;1 дополнительное:;состояние2_k-33.sig;-0.05670741;0.01630601;4.726849;703;1.58715;670;3.089944;6.311146;291;3.139699
62;62010;60009;57006;7.113558E-09;0.9999999;ОС-1:;состояние1_k-17.sig;1 дополнительное:;состояние2_k-34.sig;-0.05670741;0.005978763;4.726849;703;0.994159;353;3.058018;5.615314;322;3.73269
62;62010;60009;57006;7.113558E-09;0.9999999;ОС-1:;состояние1_k-17.sig;1 дополнительное:;состояние2_k-35.sig;-0.05670741;0;4.726849;703;0.5193999;113;3.022286;5.239325;85;4.207449
62;62010;60009;57006;7.113558E-09;0.9999999;ОС-1:;состояние1_k-17.sig;1 дополнительное:;состояние2_k-36.sig;-0.05670741;-0.00260723;4.726849;703;0.5468189;0;3.021455;5.271222;556;4.18003
62;62010;60009;57006;7.113558E-09;0.9999999;ОС-1:;состояние1_k-17.sig;1 дополнительное:;состояние2_k-37.sig;-0.05670741;-0.005278673;4.726849;703;0.9241601;701;3.045121;5.646382;174;3.802689
62;62010;60009;57006;7.113558E-09;0.9999999;ОС-1:;состояние1_k-17.sig;1 дополнительное:;состояние2_k-38.sig;-0.05670741;-0.007825308;4.726849;703;1.276522;127;3.082474;5.996457;732;3.450327
62;62010;60009;57006;7.113558E-09;0.9999999;ОС-1:;состояние1_k-17.sig;1 дополнительное:;состояние2_k-39.sig;-0.05670741;-0.006636892;4.726849;703;1.524328;18;3.118212;6.241774;56;3.202521
62;62010;60009;57006;7.113558E-09;0.9999999;ОС-1:;состояние1_k-17.sig;1 дополнительное:;состояние2_k-40.sig;-0.05670741;-4.470348E-10;4.726849;703;1.641473;14;3.132504;6.367028;527;3.085376
62;62010;60009;57006;7.113558E-09;0.9999999;ОС-1:;состояние1_k-18.sig;1 дополнительное:;состояние2_k-21.sig;-0.05802104;0.0224329;4.226849;46;2.723364;167;3.173109;6.90099;47;1.503485
62;62010;60009;57006;7.113558E-09;0.9999999;ОС-1:;состояние1_k-18.sig;1 дополнительное:;состояние2_k-22.sig;-0.05802104;0.02952295;4.226849;46;2.536714;110;3.017822;6.746482;19;1.690134
62;62010;60009;57006;7.113558E-09;0.9999999;ОС-1:;состояние1_k-18.sig;1 дополнительное:;состояние2_k-23.sig;-0.05802104;0.02626609;4.226849;46;2.609944;58;2.947909;6.823648;602;1.616905
62;62010;60009;57006;7.113558E-09;0.9999999;ОС-1:;состояние1_k-18.sig;1 дополнительное:;состояние2_k-24.sig;-0.05802104;0.01663156;4.226849;46;2.861297;10;2.949135;7.059203;323;1.365552
62;62010;60009;57006;7.113558E-09;0.9999999;ОС-1:;состояние1_k-18.sig;1 дополнительное:;состояние2_k-25.sig;-0.05802104;0;4.226849;46;3.166939;5;2.984982;7.393405;685;1.05991
62;62010;60009;57006;7.113558E-09;0.9999999;ОС-1:;состояние1_k-18.sig;1 дополнительное:;состояние2_k-26.sig;-0.05802104;-0.0222739;4.226849;46;3.424962;308;3.066715;7.63935;212;0.8018866
62;62010;60009;57006;7.113558E-09;0.9999999;ОС-1:;состояние1_k-18.sig;1 дополнительное:;состояние2_k-27.sig;-0.05802104;-0.04099664;4.226849;46;3.572797;292;3.073873;7.518076;71;0.6540518
62;62010;60009;57006;7.113558E-09;0.9999999;ОС-1:;состояние1_k-18.sig;1 дополнительное:;состояние2_k-28.sig;-0.05802104;-0.04381885;4.226849;46;3.577647;27;3.198349;7.791486;241;0.6492016
62;62010;60009;57006;7.113558E-09;0.9999999;ОС-1:;состояние1_k-18.sig;1 дополнительное:;состояние2_k-29.sig;-0.05802104;-0.02681667;4.226849;46;3.428263;125;3.197247;7.634288;573;0.7985852
62;62010;60009;57006;7.113558E-09;0.9999999;ОС-1:;состояние1_k-18.sig;1 дополнительное:;состояние2_k-30.sig;-0.05802104;0;4.226849;46;3.129184;83;3.080429;7.301686;17;1.097664
62;62010;60009;57006;7.113558E-09;0.9999999;ОС-1:;состояние1_k-18.sig;1 дополнительное:;состояние2_k-31.sig;-0.05802104;0.0202319;4.226849;46;2.702412;173;2.998588;6.928079;157;1.524437
62;62010;60009;57006;7.113558E-09;0.9999999;ОС-1:;состояние1_k-18.sig;1 дополнительное:;состояние2_k-32.sig;-0.05802104;0.02447935;4.226849;46;2.174701;101;2.879233;6.393476;351;2.052148
62;62010;60009;57006;7.113558E-09;0.9999999;ОС-1:;состояние1_k-18.sig;1 дополнительное:;состояние2_k-33.sig;-0.05802104;0.01630601;4.226849;46;1.58715;670;2.789875;5.812935;185;2.639699
62;62010;60009;57006;7.113558E-09;0.9999999;ОС-1:;состояние1_k-18.sig;1 дополнительное:;состояние2_k-34.sig;-0.05802104;0.005978763;4.226849;46;0.994159;353;2.726943;5.193134;102;3.23269
62;62010;60009;57006;7.113558E-09;0.9999999;ОС-1:;состояние1_k-18.sig;1 дополнительное:;состояние2_k-35.sig;-0.05802104;0;4.226849;46;0.5193999;113;2.695903;4.743089;213;3.707449
62;62010;60009;57006;7.113558E-09;0.9999999;ОС-1:;состояние1_k-18.sig;1 дополнительное:;состояние2_k-36.sig;-0.05802104;-0.00260723;4.226849;46;0.5468189;0;2.687055;4.607962;489;3.68003
62;62010;60009;57006;7.113558E-09;0.9999999;ОС-1:;состояние1_k-18.sig;1 дополнительное:;состояние2_k-37.sig;-0.05802104;-0.005278673;4.226849;46;0.9241601;701;2.711439;5.147144;296;3.302689
62;62010;60009;57006;7.113558E-09;0.9999999;ОС-1:;состояние1_k-18.sig;1 дополнительное:;состояние2_k-38.sig;-0.05802104;-0.007825308;4.226849;46;1.276522;127;2.750414;5.497168;74;2.950326
62;62010;60009;57006;7.113558E-09;0.9999999;ОС-1:;состояние1_k-18.sig;1 дополнительное:;состояние2_k-39.sig;-0.05802104;-0.006636892;4.226849;46;1.524328;18;2.787719;5.74995;18;2.70252
62;62010;60009;57006;7.113558E-09;0.9999999;ОС-1:;состояние1_k-18.sig;1 дополнительное:;состояние2_k-40.sig;-0.05802104;-4.470348E-10;4.226849;46;1.641473;14;2.807979;5.867512;102;2.585376
62;62010;60009;57006;7.113558E-09;0.9999999;ОС-1:;состояние1_k-19.sig;1 дополнительное:;состояние2_k-21.sig;-0.03290095;0.0224329;3.671813;669;2.723364;167;2.985339;6.39151;143;0.9484489
62;62010;60009;57006;7.113558E-09;0.9999999;ОС-1:;состояние1_k-19.sig;1 дополнительное:;состояние2_k-22.sig;-0.03290095;0.02952295;3.671813;669;2.536714;110;2.803729;6.201605;406;1.135098
62;62010;60009;57006;7.113558E-09;0.9999999;ОС-1:;состояние1_k-19.sig;1 дополнительное:;состояние2_k-23.sig;-0.03290095;0.02626609;3.671813;669;2.609944;58;2.718957;6.263191;275;1.061869
62;62010;60009;57006;7.113558E-09;0.9999999;ОС-1:;состояние1_k-19.sig;1 дополнительное:;состояние2_k-24.sig;-0.03290095;0.01663156;3.671813;669;2.861297;10;2.705669;6.529865;406;0.8105159
62;62010;60009;57006;7.113558E-09;0.9999999;ОС-1:;состояние1_k-19.sig;1 дополнительное:;состояние2_k-25.sig;-0.03290095;0;3.671813;669;3.166939;5;2.735681;6.837499;485;0.5048738
62;62010;60009;57006;7.113558E-09;0.9999999;ОС-1:;состояние1_k-19.sig;1 дополнительное:;состояние2_k-26.sig;-0.03290095;-0.0222739;3.671813;669;3.424962;308;2.787844;7.089678;116;0.2468507
62;62010;60009;57006;7.113558E-09;0.9999999;ОС-1:;состояние1_k-19.sig;1 дополнительное:;состояние2_k-27.sig;-0.03290095;-0.04099664;3.671813;669;3.572797;292;2.841485;7.231559;459;0.09901595
62;62010;60009;57006;7.113558E-09;0.9999999;ОС-1:;состояние1_k-19.sig;1 дополнительное:;состояние2_k-28.sig;-0.03290095;-0.04381885;3.671813;669;3.577647;27;2.881492;7.241669;616;0.0941658
62;62010;60009;57006;7.113558E-09;0.9999999;ОС-1:;состояние1_k-19.sig;1 дополнительное:;состояние2_k-29.sig;-0.03290095;-0.02681667;3.671813;669;3.428263;125;2.882136;7.084366;142;0.2435493
62;62010;60009;57006;7.113558E-09;0.9999999;ОС-1:;состояние1_k-19.sig;1 дополнительное:;состояние2_k-30.sig;-0.03290095;0;3.671813;669;3.129184;83;2.806309;6.791357;300;0.5426283
62;62010;60009;57006;7.113558E-09;0.9999999;ОС-1:;состояние1_k-19.sig;1 дополнительное:;состояние2_k-31.sig;-0.03290095;0.0202319;3.671813;669;2.702412;173;2.703023;6.348481;11;0.9694011
62;62010;60009;57006;7.113558E-09;0.9999999;ОС-1:;состояние1_k-19.sig;1 дополнительное:;состояние2_k-32.sig;-0.03290095;0.02447935;3.671813;669;2.174701;101;2.572981;5.842383;695;1.497112
62;62010;60009;57006;7.113558E-09;0.9999999;ОС-1:;состояние1_k-19.sig;1 дополнительное:;состояние2_k-33.sig;-0.03290095;0.01630601;3.671813;669;1.58715;670;2.465061;5.256864;64;2.084663
62;62010;60009;57006;7.113558E-09;0.9999999;ОС-1:;состояние1_k-19.sig;1 дополнительное:;состояние2_k-34.sig;-0.03290095;0.005978763;3.671813;669;0.994159;353;2.38836;4.6529;721;2.677654
62;62010;60009;57006;7.113558E-09;0.9999999;ОС-1:;состояние1_k-19.sig;1 дополнительное:;состояние2_k-35.sig;-0.03290095;0;3.671813;669;0.5193999;113;2.350845;4.186343;485;3.152413
62;62010;60009;57006;7.113558E-09;0.9999999;ОС-1:;состояние1_k-19.sig;1 дополнительное:;состояние2_k-36.sig;-0.03290095;-0.00260723;3.671813;669;0.5468189;0;2.345382;4.214015;222;3.124994
62;62010;60009;57006;7.113558E-09;0.9999999;ОС-1:;состояние1_k-19.sig;1 дополнительное:;состояние2_k-37.sig;-0.03290095;-0.005278673;3.671813;669;0.9241601;701;2.362091;4.593679;485;2.747653
62;62010;60009;57006;7.113558E-09;0.9999999;ОС-1:;состояние1_k-19.sig;1 дополнительное:;состояние2_k-38.sig;-0.03290095;-0.007825308;3.671813;669;1.276522;127;2.427563;4.851723;457;2.39529
62;62010;60009;57006;7.113558E-09;0.9999999;ОС-1:;состояние1_k-19.sig;1 дополнительное:;состояние2_k-39.sig;-0.03290095;-0.006636892;3.671813;669;1.524328;18;2.440649;5.18714;274;2.147485
62;62010;60009;57006;7.113558E-09;0.9999999;ОС-1:;состояние1_k-19.sig;1 дополнительное:;состояние2_k-40.sig;-0.03290095;-4.470348E-10;3.671813;669;1.641473;14;2.468631;5.311354;64;2.03034
62;62010;60009;57006;7.113558E-09;0.9999999;ОС-1:;состояние1_k-20.sig;1 дополнительное:;состояние2_k-21.sig;0;0.0224329;3.136103;30;2.723364;167;2.830095;5.859226;405;0.4127393
62;62010;60009;57006;7.113558E-09;0.9999999;ОС-1:;состояние1_k-20.sig;1 дополнительное:;состояние2_k-22.sig;0;0.02952295;3.136103;30;2.536714;110;2.627175;5.66697;155;0.5993888
62;62010;60009;57006;7.113558E-09;0.9999999;ОС-1:;состояние1_k-20.sig;1 дополнительное:;состояние2_k-23.sig;0;0.02626609;3.136103;30;2.609944;58;2.535557;5.744102;80;0.5261593
62;62010;60009;57006;7.113558E-09;0.9999999;ОС-1:;состояние1_k-20.sig;1 дополнительное:;состояние2_k-24.sig;0;0.01663156;3.136103;30;2.861297;10;2.528237;5.982898;30;0.2748063
62;62010;60009;57006;7.113558E-09;0.9999999;ОС-1:;состояние1_k-20.sig;1 дополнительное:;состояние2_k-25.sig;0;0;3.136103;30;3.166939;5;2.559864;6.303042;5;0.03083587
62;62010;60009;57006;7.113558E-09;0.9999999;ОС-1:;состояние1_k-20.sig;1 дополнительное:;состояние2_k-26.sig;0;-0.0222739;3.136103;30;3.424962;308;2.606423;6.543414;481;0.2888589
62;62010;60009;57006;7.113558E-09;0.9999999;ОС-1:;состояние1_k-20.sig;1 дополнительное:;состояние2_k-27.sig;0;-0.04099664;3.136103;30;3.572797;292;2.645422;6.708845;255;0.4366937
62;62010;60009;57006;7.113558E-09;0.9999999;ОС-1:;состояние1_k-20.sig;1 дополнительное:;состояние2_k-28.sig;0;-0.04381885;3.136103;30;3.577647;27;2.650564;6.695914;80;0.4415438
62;62010;60009;57006;7.113558E-09;0.9999999;ОС-1:;состояние1_k-20.sig;1 дополнительное:;состояние2_k-29.sig;0;-0.02681667;3.136103;30;3.428263;125;2.62768;6.562348;280;0.2921603
62;62010;60009;57006;7.113558E-09;0.9999999;ОС-1:;состояние1_k-20.sig;1 дополнительное:;состояние2_k-30.sig;0;0;3.136103;30;3.129184;83;2.525106;6.11118;32;0.006918669
62;62010;60009;57006;7.113558E-09;0.9999999;ОС-1:;состояние1_k-20.sig;1 дополнительное:;состояние2_k-31.sig;0;0.0202319;3.136103;30;2.702412;173;2.407376;5.835202;205;0.4336915
62;62010;60009;57006;7.113558E-09;0.9999999;ОС-1:;состояние1_k-20.sig;1 дополнительное:;состояние2_k-32.sig;0;0.02447935;3.136103;30;2.174701;101;2.271843;5.281011;180;0.9614024
62;62010;60009;57006;7.113558E-09;0.9999999;ОС-1:;состояние1_k-20.sig;1 дополнительное:;состояние2_k-33.sig;0;0.01630601;3.136103;30;1.58715;670;2.140871;4.722368;155;1.548954
62;62010;60009;57006;7.113558E-09;0.9999999;ОС-1:;состояние1_k-20.sig;1 дополнительное:;состояние2_k-34.sig;0;0.005978763;3.136103;30;0.994159;353;2.052854;4.123764;280;2.141944
62;62010;60009;57006;7.113558E-09;0.9999999;ОС-1:;состояние1_k-20.sig;1 дополнительное:;состояние2_k-35.sig;0;0;3.136103;30;0.5193999;113;2.010648;3.645586;55;2.616703
62;62010;60009;57006;7.113558E-09;0.9999999;ОС-1:;состояние1_k-20.sig;1 дополнительное:;состояние2_k-36.sig;0;-0.00260723;3.136103;30;0.5468189;0;2.007255;3.678089;55;2.589284
62;62010;60009;57006;7.113558E-09;0.9999999;ОС-1:;состояние1_k-20.sig;1 дополнительное:;состояние2_k-37.sig;0;-0.005278673;3.136103;30;0.9241601;701;2.027524;4.060159;755;2.211943
62;62010;60009;57006;7.113558E-09;0.9999999;ОС-1:;состояние1_k-20.sig;1 дополнительное:;состояние2_k-38.sig;0;-0.007825308;3.136103;30;1.276522;127;2.059327;4.407517;430;1.859581
62;62010;60009;57006;7.113558E-09;0.9999999;ОС-1:;состояние1_k-20.sig;1 дополнительное:;состояние2_k-39.sig;0;-0.006636892;3.136103;30;1.524328;18;2.097036;4.659128;505;1.611775
62;62010;60009;57006;7.113558E-09;0.9999999;ОС-1:;состояние1_k-20.sig;1 дополнительное:;состояние2_k-40.sig;0;-4.470348E-10;3.136103;30;1.641473;14;2.146681;4.600833;28;1.49463
